0	0	1
0	0.01	1.01005
0	0.02	1.0202
0	0.03	1.03045
0	0.04	1.04081
0	0.05	1.05127
0	0.06	1.06184
0	0.07	1.07251
0	0.08	1.08329
0	0.09	1.09417
0	0.1	1.10517
0	0.11	1.11628
0	0.12	1.1275
0	0.13	1.13883
0	0.14	1.15027
0	0.15	1.16183
0	0.16	1.17351
0	0.17	1.1853
0	0.18	1.19722
0	0.19	1.20925
0	0.2	1.2214
0	0.21	1.23368
0	0.22	1.24608
0	0.23	1.2586
0	0.24	1.27125
0	0.25	1.28403
0	0.26	1.29693
0	0.27	1.30996
0	0.28	1.32313
0	0.29	1.33643
0	0.3	1.34986
0	0.31	1.36343
0	0.32	1.37713
0	0.33	1.39097
0	0.34	1.40495
0	0.35	1.41907
0	0.36	1.43333
0	0.37	1.44773
0	0.38	1.46228
0	0.39	1.47698
0	0.4	1.49182
0	0.41	1.50682
0	0.42	1.52196
0	0.43	1.53726
0	0.44	1.55271
0	0.45	1.56831
0	0.46	1.58407
0	0.47	1.59999
0	0.48	1.61607
0	0.49	1.63232
0	0.5	1.64872
0	0.51	1.66529
0	0.52	1.68203
0	0.53	1.69893
0	0.54	1.71601
0	0.55	1.73325
0	0.56	1.75067
0	0.57	1.76827
0	0.58	1.78604
0	0.59	1.80399
0	0.6	1.82212
0	0.61	1.84043
0	0.62	1.85893
0	0.63	1.87761
0	0.64	1.89648
0	0.65	1.91554
0	0.66	1.93479
0	0.67	1.95424
0	0.68	1.97388
0	0.69	1.99372
0	0.7	2.01375
0	0.71	2.03399
0	0.72	2.05443
0	0.73	2.07508
0	0.74	2.09594
0	0.75	2.117
0	0.76	2.13828
0	0.77	2.15977
0	0.78	2.18147
0	0.79	2.2034
0	0.8	2.22554
0	0.81	2.24791
0	0.82	2.2705
0	0.83	2.29332
0	0.84	2.31637
0	0.85	2.33965
0	0.86	2.36316
0	0.87	2.38691
0	0.88	2.4109
0	0.89	2.43513
0	0.9	2.4596
0	0.91	2.48432
0	0.92	2.50929
0	0.93	2.53451
0	0.94	2.55998
0	0.95	2.58571
0	0.96	2.6117
0	0.97	2.63794
0	0.98	2.66446
0	0.99	2.69123


0.01	0	1.02483
0.01	0.01	1.02483
0.01	0.02	1.02483
0.01	0.03	1.0328
0.01	0.04	1.04229
0.01	0.05	1.05155
0.01	0.06	1.06172
0.01	0.07	1.07241
0.01	0.08	1.08327
0.01	0.09	1.09418
0.01	0.1	1.10517
0.01	0.11	1.11626
0.01	0.12	1.12746
0.01	0.13	1.13877
0.01	0.14	1.1502
0.01	0.15	1.16174
0.01	0.16	1.1734
0.01	0.17	1.18517
0.01	0.18	1.19706
0.01	0.19	1.20907
0.01	0.2	1.22121
0.01	0.21	1.23346
0.01	0.22	1.24584
0.01	0.23	1.25834
0.01	0.24	1.27097
0.01	0.25	1.28372
0.01	0.26	1.29661
0.01	0.27	1.30962
0.01	0.28	1.32276
0.01	0.29	1.33604
0.01	0.3	1.34945
0.01	0.31	1.36299
0.01	0.32	1.37667
0.01	0.33	1.39049
0.01	0.34	1.40445
0.01	0.35	1.41855
0.01	0.36	1.43279
0.01	0.37	1.44717
0.01	0.38	1.4617
0.01	0.39	1.47638
0.01	0.4	1.4912
0.01	0.41	1.50617
0.01	0.42	1.5213
0.01	0.43	1.53657
0.01	0.44	1.552
0.01	0.45	1.56758
0.01	0.46	1.58332
0.01	0.47	1.59921
0.01	0.48	1.61528
0.01	0.49	1.63149
0.01	0.5	1.64787
0.01	0.51	1.66443
0.01	0.52	1.68117
0.01	0.53	1.69805
0.01	0.54	1.71512
0.01	0.55	1.73236
0.01	0.56	1.74977
0.01	0.57	1.76736
0.01	0.58	1.78512
0.01	0.59	1.80306
0.01	0.6	1.82118
0.01	0.61	1.83948
0.01	0.62	1.85797
0.01	0.63	1.87665
0.01	0.64	1.89551
0.01	0.65	1.91456
0.01	0.66	1.93381
0.01	0.67	1.95325
0.01	0.68	1.97289
0.01	0.69	1.99273
0.01	0.7	2.01277
0.01	0.71	2.03301
0.01	0.72	2.05345
0.01	0.73	2.0741
0.01	0.74	2.09496
0.01	0.75	2.11603
0.01	0.76	2.13731
0.01	0.77	2.15881
0.01	0.78	2.18053
0.01	0.79	2.20246
0.01	0.8	2.22462
0.01	0.81	2.247
0.01	0.82	2.2696
0.01	0.83	2.29244
0.01	0.84	2.3155
0.01	0.85	2.3388
0.01	0.86	2.36233
0.01	0.87	2.3861
0.01	0.88	2.41011
0.01	0.89	2.43437
0.01	0.9	2.45886
0.01	0.91	2.48354
0.01	0.92	2.50835
0.01	0.93	2.53356
0.01	0.94	2.55973
0.01	0.95	2.58832
0.01	0.96	2.6178
0.01	0.97	2.64951
0.01	0.98	2.64951
0.01	0.99	2.64951


0.02	0	1.03096
0.02	0.01	1.03096
0.02	0.02	1.03096
0.02	0.03	1.03718
0.02	0.04	1.04762
0.02	0.05	1.05629
0.02	0.06	1.06522
0.02	0.07	1.07429
0.02	0.08	1.08384
0.02	0.09	1.0941
0.02	0.1	1.10493
0.02	0.11	1.11601
0.02	0.12	1.12727
0.02	0.13	1.13858
0.02	0.14	1.14996
0.02	0.15	1.16144
0.02	0.16	1.17304
0.02	0.17	1.18475
0.02	0.18	1.19658
0.02	0.19	1.20854
0.02	0.2	1.22061
0.02	0.21	1.2328
0.02	0.22	1.24511
0.02	0.23	1.25755
0.02	0.24	1.27012
0.02	0.25	1.28281
0.02	0.26	1.29563
0.02	0.27	1.30858
0.02	0.28	1.32165
0.02	0.29	1.33487
0.02	0.3	1.34821
0.02	0.31	1.36169
0.02	0.32	1.37531
0.02	0.33	1.38906
0.02	0.34	1.40296
0.02	0.35	1.41699
0.02	0.36	1.43117
0.02	0.37	1.44549
0.02	0.38	1.45996
0.02	0.39	1.47457
0.02	0.4	1.48933
0.02	0.41	1.50424
0.02	0.42	1.5193
0.02	0.43	1.53451
0.02	0.44	1.54989
0.02	0.45	1.56541
0.02	0.46	1.58111
0.02	0.47	1.59695
0.02	0.48	1.61297
0.02	0.49	1.62911
0.02	0.5	1.64542
0.02	0.51	1.66196
0.02	0.52	1.67867
0.02	0.53	1.6955
0.02	0.54	1.71253
0.02	0.55	1.72971
0.02	0.56	1.74709
0.02	0.57	1.76463
0.02	0.58	1.78236
0.02	0.59	1.80028
0.02	0.6	1.81838
0.02	0.61	1.83666
0.02	0.62	1.85512
0.02	0.63	1.87378
0.02	0.64	1.89262
0.02	0.65	1.91166
0.02	0.66	1.9309
0.02	0.67	1.95033
0.02	0.68	1.96996
0.02	0.69	1.98979
0.02	0.7	2.00983
0.02	0.71	2.03007
0.02	0.72	2.05052
0.02	0.73	2.07118
0.02	0.74	2.09205
0.02	0.75	2.11313
0.02	0.76	2.13443
0.02	0.77	2.15595
0.02	0.78	2.17769
0.02	0.79	2.19966
0.02	0.8	2.22185
0.02	0.81	2.24426
0.02	0.82	2.26691
0.02	0.83	2.28979
0.02	0.84	2.3129
0.02	0.85	2.33626
0.02	0.86	2.35983
0.02	0.87	2.3836
0.02	0.88	2.40748
0.02	0.89	2.43161
0.02	0.9	2.45638
0.02	0.91	2.48226
0.02	0.92	2.51004
0.02	0.93	2.53954
0.02	0.94	2.56932
0.02	0.95	2.60062
0.02	0.96	2.62906
0.02	0.97	2.66407
0.02	0.98	2.66407
0.02	0.99	2.66407


0.03	0	1.03704
0.03	0.01	1.03704
0.03	0.02	1.03704
0.03	0.03	1.04127
0.03	0.04	1.05297
0.03	0.05	1.06149
0.03	0.06	1.07057
0.03	0.07	1.07952
0.03	0.08	1.08852
0.03	0.09	1.09762
0.03	0.1	1.10692
0.03	0.11	1.11666
0.03	0.12	1.1271
0.03	0.13	1.13803
0.03	0.14	1.14927
0.03	0.15	1.16076
0.03	0.16	1.17238
0.03	0.17	1.18403
0.03	0.18	1.19578
0.03	0.19	1.20763
0.03	0.2	1.21959
0.03	0.21	1.23168
0.03	0.22	1.2439
0.03	0.23	1.25623
0.03	0.24	1.2687
0.03	0.25	1.28128
0.03	0.26	1.294
0.03	0.27	1.30684
0.03	0.28	1.31982
0.03	0.29	1.33293
0.03	0.3	1.34617
0.03	0.31	1.35954
0.03	0.32	1.37306
0.03	0.33	1.38671
0.03	0.34	1.4005
0.03	0.35	1.41443
0.03	0.36	1.42851
0.03	0.37	1.44272
0.03	0.38	1.45709
0.03	0.39	1.4716
0.03	0.4	1.48626
0.03	0.41	1.50107
0.03	0.42	1.51604
0.03	0.43	1.53117
0.03	0.44	1.54645
0.03	0.45	1.56189
0.03	0.46	1.5775
0.03	0.47	1.59324
0.03	0.48	1.6092
0.03	0.49	1.62523
0.03	0.5	1.64144
0.03	0.51	1.65792
0.03	0.52	1.67458
0.03	0.53	1.69133
0.03	0.54	1.7083
0.03	0.55	1.72542
0.03	0.56	1.74273
0.03	0.57	1.76021
0.03	0.58	1.77788
0.03	0.59	1.79574
0.03	0.6	1.81379
0.03	0.61	1.83202
0.03	0.62	1.85045
0.03	0.63	1.86907
0.03	0.64	1.88789
0.03	0.65	1.90691
0.03	0.66	1.92612
0.03	0.67	1.94553
0.03	0.68	1.96514
0.03	0.69	1.98497
0.03	0.7	2.005
0.03	0.71	2.02524
0.03	0.72	2.0457
0.03	0.73	2.06636
0.03	0.74	2.08725
0.03	0.75	2.10836
0.03	0.76	2.12969
0.03	0.77	2.15124
0.03	0.78	2.17302
0.03	0.79	2.19502
0.03	0.8	2.21727
0.03	0.81	2.23975
0.03	0.82	2.26245
0.03	0.83	2.28535
0.03	0.84	2.30839
0.03	0.85	2.33153
0.03	0.86	2.35522
0.03	0.87	2.37949
0.03	0.88	2.40461
0.03	0.89	2.43195
0.03	0.9	2.46039
0.03	0.91	2.48978
0.03	0.92	2.51949
0.03	0.93	2.54982
0.03	0.94	2.57926
0.03	0.95	2.61158
0.03	0.96	2.63783
0.03	0.97	2.67755
0.03	0.98	2.67755
0.03	0.99	2.67755


0.04	0	1.04293
0.04	0.01	1.04293
0.04	0.02	1.04293
0.04	0.03	1.04536
0.04	0.04	1.05816
0.04	0.05	1.06646
0.04	0.06	1.07563
0.04	0.07	1.08457
0.04	0.08	1.09362
0.04	0.09	1.1027
0.04	0.1	1.1118
0.04	0.11	1.12097
0.04	0.12	1.13026
0.04	0.13	1.13978
0.04	0.14	1.14969
0.04	0.15	1.16032
0.04	0.16	1.17131
0.04	0.17	1.18267
0.04	0.18	1.19433
0.04	0.19	1.2062
0.04	0.2	1.21813
0.04	0.21	1.23011
0.04	0.22	1.24219
0.04	0.23	1.25439
0.04	0.24	1.2667
0.04	0.25	1.27915
0.04	0.26	1.29173
0.04	0.27	1.30443
0.04	0.28	1.31727
0.04	0.29	1.33024
0.04	0.3	1.34334
0.04	0.31	1.35658
0.04	0.32	1.36995
0.04	0.33	1.38346
0.04	0.34	1.39711
0.04	0.35	1.4109
0.04	0.36	1.42484
0.04	0.37	1.43892
0.04	0.38	1.45315
0.04	0.39	1.46754
0.04	0.4	1.48207
0.04	0.41	1.49676
0.04	0.42	1.5116
0.04	0.43	1.5266
0.04	0.44	1.54177
0.04	0.45	1.55708
0.04	0.46	1.57258
0.04	0.47	1.5882
0.04	0.48	1.60405
0.04	0.49	1.61996
0.04	0.5	1.63603
0.04	0.51	1.65243
0.04	0.52	1.66901
0.04	0.53	1.68566
0.04	0.54	1.70254
0.04	0.55	1.71957
0.04	0.56	1.73679
0.04	0.57	1.7542
0.04	0.58	1.77179
0.04	0.59	1.78958
0.04	0.6	1.80755
0.04	0.61	1.82573
0.04	0.62	1.84409
0.04	0.63	1.86266
0.04	0.64	1.88143
0.04	0.65	1.9004
0.04	0.66	1.91958
0.04	0.67	1.93897
0.04	0.68	1.95857
0.04	0.69	1.97838
0.04	0.7	1.9984
0.04	0.71	2.01863
0.04	0.72	2.03909
0.04	0.73	2.05976
0.04	0.74	2.08067
0.04	0.75	2.10179
0.04	0.76	2.12316
0.04	0.77	2.14476
0.04	0.78	2.16659
0.04	0.79	2.18862
0.04	0.8	2.21081
0.04	0.81	2.23307
0.04	0.82	2.25572
0.04	0.83	2.27874
0.04	0.84	2.30241
0.04	0.85	2.32741
0.04	0.86	2.35327
0.04	0.87	2.38108
0.04	0.88	2.40954
0.04	0.89	2.43865
0.04	0.9	2.46785
0.04	0.91	2.49744
0.04	0.92	2.52711
0.04	0.93	2.55805
0.04	0.94	2.58709
0.04	0.95	2.62122
0.04	0.96	2.64565
0.04	0.97	2.68974
0.04	0.98	2.68974
0.04	0.99	2.68974


0.05	0	1.04849
0.05	0.01	1.04849
0.05	0.02	1.04849
0.05	0.03	1.04938
0.05	0.04	1.06317
0.05	0.05	1.07125
0.05	0.06	1.08048
0.05	0.07	1.08935
0.05	0.08	1.0983
0.05	0.09	1.10733
0.05	0.1	1.11644
0.05	0.11	1.12562
0.05	0.12	1.13482
0.05	0.13	1.14404
0.05	0.14	1.15336
0.05	0.15	1.1628
0.05	0.16	1.17248
0.05	0.17	1.18269
0.05	0.18	1.19335
0.05	0.19	1.20442
0.05	0.2	1.21588
0.05	0.21	1.22769
0.05	0.22	1.23975
0.05	0.23	1.25193
0.05	0.24	1.26414
0.05	0.25	1.27644
0.05	0.26	1.28884
0.05	0.27	1.30137
0.05	0.28	1.31403
0.05	0.29	1.32682
0.05	0.3	1.33975
0.05	0.31	1.35282
0.05	0.32	1.36602
0.05	0.33	1.37936
0.05	0.34	1.39285
0.05	0.35	1.40648
0.05	0.36	1.42025
0.05	0.37	1.43418
0.05	0.38	1.44825
0.05	0.39	1.46248
0.05	0.4	1.47685
0.05	0.41	1.49139
0.05	0.42	1.50608
0.05	0.43	1.52093
0.05	0.44	1.53594
0.05	0.45	1.55111
0.05	0.46	1.56646
0.05	0.47	1.58194
0.05	0.48	1.59765
0.05	0.49	1.61342
0.05	0.5	1.62934
0.05	0.51	1.64564
0.05	0.52	1.66211
0.05	0.53	1.67863
0.05	0.54	1.6954
0.05	0.55	1.71232
0.05	0.56	1.72944
0.05	0.57	1.74675
0.05	0.58	1.76425
0.05	0.59	1.78194
0.05	0.6	1.79983
0.05	0.61	1.81792
0.05	0.62	1.83622
0.05	0.63	1.85471
0.05	0.64	1.87342
0.05	0.65	1.89233
0.05	0.66	1.91146
0.05	0.67	1.9308
0.05	0.68	1.95036
0.05	0.69	1.97014
0.05	0.7	1.99014
0.05	0.71	2.01037
0.05	0.72	2.03083
0.05	0.73	2.05152
0.05	0.74	2.07244
0.05	0.75	2.09358
0.05	0.76	2.1149
0.05	0.77	2.1363
0.05	0.78	2.15794
0.05	0.79	2.17988
0.05	0.8	2.20233
0.05	0.81	2.2257
0.05	0.82	2.24941
0.05	0.83	2.27512
0.05	0.84	2.30137
0.05	0.85	2.32923
0.05	0.86	2.35716
0.05	0.87	2.38579
0.05	0.88	2.41446
0.05	0.89	2.44352
0.05	0.9	2.47298
0.05	0.91	2.50305
0.05	0.92	2.53306
0.05	0.93	2.56481
0.05	0.94	2.59373
0.05	0.95	2.62942
0.05	0.96	2.65256
0.05	0.97	2.70032
0.05	0.98	2.70032
0.05	0.99	2.70032


0.06	0	1.05362
0.06	0.01	1.05362
0.06	0.02	1.05362
0.06	0.03	1.05328
0.06	0.04	1.06788
0.06	0.05	1.07577
0.06	0.06	1.08501
0.06	0.07	1.09379
0.06	0.08	1.10268
0.06	0.09	1.11163
0.06	0.1	1.12061
0.06	0.11	1.12965
0.06	0.12	1.13879
0.06	0.13	1.14803
0.06	0.14	1.1573
0.06	0.15	1.1666
0.06	0.16	1.17593
0.06	0.17	1.18536
0.06	0.18	1.19494
0.06	0.19	1.20487
0.06	0.2	1.21518
0.06	0.21	1.22596
0.06	0.22	1.23707
0.06	0.23	1.24864
0.06	0.24	1.26058
0.06	0.25	1.2728
0.06	0.26	1.28521
0.06	0.27	1.29764
0.06	0.28	1.31014
0.06	0.29	1.32275
0.06	0.3	1.33547
0.06	0.31	1.34834
0.06	0.32	1.36135
0.06	0.33	1.37451
0.06	0.34	1.3878
0.06	0.35	1.40125
0.06	0.36	1.41484
0.06	0.37	1.42858
0.06	0.38	1.44247
0.06	0.39	1.45651
0.06	0.4	1.47071
0.06	0.41	1.48506
0.06	0.42	1.49958
0.06	0.43	1.51426
0.06	0.44	1.5291
0.06	0.45	1.5441
0.06	0.46	1.55929
0.06	0.47	1.57461
0.06	0.48	1.59017
0.06	0.49	1.60577
0.06	0.5	1.62152
0.06	0.51	1.63769
0.06	0.52	1.65404
0.06	0.53	1.67042
0.06	0.54	1.68705
0.06	0.55	1.70385
0.06	0.56	1.72084
0.06	0.57	1.73803
0.06	0.58	1.75542
0.06	0.59	1.773
0.06	0.6	1.79079
0.06	0.61	1.80879
0.06	0.62	1.82699
0.06	0.63	1.8454
0.06	0.64	1.86403
0.06	0.65	1.88287
0.06	0.66	1.90193
0.06	0.67	1.92121
0.06	0.68	1.94072
0.06	0.69	1.96046
0.06	0.7	1.98044
0.06	0.71	2.00065
0.06	0.72	2.02105
0.06	0.73	2.0416
0.06	0.74	2.06227
0.06	0.75	2.08314
0.06	0.76	2.10449
0.06	0.77	2.1264
0.06	0.78	2.14863
0.06	0.79	2.17246
0.06	0.8	2.19627
0.06	0.81	2.22245
0.06	0.82	2.24853
0.06	0.83	2.27607
0.06	0.84	2.30333
0.06	0.85	2.3314
0.06	0.86	2.35946
0.06	0.87	2.38808
0.06	0.88	2.41714
0.06	0.89	2.44667
0.06	0.9	2.47657
0.06	0.91	2.50711
0.06	0.92	2.53759
0.06	0.93	2.56998
0.06	0.94	2.59901
0.06	0.95	2.63606
0.06	0.96	2.65841
0.06	0.97	2.70897
0.06	0.98	2.70897
0.06	0.99	2.70897


0.07	0	1.05818
0.07	0.01	1.05818
0.07	0.02	1.05818
0.07	0.03	1.05703
0.07	0.04	1.07222
0.07	0.05	1.07995
0.07	0.06	1.08915
0.07	0.07	1.09785
0.07	0.08	1.10662
0.07	0.09	1.11543
0.07	0.1	1.12433
0.07	0.11	1.1333
0.07	0.12	1.1423
0.07	0.13	1.15134
0.07	0.14	1.16048
0.07	0.15	1.16973
0.07	0.16	1.17904
0.07	0.17	1.18841
0.07	0.18	1.19778
0.07	0.19	1.20722
0.07	0.2	1.21674
0.07	0.21	1.22658
0.07	0.22	1.23657
0.07	0.23	1.24718
0.07	0.24	1.25773
0.07	0.25	1.2692
0.07	0.26	1.28075
0.07	0.27	1.29283
0.07	0.28	1.3052
0.07	0.29	1.31781
0.07	0.3	1.33049
0.07	0.31	1.34321
0.07	0.32	1.35604
0.07	0.33	1.36898
0.07	0.34	1.38206
0.07	0.35	1.39529
0.07	0.36	1.40868
0.07	0.37	1.42221
0.07	0.38	1.43591
0.07	0.39	1.44975
0.07	0.4	1.46376
0.07	0.41	1.47792
0.07	0.42	1.49224
0.07	0.43	1.50673
0.07	0.44	1.52139
0.07	0.45	1.53621
0.07	0.46	1.55122
0.07	0.47	1.56637
0.07	0.48	1.58175
0.07	0.49	1.59718
0.07	0.5	1.61274
0.07	0.51	1.62876
0.07	0.52	1.64497
0.07	0.53	1.6612
0.07	0.54	1.67768
0.07	0.55	1.69433
0.07	0.56	1.71119
0.07	0.57	1.72824
0.07	0.58	1.7455
0.07	0.59	1.76296
0.07	0.6	1.78064
0.07	0.61	1.79852
0.07	0.62	1.81661
0.07	0.63	1.83492
0.07	0.64	1.85346
0.07	0.65	1.87222
0.07	0.66	1.89121
0.07	0.67	1.91043
0.07	0.68	1.92987
0.07	0.69	1.94949
0.07	0.7	1.96923
0.07	0.71	1.98907
0.07	0.72	2.00928
0.07	0.73	2.02987
0.07	0.74	2.0508
0.07	0.75	2.07293
0.07	0.76	2.09503
0.07	0.77	2.11937
0.07	0.78	2.14293
0.07	0.79	2.16919
0.07	0.8	2.19478
0.07	0.81	2.22186
0.07	0.82	2.24834
0.07	0.83	2.27574
0.07	0.84	2.30317
0.07	0.85	2.3314
0.07	0.86	2.35996
0.07	0.87	2.38891
0.07	0.88	2.41827
0.07	0.89	2.44821
0.07	0.9	2.47872
0.07	0.91	2.50967
0.07	0.92	2.54052
0.07	0.93	2.57355
0.07	0.94	2.60282
0.07	0.95	2.64096
0.07	0.96	2.66299
0.07	0.97	2.7155
0.07	0.98	2.7155
0.07	0.99	2.7155


0.08	0	1.06209
0.08	0.01	1.06209
0.08	0.02	1.06209
0.08	0.03	1.06058
0.08	0.04	1.07611
0.08	0.05	1.08371
0.08	0.06	1.09284
0.08	0.07	1.1014
0.08	0.08	1.11007
0.08	0.09	1.11879
0.08	0.1	1.12754
0.08	0.11	1.13633
0.08	0.12	1.14521
0.08	0.13	1.1542
0.08	0.14	1.16321
0.08	0.15	1.17225
0.08	0.16	1.18137
0.08	0.17	1.1906
0.08	0.18	1.19991
0.08	0.19	1.20933
0.08	0.2	1.21876
0.08	0.21	1.22825
0.08	0.22	1.23774
0.08	0.23	1.24754
0.08	0.24	1.25745
0.08	0.25	1.26772
0.08	0.26	1.27797
0.08	0.27	1.28928
0.08	0.28	1.30027
0.08	0.29	1.31234
0.08	0.3	1.32446
0.08	0.31	1.33699
0.08	0.32	1.34977
0.08	0.33	1.36271
0.08	0.34	1.37567
0.08	0.35	1.38873
0.08	0.36	1.4019
0.08	0.37	1.41522
0.08	0.38	1.42869
0.08	0.39	1.44232
0.08	0.4	1.45611
0.08	0.41	1.47007
0.08	0.42	1.4842
0.08	0.43	1.49849
0.08	0.44	1.51295
0.08	0.45	1.52758
0.08	0.46	1.5424
0.08	0.47	1.55736
0.08	0.48	1.57255
0.08	0.49	1.58781
0.08	0.5	1.60317
0.08	0.51	1.61902
0.08	0.52	1.63508
0.08	0.53	1.65114
0.08	0.54	1.66746
0.08	0.55	1.68396
0.08	0.56	1.70066
0.08	0.57	1.71757
0.08	0.58	1.73468
0.08	0.59	1.75201
0.08	0.6	1.76955
0.08	0.61	1.7873
0.08	0.62	1.80529
0.08	0.63	1.8235
0.08	0.64	1.84193
0.08	0.65	1.86056
0.08	0.66	1.87937
0.08	0.67	1.89826
0.08	0.68	1.91733
0.08	0.69	1.9367
0.08	0.7	1.95647
0.08	0.71	1.977
0.08	0.72	1.99765
0.08	0.73	2.02
0.08	0.74	2.04178
0.08	0.75	2.06638
0.08	0.76	2.08962
0.08	0.77	2.11551
0.08	0.78	2.14038
0.08	0.79	2.16681
0.08	0.8	2.19251
0.08	0.81	2.21925
0.08	0.82	2.24609
0.08	0.83	2.27377
0.08	0.84	2.30169
0.08	0.85	2.33008
0.08	0.86	2.35886
0.08	0.87	2.38822
0.08	0.88	2.41813
0.08	0.89	2.4484
0.08	0.9	2.47914
0.08	0.91	2.51061
0.08	0.92	2.54192
0.08	0.93	2.57542
0.08	0.94	2.60507
0.08	0.95	2.644
0.08	0.96	2.66619
0.08	0.97	2.71987
0.08	0.98	2.71987
0.08	0.99	2.71987


0.09	0	1.06532
0.09	0.01	1.06532
0.09	0.02	1.06532
0.09	0.03	1.06386
0.09	0.04	1.07948
0.09	0.05	1.08699
0.09	0.06	1.09601
0.09	0.07	1.10445
0.09	0.08	1.113
0.09	0.09	1.12154
0.09	0.1	1.13016
0.09	0.11	1.13888
0.09	0.12	1.14762
0.09	0.13	1.15637
0.09	0.14	1.16522
0.09	0.15	1.17419
0.09	0.16	1.1832
0.09	0.17	1.19225
0.09	0.18	1.20135
0.09	0.19	1.21058
0.09	0.2	1.21987
0.09	0.21	1.22936
0.09	0.22	1.23878
0.09	0.23	1.24842
0.09	0.24	1.25796
0.09	0.25	1.2677
0.09	0.26	1.27746
0.09	0.27	1.28758
0.09	0.28	1.29798
0.09	0.29	1.3086
0.09	0.3	1.31969
0.09	0.31	1.3313
0.09	0.32	1.34295
0.09	0.33	1.3555
0.09	0.34	1.36821
0.09	0.35	1.38122
0.09	0.36	1.39439
0.09	0.37	1.40761
0.09	0.38	1.42092
0.09	0.39	1.43436
0.09	0.4	1.44794
0.09	0.41	1.46168
0.09	0.42	1.47558
0.09	0.43	1.48966
0.09	0.44	1.50392
0.09	0.45	1.51836
0.09	0.46	1.53297
0.09	0.47	1.54775
0.09	0.48	1.56273
0.09	0.49	1.57782
0.09	0.5	1.59296
0.09	0.51	1.60863
0.09	0.52	1.62454
0.09	0.53	1.64042
0.09	0.54	1.65657
0.09	0.55	1.6729
0.09	0.56	1.68944
0.09	0.57	1.70619
0.09	0.58	1.72316
0.09	0.59	1.74035
0.09	0.6	1.75775
0.09	0.61	1.77536
0.09	0.62	1.79317
0.09	0.63	1.81113
0.09	0.64	1.82916
0.09	0.65	1.84738
0.09	0.66	1.86601
0.09	0.67	1.88509
0.09	0.68	1.90439
0.09	0.69	1.92498
0.09	0.7	1.94531
0.09	0.71	1.96781
0.09	0.72	1.98924
0.09	0.73	2.01352
0.09	0.74	2.03654
0.09	0.75	2.06172
0.09	0.76	2.08572
0.09	0.77	2.11144
0.09	0.78	2.13641
0.09	0.79	2.16255
0.09	0.8	2.18868
0.09	0.81	2.2157
0.09	0.82	2.24285
0.09	0.83	2.27053
0.09	0.84	2.29868
0.09	0.85	2.32743
0.09	0.86	2.35666
0.09	0.87	2.3862
0.09	0.88	2.41634
0.09	0.89	2.44709
0.09	0.9	2.47826
0.09	0.91	2.50989
0.09	0.92	2.54171
0.09	0.93	2.57565
0.09	0.94	2.6057
0.09	0.95	2.64518
0.09	0.96	2.66795
0.09	0.97	2.72209
0.09	0.98	2.72209
0.09	0.99	2.72209


0.1	0	1.06787
0.1	0.01	1.06787
0.1	0.02	1.06787
0.1	0.03	1.06679
0.1	0.04	1.08231
0.1	0.05	1.08974
0.1	0.06	1.09865
0.1	0.07	1.10692
0.1	0.08	1.1153
0.1	0.09	1.12376
0.1	0.1	1.13224
0.1	0.11	1.14073
0.1	0.12	1.14929
0.1	0.13	1.15797
0.1	0.14	1.16671
0.1	0.15	1.1755
0.1	0.16	1.18433
0.1	0.17	1.19326
0.1	0.18	1.20228
0.1	0.19	1.21135
0.1	0.2	1.22049
0.1	0.21	1.22976
0.1	0.22	1.239
0.1	0.23	1.24851
0.1	0.24	1.25794
0.1	0.25	1.26764
0.1	0.26	1.27721
0.1	0.27	1.28703
0.1	0.28	1.29688
0.1	0.29	1.30681
0.1	0.3	1.31714
0.1	0.31	1.32754
0.1	0.32	1.33869
0.1	0.33	1.34969
0.1	0.34	1.36164
0.1	0.35	1.37351
0.1	0.36	1.38605
0.1	0.37	1.39893
0.1	0.38	1.41218
0.1	0.39	1.42569
0.1	0.4	1.43922
0.1	0.41	1.45282
0.1	0.42	1.46654
0.1	0.43	1.48042
0.1	0.44	1.49446
0.1	0.45	1.50868
0.1	0.46	1.52308
0.1	0.47	1.53767
0.1	0.48	1.55244
0.1	0.49	1.56736
0.1	0.5	1.58228
0.1	0.51	1.59775
0.1	0.52	1.61349
0.1	0.53	1.6292
0.1	0.54	1.64517
0.1	0.55	1.66134
0.1	0.56	1.67772
0.1	0.57	1.69431
0.1	0.58	1.71109
0.1	0.59	1.72805
0.1	0.6	1.74515
0.1	0.61	1.7623
0.1	0.62	1.77975
0.1	0.63	1.79754
0.1	0.64	1.81566
0.1	0.65	1.83466
0.1	0.66	1.85363
0.1	0.67	1.87419
0.1	0.68	1.894
0.1	0.69	1.9163
0.1	0.7	1.93769
0.1	0.71	1.96122
0.1	0.72	1.98371
0.1	0.73	2.00805
0.1	0.74	2.03134
0.1	0.75	2.05625
0.1	0.76	2.08045
0.1	0.77	2.10616
0.1	0.78	2.1314
0.1	0.79	2.15754
0.1	0.8	2.18399
0.1	0.81	2.21104
0.1	0.82	2.23846
0.1	0.83	2.26638
0.1	0.84	2.29481
0.1	0.85	2.32364
0.1	0.86	2.35303
0.1	0.87	2.38297
0.1	0.88	2.41334
0.1	0.89	2.44417
0.1	0.9	2.47575
0.1	0.91	2.50783
0.1	0.92	2.53994
0.1	0.93	2.57424
0.1	0.94	2.60483
0.1	0.95	2.64453
0.1	0.96	2.66823
0.1	0.97	2.7223
0.1	0.98	2.7223
0.1	0.99	2.7223


0.11	0	1.06977
0.11	0.01	1.06977
0.11	0.02	1.06977
0.11	0.03	1.06933
0.11	0.04	1.08455
0.11	0.05	1.09195
0.11	0.06	1.10063
0.11	0.07	1.10879
0.11	0.08	1.11705
0.11	0.09	1.12528
0.11	0.1	1.1336
0.11	0.11	1.14203
0.11	0.12	1.15054
0.11	0.13	1.15903
0.11	0.14	1.16758
0.11	0.15	1.17623
0.11	0.16	1.18489
0.11	0.17	1.19373
0.11	0.18	1.20257
0.11	0.19	1.21146
0.11	0.2	1.22049
0.11	0.21	1.22957
0.11	0.22	1.23877
0.11	0.23	1.24806
0.11	0.24	1.25739
0.11	0.25	1.26684
0.11	0.26	1.27632
0.11	0.27	1.28601
0.11	0.28	1.29576
0.11	0.29	1.30557
0.11	0.3	1.31556
0.11	0.31	1.32546
0.11	0.32	1.33587
0.11	0.33	1.34604
0.11	0.34	1.3571
0.11	0.35	1.36781
0.11	0.36	1.37978
0.11	0.37	1.39128
0.11	0.38	1.40396
0.11	0.39	1.41642
0.11	0.4	1.42954
0.11	0.41	1.44298
0.11	0.42	1.45676
0.11	0.43	1.47067
0.11	0.44	1.48462
0.11	0.45	1.49867
0.11	0.46	1.51289
0.11	0.47	1.52727
0.11	0.48	1.54182
0.11	0.49	1.55653
0.11	0.5	1.57124
0.11	0.51	1.58654
0.11	0.52	1.60211
0.11	0.53	1.61765
0.11	0.54	1.63343
0.11	0.55	1.64939
0.11	0.56	1.6655
0.11	0.57	1.68171
0.11	0.58	1.69803
0.11	0.59	1.71464
0.11	0.6	1.73166
0.11	0.61	1.74923
0.11	0.62	1.76687
0.11	0.63	1.78571
0.11	0.64	1.80412
0.11	0.65	1.82444
0.11	0.66	1.84425
0.11	0.67	1.86593
0.11	0.68	1.88699
0.11	0.69	1.90973
0.11	0.7	1.9316
0.11	0.71	1.95501
0.11	0.72	1.97757
0.11	0.73	2.00177
0.11	0.74	2.02525
0.11	0.75	2.05002
0.11	0.76	2.07459
0.11	0.77	2.10005
0.11	0.78	2.1256
0.11	0.79	2.1518
0.11	0.8	2.17852
0.11	0.81	2.20562
0.11	0.82	2.23309
0.11	0.83	2.26124
0.11	0.84	2.2899
0.11	0.85	2.31886
0.11	0.86	2.34842
0.11	0.87	2.37856
0.11	0.88	2.4092
0.11	0.89	2.4403
0.11	0.9	2.47191
0.11	0.91	2.50417
0.11	0.92	2.53676
0.11	0.93	2.57122
0.11	0.94	2.60238
0.11	0.95	2.64217
0.11	0.96	2.66703
0.11	0.97	2.72065
0.11	0.98	2.72065
0.11	0.99	2.72065


0.12	0	1.07101
0.12	0.01	1.07101
0.12	0.02	1.07101
0.12	0.03	1.07139
0.12	0.04	1.08616
0.12	0.05	1.09348
0.12	0.06	1.10205
0.12	0.07	1.11006
0.12	0.08	1.11819
0.12	0.09	1.12637
0.12	0.1	1.13457
0.12	0.11	1.14281
0.12	0.12	1.1511
0.12	0.13	1.15944
0.12	0.14	1.1679
0.12	0.15	1.17638
0.12	0.16	1.18495
0.12	0.17	1.19358
0.12	0.18	1.20229
0.12	0.19	1.21107
0.12	0.2	1.21992
0.12	0.21	1.22892
0.12	0.22	1.23792
0.12	0.23	1.24707
0.12	0.24	1.25631
0.12	0.25	1.26556
0.12	0.26	1.27498
0.12	0.27	1.28445
0.12	0.28	1.29409
0.12	0.29	1.30372
0.12	0.3	1.31366
0.12	0.31	1.32343
0.12	0.32	1.33366
0.12	0.33	1.34357
0.12	0.34	1.35412
0.12	0.35	1.3642
0.12	0.36	1.37524
0.12	0.37	1.38579
0.12	0.38	1.39756
0.12	0.39	1.40894
0.12	0.4	1.42152
0.12	0.41	1.43378
0.12	0.42	1.44702
0.12	0.43	1.46022
0.12	0.44	1.47387
0.12	0.45	1.48789
0.12	0.46	1.50219
0.12	0.47	1.51655
0.12	0.48	1.53098
0.12	0.49	1.54552
0.12	0.5	1.56006
0.12	0.51	1.5751
0.12	0.52	1.59043
0.12	0.53	1.60567
0.12	0.54	1.621
0.12	0.55	1.63654
0.12	0.56	1.65245
0.12	0.57	1.66875
0.12	0.58	1.68516
0.12	0.59	1.70249
0.12	0.6	1.71963
0.12	0.61	1.7381
0.12	0.62	1.75642
0.12	0.63	1.77626
0.12	0.64	1.79588
0.12	0.65	1.81692
0.12	0.66	1.83745
0.12	0.67	1.85922
0.12	0.68	1.88044
0.12	0.69	1.903
0.12	0.7	1.92492
0.12	0.71	1.94813
0.12	0.72	1.97098
0.12	0.73	1.99495
0.12	0.74	2.01861
0.12	0.75	2.04336
0.12	0.76	2.0681
0.12	0.77	2.09352
0.12	0.78	2.1192
0.12	0.79	2.14552
0.12	0.8	2.17225
0.12	0.81	2.19941
0.12	0.82	2.22705
0.12	0.83	2.25535
0.12	0.84	2.28402
0.12	0.85	2.31312
0.12	0.86	2.34292
0.12	0.87	2.37314
0.12	0.88	2.4039
0.12	0.89	2.43522
0.12	0.9	2.46708
0.12	0.91	2.49959
0.12	0.92	2.53234
0.12	0.93	2.56695
0.12	0.94	2.59859
0.12	0.95	2.63811
0.12	0.96	2.66437
0.12	0.97	2.71727
0.12	0.98	2.71727
0.12	0.99	2.71727


0.13	0	1.07152
0.13	0.01	1.07152
0.13	0.02	1.07152
0.13	0.03	1.07303
0.13	0.04	1.08727
0.13	0.05	1.09462
0.13	0.06	1.10301
0.13	0.07	1.11088
0.13	0.08	1.1188
0.13	0.09	1.12682
0.13	0.1	1.13486
0.13	0.11	1.14298
0.13	0.12	1.15117
0.13	0.13	1.15933
0.13	0.14	1.16768
0.13	0.15	1.17603
0.13	0.16	1.18443
0.13	0.17	1.19293
0.13	0.18	1.20154
0.13	0.19	1.21012
0.13	0.2	1.21891
0.13	0.21	1.22771
0.13	0.22	1.23662
0.13	0.23	1.24563
0.13	0.24	1.2547
0.13	0.25	1.26388
0.13	0.26	1.27312
0.13	0.27	1.28248
0.13	0.28	1.29201
0.13	0.29	1.30148
0.13	0.3	1.31131
0.13	0.31	1.32093
0.13	0.32	1.33104
0.13	0.33	1.34083
0.13	0.34	1.35127
0.13	0.35	1.36122
0.13	0.36	1.37195
0.13	0.37	1.3821
0.13	0.38	1.39317
0.13	0.39	1.40373
0.13	0.4	1.41531
0.13	0.41	1.42659
0.13	0.42	1.43894
0.13	0.43	1.45117
0.13	0.44	1.46436
0.13	0.45	1.47741
0.13	0.46	1.49125
0.13	0.47	1.50513
0.13	0.48	1.5194
0.13	0.49	1.53387
0.13	0.5	1.5483
0.13	0.51	1.56302
0.13	0.52	1.57808
0.13	0.53	1.59323
0.13	0.54	1.60853
0.13	0.55	1.6245
0.13	0.56	1.64042
0.13	0.57	1.65727
0.13	0.58	1.67423
0.13	0.59	1.69233
0.13	0.6	1.7105
0.13	0.61	1.72983
0.13	0.62	1.74903
0.13	0.63	1.76924
0.13	0.64	1.78912
0.13	0.65	1.81006
0.13	0.66	1.83061
0.13	0.67	1.85219
0.13	0.68	1.87354
0.13	0.69	1.89588
0.13	0.7	1.91789
0.13	0.71	1.94107
0.13	0.72	1.964
0.13	0.73	1.98785
0.13	0.74	2.01166
0.13	0.75	2.03635
0.13	0.76	2.06115
0.13	0.77	2.08655
0.13	0.78	2.11239
0.13	0.79	2.13868
0.13	0.8	2.16538
0.13	0.81	2.19261
0.13	0.82	2.22045
0.13	0.83	2.24873
0.13	0.84	2.27739
0.13	0.85	2.30671
0.13	0.86	2.3365
0.13	0.87	2.36691
0.13	0.88	2.39772
0.13	0.89	2.42917
0.13	0.9	2.46116
0.13	0.91	2.49384
0.13	0.92	2.52674
0.13	0.93	2.56144
0.13	0.94	2.59374
0.13	0.95	2.63307
0.13	0.96	2.6606
0.13	0.97	2.71245
0.13	0.98	2.71245
0.13	0.99	2.71245


0.14	0	1.07162
0.14	0.01	1.07162
0.14	0.02	1.07162
0.14	0.03	1.07437
0.14	0.04	1.08788
0.14	0.05	1.0951
0.14	0.06	1.10331
0.14	0.07	1.11108
0.14	0.08	1.11889
0.14	0.09	1.12678
0.14	0.1	1.13464
0.14	0.11	1.14267
0.14	0.12	1.15067
0.14	0.13	1.15878
0.14	0.14	1.16693
0.14	0.15	1.17517
0.14	0.16	1.18347
0.14	0.17	1.19181
0.14	0.18	1.20029
0.14	0.19	1.20879
0.14	0.2	1.2174
0.14	0.21	1.22608
0.14	0.22	1.2349
0.14	0.23	1.24374
0.14	0.24	1.25273
0.14	0.25	1.26173
0.14	0.26	1.2709
0.14	0.27	1.28012
0.14	0.28	1.28952
0.14	0.29	1.29892
0.14	0.3	1.30856
0.14	0.31	1.31812
0.14	0.32	1.32808
0.14	0.33	1.33776
0.14	0.34	1.34806
0.14	0.35	1.3579
0.14	0.36	1.36852
0.14	0.37	1.37856
0.14	0.38	1.38945
0.14	0.39	1.39979
0.14	0.4	1.41095
0.14	0.41	1.42164
0.14	0.42	1.43317
0.14	0.43	1.44444
0.14	0.44	1.45662
0.14	0.45	1.46866
0.14	0.46	1.48159
0.14	0.47	1.49443
0.14	0.48	1.50814
0.14	0.49	1.52183
0.14	0.5	1.53589
0.14	0.51	1.55067
0.14	0.52	1.56592
0.14	0.53	1.58165
0.14	0.54	1.59748
0.14	0.55	1.61408
0.14	0.56	1.63083
0.14	0.57	1.64855
0.14	0.58	1.66639
0.14	0.59	1.68507
0.14	0.6	1.70365
0.14	0.61	1.72305
0.14	0.62	1.74227
0.14	0.63	1.76235
0.14	0.64	1.78224
0.14	0.65	1.80299
0.14	0.66	1.82355
0.14	0.67	1.84509
0.14	0.68	1.86642
0.14	0.69	1.88865
0.14	0.7	1.91077
0.14	0.71	1.93384
0.14	0.72	1.95677
0.14	0.73	1.98054
0.14	0.74	2.0045
0.14	0.75	2.02907
0.14	0.76	2.05387
0.14	0.77	2.07926
0.14	0.78	2.10516
0.14	0.79	2.13141
0.14	0.8	2.15811
0.14	0.81	2.18547
0.14	0.82	2.2132
0.14	0.83	2.24157
0.14	0.84	2.27021
0.14	0.85	2.29966
0.14	0.86	2.32941
0.14	0.87	2.35995
0.14	0.88	2.39079
0.14	0.89	2.42231
0.14	0.9	2.45445
0.14	0.91	2.48713
0.14	0.92	2.52021
0.14	0.93	2.55497
0.14	0.94	2.58775
0.14	0.95	2.62654
0.14	0.96	2.65556
0.14	0.97	2.70662
0.14	0.98	2.70662
0.14	0.99	2.70662


0.15	0	1.07107
0.15	0.01	1.07107
0.15	0.02	1.07107
0.15	0.03	1.07522
0.15	0.04	1.08793
0.15	0.05	1.09515
0.15	0.06	1.10317
0.15	0.07	1.11077
0.15	0.08	1.11848
0.15	0.09	1.12625
0.15	0.1	1.13396
0.15	0.11	1.1419
0.15	0.12	1.14972
0.15	0.13	1.15777
0.15	0.14	1.16574
0.15	0.15	1.17391
0.15	0.16	1.18202
0.15	0.17	1.19031
0.15	0.18	1.19862
0.15	0.19	1.207
0.15	0.2	1.21554
0.15	0.21	1.22407
0.15	0.22	1.23277
0.15	0.23	1.24152
0.15	0.24	1.25037
0.15	0.25	1.25925
0.15	0.26	1.26834
0.15	0.27	1.27741
0.15	0.28	1.28673
0.15	0.29	1.29598
0.15	0.3	1.30555
0.15	0.31	1.31498
0.15	0.32	1.32482
0.15	0.33	1.33444
0.15	0.34	1.34456
0.15	0.35	1.35434
0.15	0.36	1.36481
0.15	0.37	1.37477
0.15	0.38	1.38556
0.15	0.39	1.3958
0.15	0.4	1.40683
0.15	0.41	1.41737
0.15	0.42	1.42857
0.15	0.43	1.43934
0.15	0.44	1.45078
0.15	0.45	1.46195
0.15	0.46	1.47395
0.15	0.47	1.4859
0.15	0.48	1.49885
0.15	0.49	1.51208
0.15	0.5	1.52581
0.15	0.51	1.54051
0.15	0.52	1.55599
0.15	0.53	1.57218
0.15	0.54	1.58872
0.15	0.55	1.60612
0.15	0.56	1.62363
0.15	0.57	1.64182
0.15	0.58	1.65987
0.15	0.59	1.67849
0.15	0.6	1.69706
0.15	0.61	1.71631
0.15	0.62	1.73545
0.15	0.63	1.75543
0.15	0.64	1.77526
0.15	0.65	1.79592
0.15	0.66	1.81654
0.15	0.67	1.83793
0.15	0.68	1.85924
0.15	0.69	1.8814
0.15	0.7	1.90359
0.15	0.71	1.92649
0.15	0.72	1.94945
0.15	0.73	1.97317
0.15	0.74	1.99711
0.15	0.75	2.02157
0.15	0.76	2.0464
0.15	0.77	2.07182
0.15	0.78	2.09757
0.15	0.79	2.1239
0.15	0.8	2.15053
0.15	0.81	2.17795
0.15	0.82	2.20554
0.15	0.83	2.23397
0.15	0.84	2.26265
0.15	0.85	2.29206
0.15	0.86	2.3219
0.15	0.87	2.35231
0.15	0.88	2.3833
0.15	0.89	2.41481
0.15	0.9	2.44703
0.15	0.91	2.47963
0.15	0.92	2.51296
0.15	0.93	2.54757
0.15	0.94	2.58091
0.15	0.95	2.61912
0.15	0.96	2.64964
0.15	0.97	2.69971
0.15	0.98	2.69971
0.15	0.99	2.69971


0.16	0	1.07008
0.16	0.01	1.07008
0.16	0.02	1.07008
0.16	0.03	1.07573
0.16	0.04	1.08747
0.16	0.05	1.09475
0.16	0.06	1.10253
0.16	0.07	1.11008
0.16	0.08	1.11759
0.16	0.09	1.12527
0.16	0.1	1.1329
0.16	0.11	1.14066
0.16	0.12	1.14839
0.16	0.13	1.15633
0.16	0.14	1.16415
0.16	0.15	1.17225
0.16	0.16	1.1802
0.16	0.17	1.18843
0.16	0.18	1.19658
0.16	0.19	1.2049
0.16	0.2	1.21327
0.16	0.21	1.22175
0.16	0.22	1.23031
0.16	0.23	1.23896
0.16	0.24	1.24773
0.16	0.25	1.25648
0.16	0.26	1.26546
0.16	0.27	1.27445
0.16	0.28	1.28363
0.16	0.29	1.29279
0.16	0.3	1.30226
0.16	0.31	1.31157
0.16	0.32	1.32132
0.16	0.33	1.33083
0.16	0.34	1.34087
0.16	0.35	1.35057
0.16	0.36	1.36092
0.16	0.37	1.3708
0.16	0.38	1.38139
0.16	0.39	1.39149
0.16	0.4	1.40224
0.16	0.41	1.41256
0.16	0.42	1.42362
0.16	0.43	1.4343
0.16	0.44	1.44573
0.16	0.45	1.45691
0.16	0.46	1.46889
0.16	0.47	1.48073
0.16	0.48	1.49358
0.16	0.49	1.50675
0.16	0.5	1.52046
0.16	0.51	1.53501
0.16	0.52	1.5504
0.16	0.53	1.56646
0.16	0.54	1.58275
0.16	0.55	1.5998
0.16	0.56	1.61703
0.16	0.57	1.63492
0.16	0.58	1.65284
0.16	0.59	1.67156
0.16	0.6	1.69024
0.16	0.61	1.70953
0.16	0.62	1.72875
0.16	0.63	1.74861
0.16	0.64	1.7684
0.16	0.65	1.78898
0.16	0.66	1.80955
0.16	0.67	1.83081
0.16	0.68	1.85213
0.16	0.69	1.87421
0.16	0.7	1.89631
0.16	0.71	1.91911
0.16	0.72	1.94211
0.16	0.73	1.96574
0.16	0.74	1.98957
0.16	0.75	2.01405
0.16	0.76	2.03879
0.16	0.77	2.06421
0.16	0.78	2.08985
0.16	0.79	2.11613
0.16	0.8	2.14279
0.16	0.81	2.17006
0.16	0.82	2.19775
0.16	0.83	2.22601
0.16	0.84	2.25479
0.16	0.85	2.28405
0.16	0.86	2.31396
0.16	0.87	2.34426
0.16	0.88	2.37535
0.16	0.89	2.40676
0.16	0.9	2.43905
0.16	0.91	2.4716
0.16	0.92	2.50509
0.16	0.93	2.5395
0.16	0.94	2.57335
0.16	0.95	2.61094
0.16	0.96	2.64288
0.16	0.97	2.69198
0.16	0.98	2.69198
0.16	0.99	2.69198


0.17	0	1.06868
0.17	0.01	1.06868
0.17	0.02	1.06868
0.17	0.03	1.07587
0.17	0.04	1.08661
0.17	0.05	1.09392
0.17	0.06	1.10148
0.17	0.07	1.10897
0.17	0.08	1.11632
0.17	0.09	1.12392
0.17	0.1	1.13139
0.17	0.11	1.1391
0.17	0.12	1.14668
0.17	0.13	1.15452
0.17	0.14	1.16227
0.17	0.15	1.17021
0.17	0.16	1.17809
0.17	0.17	1.18622
0.17	0.18	1.19424
0.17	0.19	1.20249
0.17	0.2	1.21073
0.17	0.21	1.21915
0.17	0.22	1.22757
0.17	0.23	1.23615
0.17	0.24	1.24478
0.17	0.25	1.25347
0.17	0.26	1.26233
0.17	0.27	1.27122
0.17	0.28	1.28033
0.17	0.29	1.28938
0.17	0.3	1.29874
0.17	0.31	1.30799
0.17	0.32	1.31763
0.17	0.33	1.32705
0.17	0.34	1.33697
0.17	0.35	1.34652
0.17	0.36	1.35667
0.17	0.37	1.36631
0.17	0.38	1.37673
0.17	0.39	1.38666
0.17	0.4	1.3974
0.17	0.41	1.40776
0.17	0.42	1.41896
0.17	0.43	1.42988
0.17	0.44	1.44171
0.17	0.45	1.45349
0.17	0.46	1.46605
0.17	0.47	1.47877
0.17	0.48	1.49209
0.17	0.49	1.50587
0.17	0.5	1.51962
0.17	0.51	1.53365
0.17	0.52	1.5485
0.17	0.53	1.56359
0.17	0.54	1.57907
0.17	0.55	1.59526
0.17	0.56	1.61171
0.17	0.57	1.62902
0.17	0.58	1.64652
0.17	0.59	1.6648
0.17	0.6	1.68323
0.17	0.61	1.70241
0.17	0.62	1.72163
0.17	0.63	1.74163
0.17	0.64	1.7616
0.17	0.65	1.78212
0.17	0.66	1.80263
0.17	0.67	1.82381
0.17	0.68	1.84512
0.17	0.69	1.86705
0.17	0.7	1.88908
0.17	0.71	1.91184
0.17	0.72	1.93473
0.17	0.73	1.9583
0.17	0.74	1.98205
0.17	0.75	2.00644
0.17	0.76	2.03117
0.17	0.77	2.05642
0.17	0.78	2.0821
0.17	0.79	2.10824
0.17	0.8	2.13491
0.17	0.81	2.16203
0.17	0.82	2.18974
0.17	0.83	2.21786
0.17	0.84	2.24666
0.17	0.85	2.2758
0.17	0.86	2.30572
0.17	0.87	2.33593
0.17	0.88	2.36704
0.17	0.89	2.39836
0.17	0.9	2.43068
0.17	0.91	2.46315
0.17	0.92	2.49673
0.17	0.93	2.53089
0.17	0.94	2.56523
0.17	0.95	2.60214
0.17	0.96	2.63545
0.17	0.97	2.68361
0.17	0.98	2.68361
0.17	0.99	2.68361


0.18	0	1.06692
0.18	0.01	1.06692
0.18	0.02	1.06692
0.18	0.03	1.07567
0.18	0.04	1.08537
0.18	0.05	1.09273
0.18	0.06	1.10008
0.18	0.07	1.10749
0.18	0.08	1.11471
0.18	0.09	1.12223
0.18	0.1	1.12957
0.18	0.11	1.13721
0.18	0.12	1.14466
0.18	0.13	1.15243
0.18	0.14	1.16005
0.18	0.15	1.16793
0.18	0.16	1.17568
0.18	0.17	1.18372
0.18	0.18	1.19166
0.18	0.19	1.1998
0.18	0.2	1.20795
0.18	0.21	1.21629
0.18	0.22	1.22459
0.18	0.23	1.2331
0.18	0.24	1.2416
0.18	0.25	1.25024
0.18	0.26	1.25898
0.18	0.27	1.26782
0.18	0.28	1.27682
0.18	0.29	1.28581
0.18	0.3	1.29506
0.18	0.31	1.30419
0.18	0.32	1.31368
0.18	0.33	1.32291
0.18	0.34	1.33257
0.18	0.35	1.34196
0.18	0.36	1.35198
0.18	0.37	1.36163
0.18	0.38	1.37209
0.18	0.39	1.38224
0.18	0.4	1.3932
0.18	0.41	1.40419
0.18	0.42	1.41573
0.18	0.43	1.42763
0.18	0.44	1.43981
0.18	0.45	1.45261
0.18	0.46	1.46538
0.18	0.47	1.47875
0.18	0.48	1.49212
0.18	0.49	1.50608
0.18	0.5	1.51979
0.18	0.51	1.53362
0.18	0.52	1.54841
0.18	0.53	1.56284
0.18	0.54	1.5781
0.18	0.55	1.59319
0.18	0.56	1.60923
0.18	0.57	1.6253
0.18	0.58	1.64225
0.18	0.59	1.65952
0.18	0.6	1.67747
0.18	0.61	1.69602
0.18	0.62	1.7149
0.18	0.63	1.73454
0.18	0.64	1.75433
0.18	0.65	1.77484
0.18	0.66	1.7955
0.18	0.67	1.81682
0.18	0.68	1.83808
0.18	0.69	1.86001
0.18	0.7	1.88198
0.18	0.71	1.90465
0.18	0.72	1.92746
0.18	0.73	1.95086
0.18	0.74	1.9746
0.18	0.75	1.99885
0.18	0.76	2.02355
0.18	0.77	2.04864
0.18	0.78	2.0743
0.18	0.79	2.10031
0.18	0.8	2.12694
0.18	0.81	2.15392
0.18	0.82	2.18161
0.18	0.83	2.20961
0.18	0.84	2.23838
0.18	0.85	2.26741
0.18	0.86	2.2973
0.18	0.87	2.32742
0.18	0.88	2.3585
0.18	0.89	2.38972
0.18	0.9	2.42203
0.18	0.91	2.4544
0.18	0.92	2.48802
0.18	0.93	2.52194
0.18	0.94	2.55667
0.18	0.95	2.59291
0.18	0.96	2.62751
0.18	0.97	2.67475
0.18	0.98	2.67475
0.18	0.99	2.67475


0.19	0	1.06488
0.19	0.01	1.06488
0.19	0.02	1.06488
0.19	0.03	1.07511
0.19	0.04	1.08381
0.19	0.05	1.09121
0.19	0.06	1.09836
0.19	0.07	1.1057
0.19	0.08	1.11279
0.19	0.09	1.12024
0.19	0.1	1.12746
0.19	0.11	1.13503
0.19	0.12	1.14238
0.19	0.13	1.15007
0.19	0.14	1.15758
0.19	0.15	1.16539
0.19	0.16	1.17304
0.19	0.17	1.181
0.19	0.18	1.18883
0.19	0.19	1.19691
0.19	0.2	1.20495
0.19	0.21	1.2132
0.19	0.22	1.22143
0.19	0.23	1.22986
0.19	0.24	1.23828
0.19	0.25	1.24685
0.19	0.26	1.25549
0.19	0.27	1.26424
0.19	0.28	1.27309
0.19	0.29	1.28194
0.19	0.3	1.29097
0.19	0.31	1.29993
0.19	0.32	1.30918
0.19	0.33	1.31838
0.19	0.34	1.32803
0.19	0.35	1.33758
0.19	0.36	1.34774
0.19	0.37	1.35788
0.19	0.38	1.36862
0.19	0.39	1.37962
0.19	0.4	1.39091
0.19	0.41	1.40289
0.19	0.42	1.41467
0.19	0.43	1.42733
0.19	0.44	1.43959
0.19	0.45	1.45271
0.19	0.46	1.46552
0.19	0.47	1.47892
0.19	0.48	1.49229
0.19	0.49	1.50622
0.19	0.5	1.51993
0.19	0.51	1.53376
0.19	0.52	1.54854
0.19	0.53	1.56293
0.19	0.54	1.57815
0.19	0.55	1.5929
0.19	0.56	1.60884
0.19	0.57	1.62411
0.19	0.58	1.64075
0.19	0.59	1.65682
0.19	0.6	1.67431
0.19	0.61	1.69164
0.19	0.62	1.71001
0.19	0.63	1.72872
0.19	0.64	1.74805
0.19	0.65	1.76802
0.19	0.66	1.78834
0.19	0.67	1.80938
0.19	0.68	1.83068
0.19	0.69	1.85262
0.19	0.7	1.87477
0.19	0.71	1.89742
0.19	0.72	1.92025
0.19	0.73	1.94355
0.19	0.74	1.96726
0.19	0.75	1.99134
0.19	0.76	2.01598
0.19	0.77	2.04092
0.19	0.78	2.06653
0.19	0.79	2.09239
0.19	0.8	2.11896
0.19	0.81	2.14581
0.19	0.82	2.17345
0.19	0.83	2.20133
0.19	0.84	2.23004
0.19	0.85	2.25895
0.19	0.86	2.28879
0.19	0.87	2.31879
0.19	0.88	2.34981
0.19	0.89	2.38093
0.19	0.9	2.4132
0.19	0.91	2.44546
0.19	0.92	2.47909
0.19	0.93	2.51277
0.19	0.94	2.54782
0.19	0.95	2.58336
0.19	0.96	2.61921
0.19	0.97	2.66552
0.19	0.98	2.66552
0.19	0.99	2.66552


0.2	0	1.06269
0.2	0.01	1.06269
0.2	0.02	1.06269
0.2	0.03	1.07416
0.2	0.04	1.08198
0.2	0.05	1.0894
0.2	0.06	1.09636
0.2	0.07	1.10363
0.2	0.08	1.11062
0.2	0.09	1.118
0.2	0.1	1.12512
0.2	0.11	1.13261
0.2	0.12	1.13986
0.2	0.13	1.14748
0.2	0.14	1.15489
0.2	0.15	1.16263
0.2	0.16	1.17018
0.2	0.17	1.17808
0.2	0.18	1.18581
0.2	0.19	1.19383
0.2	0.2	1.20178
0.2	0.21	1.20997
0.2	0.22	1.21811
0.2	0.23	1.22646
0.2	0.24	1.23477
0.2	0.25	1.2432
0.2	0.26	1.25171
0.2	0.27	1.26024
0.2	0.28	1.26888
0.2	0.29	1.2776
0.2	0.3	1.28653
0.2	0.31	1.29561
0.2	0.32	1.30493
0.2	0.33	1.31451
0.2	0.34	1.32439
0.2	0.35	1.33466
0.2	0.36	1.34513
0.2	0.37	1.35619
0.2	0.38	1.3672
0.2	0.39	1.379
0.2	0.4	1.39042
0.2	0.41	1.40284
0.2	0.42	1.41466
0.2	0.43	1.42746
0.2	0.44	1.43974
0.2	0.45	1.45287
0.2	0.46	1.46565
0.2	0.47	1.47906
0.2	0.48	1.49244
0.2	0.49	1.50637
0.2	0.5	1.52008
0.2	0.51	1.53392
0.2	0.52	1.54871
0.2	0.53	1.56311
0.2	0.54	1.57833
0.2	0.55	1.59306
0.2	0.56	1.60897
0.2	0.57	1.62408
0.2	0.58	1.64067
0.2	0.59	1.65621
0.2	0.6	1.67353
0.2	0.61	1.68987
0.2	0.62	1.70787
0.2	0.63	1.72533
0.2	0.64	1.74418
0.2	0.65	1.76297
0.2	0.66	1.78279
0.2	0.67	1.80297
0.2	0.68	1.82392
0.2	0.69	1.84529
0.2	0.7	1.86726
0.2	0.71	1.88969
0.2	0.72	1.9127
0.2	0.73	1.93605
0.2	0.74	1.95985
0.2	0.75	1.98389
0.2	0.76	2.00849
0.2	0.77	2.03332
0.2	0.78	2.05884
0.2	0.79	2.08457
0.2	0.8	2.11106
0.2	0.81	2.13778
0.2	0.82	2.16533
0.2	0.83	2.19307
0.2	0.84	2.2217
0.2	0.85	2.25049
0.2	0.86	2.28025
0.2	0.87	2.31014
0.2	0.88	2.34108
0.2	0.89	2.37208
0.2	0.9	2.40429
0.2	0.91	2.43641
0.2	0.92	2.47005
0.2	0.93	2.50348
0.2	0.94	2.53879
0.2	0.95	2.57367
0.2	0.96	2.61061
0.2	0.97	2.65604
0.2	0.98	2.65604
0.2	0.99	2.65604


0.21	0	1.06035
0.21	0.01	1.06035
0.21	0.02	1.06035
0.21	0.03	1.07287
0.21	0.04	1.0799
0.21	0.05	1.08734
0.21	0.06	1.09413
0.21	0.07	1.10134
0.21	0.08	1.10823
0.21	0.09	1.11553
0.21	0.1	1.12257
0.21	0.11	1.12999
0.21	0.12	1.13715
0.21	0.13	1.1447
0.21	0.14	1.15202
0.21	0.15	1.1597
0.21	0.16	1.16717
0.21	0.17	1.17501
0.21	0.18	1.18265
0.21	0.19	1.19061
0.21	0.2	1.19846
0.21	0.21	1.20656
0.21	0.22	1.21455
0.21	0.23	1.22275
0.21	0.24	1.23083
0.21	0.25	1.23911
0.21	0.26	1.24743
0.21	0.27	1.256
0.21	0.28	1.26469
0.21	0.29	1.27367
0.21	0.3	1.2828
0.21	0.31	1.29246
0.21	0.32	1.30206
0.21	0.33	1.31247
0.21	0.34	1.32262
0.21	0.35	1.3337
0.21	0.36	1.34434
0.21	0.37	1.35594
0.21	0.38	1.36702
0.21	0.39	1.37906
0.21	0.4	1.39051
0.21	0.41	1.40298
0.21	0.42	1.41482
0.21	0.43	1.42761
0.21	0.44	1.43987
0.21	0.45	1.45299
0.21	0.46	1.46579
0.21	0.47	1.4792
0.21	0.48	1.49259
0.21	0.49	1.50653
0.21	0.5	1.52025
0.21	0.51	1.5341
0.21	0.52	1.54889
0.21	0.53	1.5633
0.21	0.54	1.57852
0.21	0.55	1.59327
0.21	0.56	1.60918
0.21	0.57	1.62428
0.21	0.58	1.64083
0.21	0.59	1.65635
0.21	0.6	1.67357
0.21	0.61	1.68962
0.21	0.62	1.70753
0.21	0.63	1.72425
0.21	0.64	1.74286
0.21	0.65	1.76055
0.21	0.66	1.77995
0.21	0.67	1.79885
0.21	0.68	1.8193
0.21	0.69	1.83957
0.21	0.7	1.86106
0.21	0.71	1.88272
0.21	0.72	1.9054
0.21	0.73	1.92827
0.21	0.74	1.952
0.21	0.75	1.97597
0.21	0.76	2.00075
0.21	0.77	2.02564
0.21	0.78	2.05119
0.21	0.79	2.07685
0.21	0.8	2.10327
0.21	0.81	2.12986
0.21	0.82	2.15731
0.21	0.83	2.18492
0.21	0.84	2.21345
0.21	0.85	2.2421
0.21	0.86	2.27176
0.21	0.87	2.30152
0.21	0.88	2.33237
0.21	0.89	2.36325
0.21	0.9	2.39539
0.21	0.91	2.42736
0.21	0.92	2.46099
0.21	0.93	2.49414
0.21	0.94	2.52972
0.21	0.95	2.56392
0.21	0.96	2.60184
0.21	0.97	2.64638
0.21	0.98	2.64638
0.21	0.99	2.64638


0.22	0	1.05786
0.22	0.01	1.05786
0.22	0.02	1.05786
0.22	0.03	1.07132
0.22	0.04	1.07758
0.22	0.05	1.08506
0.22	0.06	1.09169
0.22	0.07	1.09884
0.22	0.08	1.10564
0.22	0.09	1.11288
0.22	0.1	1.11984
0.22	0.11	1.12719
0.22	0.12	1.13428
0.22	0.13	1.14177
0.22	0.14	1.14902
0.22	0.15	1.15663
0.22	0.16	1.16402
0.22	0.17	1.17177
0.22	0.18	1.1793
0.22	0.19	1.18714
0.22	0.2	1.1948
0.22	0.21	1.20271
0.22	0.22	1.21049
0.22	0.23	1.21865
0.22	0.24	1.2267
0.22	0.25	1.23518
0.22	0.26	1.24363
0.22	0.27	1.25268
0.22	0.28	1.26161
0.22	0.29	1.27132
0.22	0.3	1.28071
0.22	0.31	1.29116
0.22	0.32	1.30097
0.22	0.33	1.31199
0.22	0.34	1.32226
0.22	0.35	1.33366
0.22	0.36	1.34433
0.22	0.37	1.35603
0.22	0.38	1.36716
0.22	0.39	1.3792
0.22	0.4	1.39064
0.22	0.41	1.4031
0.22	0.42	1.41496
0.22	0.43	1.42774
0.22	0.44	1.44002
0.22	0.45	1.45315
0.22	0.46	1.46596
0.22	0.47	1.47937
0.22	0.48	1.49276
0.22	0.49	1.5067
0.22	0.5	1.52042
0.22	0.51	1.53429
0.22	0.52	1.54908
0.22	0.53	1.5635
0.22	0.54	1.57872
0.22	0.55	1.59348
0.22	0.56	1.60939
0.22	0.57	1.62449
0.22	0.58	1.64102
0.22	0.59	1.65656
0.22	0.6	1.67377
0.22	0.61	1.6898
0.22	0.62	1.7076
0.22	0.63	1.72427
0.22	0.64	1.74273
0.22	0.65	1.75996
0.22	0.66	1.77921
0.22	0.67	1.7972
0.22	0.68	1.81734
0.22	0.69	1.83641
0.22	0.7	1.85744
0.22	0.71	1.87783
0.22	0.72	1.90001
0.22	0.73	1.92188
0.22	0.74	1.94517
0.22	0.75	1.96845
0.22	0.76	1.99295
0.22	0.77	2.01749
0.22	0.78	2.04309
0.22	0.79	2.06879
0.22	0.8	2.09534
0.22	0.81	2.12195
0.22	0.82	2.14937
0.22	0.83	2.1769
0.22	0.84	2.20533
0.22	0.85	2.23386
0.22	0.86	2.2634
0.22	0.87	2.29302
0.22	0.88	2.32376
0.22	0.89	2.3545
0.22	0.9	2.38656
0.22	0.91	2.41835
0.22	0.92	2.45199
0.22	0.93	2.48484
0.22	0.94	2.52068
0.22	0.95	2.55419
0.22	0.96	2.593
0.22	0.97	2.63662
0.22	0.98	2.63662
0.22	0.99	2.63662


0.23	0	1.05524
0.23	0.01	1.05524
0.23	0.02	1.05524
0.23	0.03	1.06955
0.23	0.04	1.07505
0.23	0.05	1.08261
0.23	0.06	1.08907
0.23	0.07	1.09618
0.23	0.08	1.1029
0.23	0.09	1.11008
0.23	0.1	1.11697
0.23	0.11	1.12426
0.23	0.12	1.13128
0.23	0.13	1.13869
0.23	0.14	1.14585
0.23	0.15	1.15336
0.23	0.16	1.1606
0.23	0.17	1.16818
0.23	0.18	1.17547
0.23	0.19	1.18321
0.23	0.2	1.19077
0.23	0.21	1.19881
0.23	0.22	1.20668
0.23	0.23	1.21521
0.23	0.24	1.22346
0.23	0.25	1.23257
0.23	0.26	1.24128
0.23	0.27	1.25107
0.23	0.28	1.26022
0.23	0.29	1.27058
0.23	0.3	1.28011
0.23	0.31	1.29097
0.23	0.32	1.30084
0.23	0.33	1.31203
0.23	0.34	1.32233
0.23	0.35	1.33377
0.23	0.36	1.34447
0.23	0.37	1.35618
0.23	0.38	1.36729
0.23	0.39	1.37933
0.23	0.4	1.39078
0.23	0.41	1.40324
0.23	0.42	1.4151
0.23	0.43	1.42789
0.23	0.44	1.44018
0.23	0.45	1.45332
0.23	0.46	1.46613
0.23	0.47	1.47955
0.23	0.48	1.49295
0.23	0.49	1.50689
0.23	0.5	1.52062
0.23	0.51	1.53448
0.23	0.52	1.54927
0.23	0.53	1.56369
0.23	0.54	1.5789
0.23	0.55	1.59368
0.23	0.56	1.60958
0.23	0.57	1.6247
0.23	0.58	1.64122
0.23	0.59	1.65677
0.23	0.6	1.67396
0.23	0.61	1.69001
0.23	0.62	1.70779
0.23	0.63	1.72444
0.23	0.64	1.74285
0.23	0.65	1.76008
0.23	0.66	1.77914
0.23	0.67	1.79702
0.23	0.68	1.8169
0.23	0.69	1.83535
0.23	0.7	1.85618
0.23	0.71	1.87554
0.23	0.72	1.89735
0.23	0.73	1.91796
0.23	0.74	1.94076
0.23	0.75	1.96283
0.23	0.76	1.98682
0.23	0.77	2.01045
0.23	0.78	2.03565
0.23	0.79	2.06074
0.23	0.8	2.08709
0.23	0.81	2.1135
0.23	0.82	2.14107
0.23	0.83	2.16867
0.23	0.84	2.19717
0.23	0.85	2.22568
0.23	0.86	2.25516
0.23	0.87	2.28467
0.23	0.88	2.31531
0.23	0.89	2.3459
0.23	0.9	2.37787
0.23	0.91	2.40947
0.23	0.92	2.4431
0.23	0.93	2.47563
0.23	0.94	2.51174
0.23	0.95	2.54454
0.23	0.96	2.58421
0.23	0.97	2.62683
0.23	0.98	2.62683
0.23	0.99	2.62683


0.24	0	1.05248
0.24	0.01	1.05248
0.24	0.02	1.05248
0.24	0.03	1.0676
0.24	0.04	1.07236
0.24	0.05	1.08
0.24	0.06	1.08632
0.24	0.07	1.09339
0.24	0.08	1.10004
0.24	0.09	1.10715
0.24	0.1	1.11396
0.24	0.11	1.12116
0.24	0.12	1.12806
0.24	0.13	1.13534
0.24	0.14	1.14228
0.24	0.15	1.14962
0.24	0.16	1.15672
0.24	0.17	1.16434
0.24	0.18	1.17168
0.24	0.19	1.1797
0.24	0.2	1.18743
0.24	0.21	1.19599
0.24	0.22	1.2041
0.24	0.23	1.21331
0.24	0.24	1.22179
0.24	0.25	1.23156
0.24	0.26	1.24043
0.24	0.27	1.2507
0.24	0.28	1.25994
0.24	0.29	1.27055
0.24	0.3	1.28011
0.24	0.31	1.29104
0.24	0.32	1.30096
0.24	0.33	1.31216
0.24	0.34	1.32247
0.24	0.35	1.3339
0.24	0.36	1.3446
0.24	0.37	1.3563
0.24	0.38	1.36743
0.24	0.39	1.37948
0.24	0.4	1.39095
0.24	0.41	1.40341
0.24	0.42	1.41528
0.24	0.43	1.42806
0.24	0.44	1.44035
0.24	0.45	1.45349
0.24	0.46	1.46631
0.24	0.47	1.47974
0.24	0.48	1.49313
0.24	0.49	1.50708
0.24	0.5	1.5208
0.24	0.51	1.53468
0.24	0.52	1.54946
0.24	0.53	1.56389
0.24	0.54	1.57909
0.24	0.55	1.59387
0.24	0.56	1.60976
0.24	0.57	1.62489
0.24	0.58	1.64139
0.24	0.59	1.65695
0.24	0.6	1.67412
0.24	0.61	1.6902
0.24	0.62	1.70796
0.24	0.63	1.72461
0.24	0.64	1.743
0.24	0.65	1.76024
0.24	0.66	1.77929
0.24	0.67	1.79712
0.24	0.68	1.81694
0.24	0.69	1.83535
0.24	0.7	1.8559
0.24	0.71	1.8751
0.24	0.72	1.89649
0.24	0.73	1.91636
0.24	0.74	1.93888
0.24	0.75	1.95979
0.24	0.76	1.9834
0.24	0.77	2.00577
0.24	0.78	2.03046
0.24	0.79	2.05441
0.24	0.8	2.08027
0.24	0.81	2.10585
0.24	0.82	2.13306
0.24	0.83	2.16015
0.24	0.84	2.18858
0.24	0.85	2.21702
0.24	0.86	2.24668
0.24	0.87	2.27625
0.24	0.88	2.30691
0.24	0.89	2.33743
0.24	0.9	2.36935
0.24	0.91	2.40077
0.24	0.92	2.43439
0.24	0.93	2.46659
0.24	0.94	2.50297
0.24	0.95	2.53503
0.24	0.96	2.57554
0.24	0.97	2.61704
0.24	0.98	2.61704
0.24	0.99	2.61704


0.25	0	1.0496
0.25	0.01	1.0496
0.25	0.02	1.0496
0.25	0.03	1.0655
0.25	0.04	1.06954
0.25	0.05	1.07727
0.25	0.06	1.08345
0.25	0.07	1.09045
0.25	0.08	1.097
0.25	0.09	1.104
0.25	0.1	1.11064
0.25	0.11	1.11765
0.25	0.12	1.12436
0.25	0.13	1.1316
0.25	0.14	1.13854
0.25	0.15	1.14609
0.25	0.16	1.15331
0.25	0.17	1.16135
0.25	0.18	1.16891
0.25	0.19	1.17754
0.25	0.2	1.18549
0.25	0.21	1.19471
0.25	0.22	1.203
0.25	0.23	1.21273
0.25	0.24	1.22132
0.25	0.25	1.23141
0.25	0.26	1.24033
0.25	0.27	1.25073
0.25	0.28	1.26003
0.25	0.29	1.27065
0.25	0.3	1.28024
0.25	0.31	1.29118
0.25	0.32	1.3011
0.25	0.33	1.31229
0.25	0.34	1.3226
0.25	0.35	1.33404
0.25	0.36	1.34475
0.25	0.37	1.35646
0.25	0.38	1.36759
0.25	0.39	1.37964
0.25	0.4	1.39111
0.25	0.41	1.40358
0.25	0.42	1.41546
0.25	0.43	1.42824
0.25	0.44	1.44054
0.25	0.45	1.45368
0.25	0.46	1.46649
0.25	0.47	1.47992
0.25	0.48	1.49331
0.25	0.49	1.50725
0.25	0.5	1.52098
0.25	0.51	1.53486
0.25	0.52	1.54965
0.25	0.53	1.56408
0.25	0.54	1.57927
0.25	0.55	1.59405
0.25	0.56	1.60993
0.25	0.57	1.62507
0.25	0.58	1.64156
0.25	0.59	1.65711
0.25	0.6	1.67427
0.25	0.61	1.69036
0.25	0.62	1.70811
0.25	0.63	1.72477
0.25	0.64	1.74315
0.25	0.65	1.7604
0.25	0.66	1.77944
0.25	0.67	1.79727
0.25	0.68	1.81705
0.25	0.69	1.83548
0.25	0.7	1.85598
0.25	0.71	1.8751
0.25	0.72	1.89643
0.25	0.73	1.91617
0.25	0.74	1.93831
0.25	0.75	1.95902
0.25	0.76	1.98204
0.25	0.77	2.00355
0.25	0.78	2.02787
0.25	0.79	2.0506
0.25	0.8	2.07607
0.25	0.81	2.10042
0.25	0.82	2.12712
0.25	0.83	2.15315
0.25	0.84	2.1811
0.25	0.85	2.20879
0.25	0.86	2.23814
0.25	0.87	2.26733
0.25	0.88	2.29806
0.25	0.89	2.3286
0.25	0.9	2.3607
0.25	0.91	2.39208
0.25	0.92	2.42581
0.25	0.93	2.45772
0.25	0.94	2.49441
0.25	0.95	2.52572
0.25	0.96	2.56711
0.25	0.97	2.60733
0.25	0.98	2.60733
0.25	0.99	2.60733


0.26	0	1.04659
0.26	0.01	1.04659
0.26	0.02	1.04659
0.26	0.03	1.06327
0.26	0.04	1.06657
0.26	0.05	1.07437
0.26	0.06	1.08033
0.26	0.07	1.08719
0.26	0.08	1.0935
0.26	0.09	1.10042
0.26	0.1	1.10697
0.26	0.11	1.11413
0.26	0.12	1.12093
0.26	0.13	1.1285
0.26	0.14	1.13562
0.26	0.15	1.1437
0.26	0.16	1.15114
0.26	0.17	1.1598
0.26	0.18	1.16755
0.26	0.19	1.17673
0.26	0.2	1.18482
0.26	0.21	1.19441
0.26	0.22	1.20277
0.26	0.23	1.2127
0.26	0.24	1.22134
0.26	0.25	1.23147
0.26	0.26	1.24044
0.26	0.27	1.25084
0.26	0.28	1.26016
0.26	0.29	1.27077
0.26	0.3	1.28037
0.26	0.31	1.29131
0.26	0.32	1.30124
0.26	0.33	1.31244
0.26	0.34	1.32276
0.26	0.35	1.3342
0.26	0.36	1.34492
0.26	0.37	1.35662
0.26	0.38	1.36777
0.26	0.39	1.37981
0.26	0.4	1.3913
0.26	0.41	1.40375
0.26	0.42	1.41564
0.26	0.43	1.42842
0.26	0.44	1.44072
0.26	0.45	1.45386
0.26	0.46	1.46667
0.26	0.47	1.48011
0.26	0.48	1.4935
0.26	0.49	1.50744
0.26	0.5	1.52116
0.26	0.51	1.53504
0.26	0.52	1.54981
0.26	0.53	1.56424
0.26	0.54	1.57943
0.26	0.55	1.59421
0.26	0.56	1.61008
0.26	0.57	1.62523
0.26	0.58	1.64171
0.26	0.59	1.65727
0.26	0.6	1.67442
0.26	0.61	1.6905
0.26	0.62	1.70825
0.26	0.63	1.72491
0.26	0.64	1.74328
0.26	0.65	1.76053
0.26	0.66	1.77957
0.26	0.67	1.79741
0.26	0.68	1.81718
0.26	0.69	1.83562
0.26	0.7	1.85611
0.26	0.71	1.87522
0.26	0.72	1.89649
0.26	0.73	1.91628
0.26	0.74	1.9383
0.26	0.75	1.95889
0.26	0.76	1.98184
0.26	0.77	2.00312
0.26	0.78	2.02692
0.26	0.79	2.04936
0.26	0.8	2.07417
0.26	0.81	2.09749
0.26	0.82	2.12374
0.26	0.83	2.14856
0.26	0.84	2.17611
0.26	0.85	2.20263
0.26	0.86	2.23148
0.26	0.87	2.25968
0.26	0.88	2.28996
0.26	0.89	2.31981
0.26	0.9	2.35173
0.26	0.91	2.38282
0.26	0.92	2.41686
0.26	0.93	2.44864
0.26	0.94	2.48585
0.26	0.95	2.5165
0.26	0.96	2.55893
0.26	0.97	2.59766
0.26	0.98	2.59766
0.26	0.99	2.59766


0.27	0	1.04337
0.27	0.01	1.04337
0.27	0.02	1.04337
0.27	0.03	1.06078
0.27	0.04	1.06321
0.27	0.05	1.07105
0.27	0.06	1.07676
0.27	0.07	1.08371
0.27	0.08	1.09007
0.27	0.09	1.09725
0.27	0.1	1.10395
0.27	0.11	1.11155
0.27	0.12	1.11855
0.27	0.13	1.1267
0.27	0.14	1.13402
0.27	0.15	1.14266
0.27	0.16	1.15025
0.27	0.17	1.15933
0.27	0.18	1.16718
0.27	0.19	1.17661
0.27	0.2	1.18475
0.27	0.21	1.19443
0.27	0.22	1.20285
0.27	0.23	1.21278
0.27	0.24	1.22145
0.27	0.25	1.23159
0.27	0.26	1.24058
0.27	0.27	1.25097
0.27	0.28	1.26029
0.27	0.29	1.27091
0.27	0.3	1.28053
0.27	0.31	1.29146
0.27	0.32	1.3014
0.27	0.33	1.31259
0.27	0.34	1.32293
0.27	0.35	1.33437
0.27	0.36	1.3451
0.27	0.37	1.3568
0.27	0.38	1.36795
0.27	0.39	1.37999
0.27	0.4	1.39148
0.27	0.41	1.40393
0.27	0.42	1.41581
0.27	0.43	1.4286
0.27	0.44	1.4409
0.27	0.45	1.45403
0.27	0.46	1.46685
0.27	0.47	1.48028
0.27	0.48	1.49367
0.27	0.49	1.5076
0.27	0.5	1.52132
0.27	0.51	1.5352
0.27	0.52	1.54997
0.27	0.53	1.5644
0.27	0.54	1.57957
0.27	0.55	1.59436
0.27	0.56	1.61022
0.27	0.57	1.62537
0.27	0.58	1.64184
0.27	0.59	1.65741
0.27	0.6	1.67455
0.27	0.61	1.69064
0.27	0.62	1.70837
0.27	0.63	1.72505
0.27	0.64	1.7434
0.27	0.65	1.76066
0.27	0.66	1.77968
0.27	0.67	1.79753
0.27	0.68	1.81728
0.27	0.69	1.83574
0.27	0.7	1.85623
0.27	0.71	1.87534
0.27	0.72	1.8966
0.27	0.73	1.9164
0.27	0.74	1.93843
0.27	0.75	1.95897
0.27	0.76	1.98185
0.27	0.77	2.0032
0.27	0.78	2.02682
0.27	0.79	2.04906
0.27	0.8	2.07373
0.27	0.81	2.0968
0.27	0.82	2.12235
0.27	0.83	2.14672
0.27	0.84	2.17358
0.27	0.85	2.19891
0.27	0.86	2.22731
0.27	0.87	2.2543
0.27	0.88	2.2842
0.27	0.89	2.31293
0.27	0.9	2.34441
0.27	0.91	2.37454
0.27	0.92	2.40823
0.27	0.93	2.43918
0.27	0.94	2.47688
0.27	0.95	2.50679
0.27	0.96	2.55063
0.27	0.97	2.58777
0.27	0.98	2.58777
0.27	0.99	2.58777


0.28	0	1.03963
0.28	0.01	1.03963
0.28	0.02	1.03963
0.28	0.03	1.05804
0.28	0.04	1.05967
0.28	0.05	1.06788
0.28	0.06	1.07367
0.28	0.07	1.08101
0.28	0.08	1.08754
0.28	0.09	1.09524
0.28	0.1	1.10212
0.28	0.11	1.11028
0.28	0.12	1.11745
0.28	0.13	1.12605
0.28	0.14	1.13347
0.28	0.15	1.14241
0.28	0.16	1.15006
0.28	0.17	1.1593
0.28	0.18	1.16721
0.28	0.19	1.17665
0.28	0.2	1.18484
0.28	0.21	1.19453
0.28	0.22	1.20297
0.28	0.23	1.21289
0.28	0.24	1.22158
0.28	0.25	1.23171
0.28	0.26	1.24071
0.28	0.27	1.2511
0.28	0.28	1.26044
0.28	0.29	1.27106
0.28	0.3	1.28069
0.28	0.31	1.29162
0.28	0.32	1.30157
0.28	0.33	1.31276
0.28	0.34	1.32311
0.28	0.35	1.33454
0.28	0.36	1.34527
0.28	0.37	1.35697
0.28	0.38	1.36813
0.28	0.39	1.38016
0.28	0.4	1.39165
0.28	0.41	1.4041
0.28	0.42	1.41599
0.28	0.43	1.42877
0.28	0.44	1.44107
0.28	0.45	1.4542
0.28	0.46	1.46701
0.28	0.47	1.48043
0.28	0.48	1.49383
0.28	0.49	1.50775
0.28	0.5	1.52146
0.28	0.51	1.53535
0.28	0.52	1.55011
0.28	0.53	1.56454
0.28	0.54	1.57971
0.28	0.55	1.5945
0.28	0.56	1.61035
0.28	0.57	1.6255
0.28	0.58	1.64196
0.28	0.59	1.65753
0.28	0.6	1.67466
0.28	0.61	1.69076
0.28	0.62	1.70848
0.28	0.63	1.72517
0.28	0.64	1.74351
0.28	0.65	1.76078
0.28	0.66	1.77979
0.28	0.67	1.79765
0.28	0.68	1.81739
0.28	0.69	1.83585
0.28	0.7	1.85633
0.28	0.71	1.87546
0.28	0.72	1.8967
0.28	0.73	1.91652
0.28	0.74	1.93856
0.28	0.75	1.9591
0.28	0.76	1.98195
0.28	0.77	2.0033
0.28	0.78	2.02697
0.28	0.79	2.04911
0.28	0.8	2.07367
0.28	0.81	2.09678
0.28	0.82	2.12215
0.28	0.83	2.14623
0.28	0.84	2.17281
0.28	0.85	2.19785
0.28	0.86	2.22539
0.28	0.87	2.25188
0.28	0.88	2.28088
0.28	0.89	2.30841
0.28	0.9	2.33946
0.28	0.91	2.36831
0.28	0.92	2.40177
0.28	0.93	2.43157
0.28	0.94	2.46917
0.28	0.95	2.49745
0.28	0.96	2.54251
0.28	0.97	2.57718
0.28	0.98	2.57718
0.28	0.99	2.57718


0.29	0	1.03596
0.29	0.01	1.03596
0.29	0.02	1.03596
0.29	0.03	1.05582
0.29	0.04	1.05696
0.29	0.05	1.06569
0.29	0.06	1.07164
0.29	0.07	1.07951
0.29	0.08	1.08621
0.29	0.09	1.09439
0.29	0.1	1.1014
0.29	0.11	1.1099
0.29	0.12	1.11715
0.29	0.13	1.12594
0.29	0.14	1.13343
0.29	0.15	1.14242
0.29	0.16	1.15014
0.29	0.17	1.15937
0.29	0.18	1.16731
0.29	0.19	1.17675
0.29	0.2	1.18496
0.29	0.21	1.19464
0.29	0.22	1.2031
0.29	0.23	1.21302
0.29	0.24	1.22172
0.29	0.25	1.23185
0.29	0.26	1.24086
0.29	0.27	1.25125
0.29	0.28	1.2606
0.29	0.29	1.27121
0.29	0.3	1.28085
0.29	0.31	1.29178
0.29	0.32	1.30174
0.29	0.33	1.31293
0.29	0.34	1.32328
0.29	0.35	1.3347
0.29	0.36	1.34544
0.29	0.37	1.35714
0.29	0.38	1.3683
0.29	0.39	1.38033
0.29	0.4	1.39183
0.29	0.41	1.40427
0.29	0.42	1.41616
0.29	0.43	1.42893
0.29	0.44	1.44123
0.29	0.45	1.45435
0.29	0.46	1.46716
0.29	0.47	1.48058
0.29	0.48	1.49397
0.29	0.49	1.50789
0.29	0.5	1.5216
0.29	0.51	1.53548
0.29	0.52	1.55024
0.29	0.53	1.56467
0.29	0.54	1.57984
0.29	0.55	1.59463
0.29	0.56	1.61047
0.29	0.57	1.62563
0.29	0.58	1.64207
0.29	0.59	1.65765
0.29	0.6	1.67477
0.29	0.61	1.69088
0.29	0.62	1.70859
0.29	0.63	1.72528
0.29	0.64	1.74361
0.29	0.65	1.76089
0.29	0.66	1.77989
0.29	0.67	1.79776
0.29	0.68	1.8175
0.29	0.69	1.83597
0.29	0.7	1.85644
0.29	0.71	1.87558
0.29	0.72	1.89681
0.29	0.73	1.91664
0.29	0.74	1.93867
0.29	0.75	1.95923
0.29	0.76	1.98207
0.29	0.77	2.00343
0.29	0.78	2.0271
0.29	0.79	2.04927
0.29	0.8	2.07377
0.29	0.81	2.09685
0.29	0.82	2.12228
0.29	0.83	2.14625
0.29	0.84	2.17268
0.29	0.85	2.1977
0.29	0.86	2.22498
0.29	0.87	2.25108
0.29	0.88	2.27978
0.29	0.89	2.30677
0.29	0.9	2.33687
0.29	0.91	2.36523
0.29	0.92	2.39751
0.29	0.93	2.42638
0.29	0.94	2.46368
0.29	0.95	2.49024
0.29	0.96	2.53645
0.29	0.97	2.56763
0.29	0.98	2.56763
0.29	0.99	2.56763


0.3	0	1.03332
0.3	0.01	1.03332
0.3	0.02	1.03332
0.3	0.03	1.05456
0.3	0.04	1.05541
0.3	0.05	1.06466
0.3	0.06	1.07072
0.3	0.07	1.07898
0.3	0.08	1.08576
0.3	0.09	1.09418
0.3	0.1	1.10125
0.3	0.11	1.10987
0.3	0.12	1.11717
0.3	0.13	1.12598
0.3	0.14	1.13351
0.3	0.15	1.14251
0.3	0.16	1.15025
0.3	0.17	1.15947
0.3	0.18	1.16742
0.3	0.19	1.17687
0.3	0.2	1.18509
0.3	0.21	1.19477
0.3	0.22	1.20324
0.3	0.23	1.21315
0.3	0.24	1.22187
0.3	0.25	1.232
0.3	0.26	1.24102
0.3	0.27	1.2514
0.3	0.28	1.26076
0.3	0.29	1.27137
0.3	0.3	1.28102
0.3	0.31	1.29193
0.3	0.32	1.3019
0.3	0.33	1.31309
0.3	0.34	1.32344
0.3	0.35	1.33486
0.3	0.36	1.34561
0.3	0.37	1.3573
0.3	0.38	1.36846
0.3	0.39	1.38048
0.3	0.4	1.39198
0.3	0.41	1.40442
0.3	0.42	1.4163
0.3	0.43	1.42907
0.3	0.44	1.44137
0.3	0.45	1.45449
0.3	0.46	1.4673
0.3	0.47	1.48072
0.3	0.48	1.4941
0.3	0.49	1.50802
0.3	0.5	1.52173
0.3	0.51	1.53561
0.3	0.52	1.55036
0.3	0.53	1.56479
0.3	0.54	1.57995
0.3	0.55	1.59474
0.3	0.56	1.61057
0.3	0.57	1.62574
0.3	0.58	1.64218
0.3	0.59	1.65777
0.3	0.6	1.67487
0.3	0.61	1.69099
0.3	0.62	1.70869
0.3	0.63	1.72539
0.3	0.64	1.74371
0.3	0.65	1.761
0.3	0.66	1.77999
0.3	0.67	1.79787
0.3	0.68	1.8176
0.3	0.69	1.83609
0.3	0.7	1.85655
0.3	0.71	1.8757
0.3	0.72	1.89693
0.3	0.73	1.91676
0.3	0.74	1.93878
0.3	0.75	1.95936
0.3	0.76	1.98219
0.3	0.77	2.00356
0.3	0.78	2.02722
0.3	0.79	2.04942
0.3	0.8	2.07392
0.3	0.81	2.097
0.3	0.82	2.12242
0.3	0.83	2.14641
0.3	0.84	2.17277
0.3	0.85	2.19775
0.3	0.86	2.22508
0.3	0.87	2.25099
0.3	0.88	2.27951
0.3	0.89	2.30651
0.3	0.9	2.33618
0.3	0.91	2.36408
0.3	0.92	2.39615
0.3	0.93	2.42399
0.3	0.94	2.46064
0.3	0.95	2.48595
0.3	0.96	2.53248
0.3	0.97	2.56031
0.3	0.98	2.56031
0.3	0.99	2.56031


0.31	0	1.03197
0.31	0.01	1.03197
0.31	0.02	1.03197
0.31	0.03	1.05407
0.31	0.04	1.0548
0.31	0.05	1.06436
0.31	0.06	1.07047
0.31	0.07	1.07891
0.31	0.08	1.08573
0.31	0.09	1.0942
0.31	0.1	1.10131
0.31	0.11	1.10993
0.31	0.12	1.11726
0.31	0.13	1.12607
0.31	0.14	1.13362
0.31	0.15	1.14262
0.31	0.16	1.15037
0.31	0.17	1.15959
0.31	0.18	1.16756
0.31	0.19	1.177
0.31	0.2	1.18523
0.31	0.21	1.1949
0.31	0.22	1.20338
0.31	0.23	1.21329
0.31	0.24	1.22202
0.31	0.25	1.23214
0.31	0.26	1.24117
0.31	0.27	1.25155
0.31	0.28	1.26092
0.31	0.29	1.27152
0.31	0.3	1.28117
0.31	0.31	1.29209
0.31	0.32	1.30206
0.31	0.33	1.31324
0.31	0.34	1.3236
0.31	0.35	1.33501
0.31	0.36	1.34576
0.31	0.37	1.35744
0.31	0.38	1.36861
0.31	0.39	1.38062
0.31	0.4	1.39212
0.31	0.41	1.40455
0.31	0.42	1.41644
0.31	0.43	1.4292
0.31	0.44	1.4415
0.31	0.45	1.45461
0.31	0.46	1.46742
0.31	0.47	1.48084
0.31	0.48	1.49423
0.31	0.49	1.50814
0.31	0.5	1.52184
0.31	0.51	1.53573
0.31	0.52	1.55047
0.31	0.53	1.5649
0.31	0.54	1.58006
0.31	0.55	1.59486
0.31	0.56	1.61068
0.31	0.57	1.62585
0.31	0.58	1.64228
0.31	0.59	1.65787
0.31	0.6	1.67497
0.31	0.61	1.6911
0.31	0.62	1.70879
0.31	0.63	1.7255
0.31	0.64	1.74382
0.31	0.65	1.76111
0.31	0.66	1.7801
0.31	0.67	1.79799
0.31	0.68	1.8177
0.31	0.69	1.8362
0.31	0.7	1.85666
0.31	0.71	1.87583
0.31	0.72	1.89704
0.31	0.73	1.91689
0.31	0.74	1.93891
0.31	0.75	1.9595
0.31	0.76	1.98232
0.31	0.77	2.00371
0.31	0.78	2.02735
0.31	0.79	2.04956
0.31	0.8	2.07405
0.31	0.81	2.09715
0.31	0.82	2.12256
0.31	0.83	2.14658
0.31	0.84	2.17293
0.31	0.85	2.19791
0.31	0.86	2.22525
0.31	0.87	2.2512
0.31	0.88	2.27963
0.31	0.89	2.3066
0.31	0.9	2.3363
0.31	0.91	2.36387
0.31	0.92	2.39563
0.31	0.93	2.42347
0.31	0.94	2.45965
0.31	0.95	2.48423
0.31	0.96	2.53103
0.31	0.97	2.55609
0.31	0.98	2.55609
0.31	0.99	2.55609


0.32	0	1.03156
0.32	0.01	1.03156
0.32	0.02	1.03156
0.32	0.03	1.05397
0.32	0.04	1.05468
0.32	0.05	1.06435
0.32	0.06	1.07051
0.32	0.07	1.07895
0.32	0.08	1.08581
0.32	0.09	1.09428
0.32	0.1	1.10142
0.32	0.11	1.11004
0.32	0.12	1.11738
0.32	0.13	1.12618
0.32	0.14	1.13375
0.32	0.15	1.14274
0.32	0.16	1.1505
0.32	0.17	1.15972
0.32	0.18	1.1677
0.32	0.19	1.17713
0.32	0.2	1.18538
0.32	0.21	1.19504
0.32	0.22	1.20354
0.32	0.23	1.21343
0.32	0.24	1.22217
0.32	0.25	1.23228
0.32	0.26	1.24132
0.32	0.27	1.25169
0.32	0.28	1.26107
0.32	0.29	1.27166
0.32	0.3	1.28132
0.32	0.31	1.29223
0.32	0.32	1.3022
0.32	0.33	1.31337
0.32	0.34	1.32374
0.32	0.35	1.33514
0.32	0.36	1.34589
0.32	0.37	1.35757
0.32	0.38	1.36873
0.32	0.39	1.38074
0.32	0.4	1.39225
0.32	0.41	1.40467
0.32	0.42	1.41657
0.32	0.43	1.42931
0.32	0.44	1.44162
0.32	0.45	1.45473
0.32	0.46	1.46754
0.32	0.47	1.48095
0.32	0.48	1.49434
0.32	0.49	1.50825
0.32	0.5	1.52195
0.32	0.51	1.53583
0.32	0.52	1.55058
0.32	0.53	1.56501
0.32	0.54	1.58016
0.32	0.55	1.59496
0.32	0.56	1.61078
0.32	0.57	1.62595
0.32	0.58	1.64238
0.32	0.59	1.65798
0.32	0.6	1.67507
0.32	0.61	1.6912
0.32	0.62	1.70889
0.32	0.63	1.72561
0.32	0.64	1.74392
0.32	0.65	1.76123
0.32	0.66	1.78021
0.32	0.67	1.79811
0.32	0.68	1.81782
0.32	0.69	1.83633
0.32	0.7	1.85677
0.32	0.71	1.87595
0.32	0.72	1.89716
0.32	0.73	1.91703
0.32	0.74	1.93903
0.32	0.75	1.95964
0.32	0.76	1.98246
0.32	0.77	2.00385
0.32	0.78	2.02749
0.32	0.79	2.04972
0.32	0.8	2.0742
0.32	0.81	2.09731
0.32	0.82	2.12272
0.32	0.83	2.14677
0.32	0.84	2.17313
0.32	0.85	2.19813
0.32	0.86	2.22548
0.32	0.87	2.25144
0.32	0.88	2.27981
0.32	0.89	2.30673
0.32	0.9	2.33643
0.32	0.91	2.36407
0.32	0.92	2.39566
0.32	0.93	2.42345
0.32	0.94	2.45959
0.32	0.95	2.48391
0.32	0.96	2.53076
0.32	0.97	2.55439
0.32	0.98	2.55439
0.32	0.99	2.55439


0.33	0	1.03158
0.33	0.01	1.03158
0.33	0.02	1.03158
0.33	0.03	1.05397
0.33	0.04	1.05473
0.33	0.05	1.06441
0.33	0.06	1.0706
0.33	0.07	1.07905
0.33	0.08	1.08593
0.33	0.09	1.0944
0.33	0.1	1.10155
0.33	0.11	1.11016
0.33	0.12	1.11751
0.33	0.13	1.12631
0.33	0.14	1.13388
0.33	0.15	1.14286
0.33	0.16	1.15064
0.33	0.17	1.15985
0.33	0.18	1.16784
0.33	0.19	1.17727
0.33	0.2	1.18552
0.33	0.21	1.19518
0.33	0.22	1.20368
0.33	0.23	1.21357
0.33	0.24	1.22232
0.33	0.25	1.23242
0.33	0.26	1.24147
0.33	0.27	1.25183
0.33	0.28	1.26121
0.33	0.29	1.27179
0.33	0.3	1.28146
0.33	0.31	1.29235
0.33	0.32	1.30233
0.33	0.33	1.31349
0.33	0.34	1.32386
0.33	0.35	1.33526
0.33	0.36	1.34601
0.33	0.37	1.35768
0.33	0.38	1.36885
0.33	0.39	1.38085
0.33	0.4	1.39236
0.33	0.41	1.40478
0.33	0.42	1.41667
0.33	0.43	1.42942
0.33	0.44	1.44173
0.33	0.45	1.45483
0.33	0.46	1.46764
0.33	0.47	1.48105
0.33	0.48	1.49444
0.33	0.49	1.50835
0.33	0.5	1.52204
0.33	0.51	1.53593
0.33	0.52	1.55068
0.33	0.53	1.56511
0.33	0.54	1.58026
0.33	0.55	1.59507
0.33	0.56	1.61088
0.33	0.57	1.62606
0.33	0.58	1.64248
0.33	0.59	1.65809
0.33	0.6	1.67517
0.33	0.61	1.69132
0.33	0.62	1.70899
0.33	0.63	1.72572
0.33	0.64	1.74403
0.33	0.65	1.76135
0.33	0.66	1.78031
0.33	0.67	1.79823
0.33	0.68	1.81793
0.33	0.69	1.83646
0.33	0.7	1.8569
0.33	0.71	1.8761
0.33	0.72	1.89729
0.33	0.73	1.91717
0.33	0.74	1.93916
0.33	0.75	1.95978
0.33	0.76	1.98258
0.33	0.77	2.004
0.33	0.78	2.02764
0.33	0.79	2.04989
0.33	0.8	2.07438
0.33	0.81	2.09753
0.33	0.82	2.12293
0.33	0.83	2.147
0.33	0.84	2.17333
0.33	0.85	2.19832
0.33	0.86	2.22564
0.33	0.87	2.25162
0.33	0.88	2.28001
0.33	0.89	2.30695
0.33	0.9	2.33663
0.33	0.91	2.36431
0.33	0.92	2.39589
0.33	0.93	2.42367
0.33	0.94	2.45968
0.33	0.95	2.48409
0.33	0.96	2.53089
0.33	0.97	2.55383
0.33	0.98	2.55383
0.33	0.99	2.55383


0.34	0	1.03173
0.34	0.01	1.03173
0.34	0.02	1.03173
0.34	0.03	1.05399
0.34	0.04	1.05481
0.34	0.05	1.06449
0.34	0.06	1.07071
0.34	0.07	1.07915
0.34	0.08	1.08605
0.34	0.09	1.09451
0.34	0.1	1.10168
0.34	0.11	1.11028
0.34	0.12	1.11765
0.34	0.13	1.12645
0.34	0.14	1.13403
0.34	0.15	1.143
0.34	0.16	1.15079
0.34	0.17	1.15998
0.34	0.18	1.16798
0.34	0.19	1.1774
0.34	0.2	1.18566
0.34	0.21	1.19531
0.34	0.22	1.20382
0.34	0.23	1.2137
0.34	0.24	1.22246
0.34	0.25	1.23255
0.34	0.26	1.2416
0.34	0.27	1.25195
0.34	0.28	1.26134
0.34	0.29	1.27191
0.34	0.3	1.28158
0.34	0.31	1.29246
0.34	0.32	1.30245
0.34	0.33	1.3136
0.34	0.34	1.32397
0.34	0.35	1.33536
0.34	0.36	1.34611
0.34	0.37	1.35778
0.34	0.38	1.36896
0.34	0.39	1.38095
0.34	0.4	1.39246
0.34	0.41	1.40487
0.34	0.42	1.41677
0.34	0.43	1.42951
0.34	0.44	1.44182
0.34	0.45	1.45492
0.34	0.46	1.46773
0.34	0.47	1.48115
0.34	0.48	1.49454
0.34	0.49	1.50844
0.34	0.5	1.52214
0.34	0.51	1.53603
0.34	0.52	1.55077
0.34	0.53	1.56521
0.34	0.54	1.58036
0.34	0.55	1.59517
0.34	0.56	1.61098
0.34	0.57	1.62617
0.34	0.58	1.64258
0.34	0.59	1.6582
0.34	0.6	1.67528
0.34	0.61	1.69143
0.34	0.62	1.70911
0.34	0.63	1.72585
0.34	0.64	1.74414
0.34	0.65	1.76147
0.34	0.66	1.78044
0.34	0.67	1.79836
0.34	0.68	1.81806
0.34	0.69	1.83659
0.34	0.7	1.85703
0.34	0.71	1.87623
0.34	0.72	1.89742
0.34	0.73	1.91732
0.34	0.74	1.9393
0.34	0.75	1.95994
0.34	0.76	1.98275
0.34	0.77	2.00419
0.34	0.78	2.02783
0.34	0.79	2.0501
0.34	0.8	2.07457
0.34	0.81	2.09772
0.34	0.82	2.1231
0.34	0.83	2.14718
0.34	0.84	2.17351
0.34	0.85	2.19852
0.34	0.86	2.22584
0.34	0.87	2.25184
0.34	0.88	2.28022
0.34	0.89	2.30718
0.34	0.9	2.33684
0.34	0.91	2.36453
0.34	0.92	2.3961
0.34	0.93	2.42395
0.34	0.94	2.45986
0.34	0.95	2.48442
0.34	0.96	2.53113
0.34	0.97	2.55368
0.34	0.98	2.55368
0.34	0.99	2.55368


0.35	0	1.03193
0.35	0.01	1.03193
0.35	0.02	1.03193
0.35	0.03	1.05404
0.35	0.04	1.05491
0.35	0.05	1.06459
0.35	0.06	1.07082
0.35	0.07	1.07925
0.35	0.08	1.08617
0.35	0.09	1.09463
0.35	0.1	1.10181
0.35	0.11	1.11041
0.35	0.12	1.11779
0.35	0.13	1.12658
0.35	0.14	1.13417
0.35	0.15	1.14314
0.35	0.16	1.15093
0.35	0.17	1.16012
0.35	0.18	1.16813
0.35	0.19	1.17753
0.35	0.2	1.1858
0.35	0.21	1.19543
0.35	0.22	1.20395
0.35	0.23	1.21382
0.35	0.24	1.22258
0.35	0.25	1.23266
0.35	0.26	1.24172
0.35	0.27	1.25205
0.35	0.28	1.26145
0.35	0.29	1.27201
0.35	0.3	1.28169
0.35	0.31	1.29256
0.35	0.32	1.30255
0.35	0.33	1.31369
0.35	0.34	1.32407
0.35	0.35	1.33545
0.35	0.36	1.34621
0.35	0.37	1.35787
0.35	0.38	1.36905
0.35	0.39	1.38104
0.35	0.4	1.39255
0.35	0.41	1.40496
0.35	0.42	1.41686
0.35	0.43	1.4296
0.35	0.44	1.44191
0.35	0.45	1.45501
0.35	0.46	1.46782
0.35	0.47	1.48124
0.35	0.48	1.49463
0.35	0.49	1.50853
0.35	0.5	1.52223
0.35	0.51	1.53613
0.35	0.52	1.55087
0.35	0.53	1.56531
0.35	0.54	1.58045
0.35	0.55	1.59528
0.35	0.56	1.61108
0.35	0.57	1.62628
0.35	0.58	1.64268
0.35	0.59	1.65832
0.35	0.6	1.67539
0.35	0.61	1.69155
0.35	0.62	1.70922
0.35	0.63	1.72597
0.35	0.64	1.74427
0.35	0.65	1.76161
0.35	0.66	1.78056
0.35	0.67	1.7985
0.35	0.68	1.81818
0.35	0.69	1.83673
0.35	0.7	1.85716
0.35	0.71	1.87638
0.35	0.72	1.89757
0.35	0.73	1.91748
0.35	0.74	1.93948
0.35	0.75	1.96014
0.35	0.76	1.98294
0.35	0.77	2.00439
0.35	0.78	2.02801
0.35	0.79	2.05028
0.35	0.8	2.07474
0.35	0.81	2.09789
0.35	0.82	2.12328
0.35	0.83	2.14737
0.35	0.84	2.1737
0.35	0.85	2.19874
0.35	0.86	2.22605
0.35	0.87	2.25206
0.35	0.88	2.28043
0.35	0.89	2.3074
0.35	0.9	2.33705
0.35	0.91	2.36477
0.35	0.92	2.3963
0.35	0.93	2.42423
0.35	0.94	2.46004
0.35	0.95	2.48478
0.35	0.96	2.53138
0.35	0.97	2.55364
0.35	0.98	2.55364
0.35	0.99	2.55364


0.36	0	1.03215
0.36	0.01	1.03215
0.36	0.02	1.03215
0.36	0.03	1.05409
0.36	0.04	1.05501
0.36	0.05	1.06469
0.36	0.06	1.07094
0.36	0.07	1.07936
0.36	0.08	1.08629
0.36	0.09	1.09474
0.36	0.1	1.10193
0.36	0.11	1.11052
0.36	0.12	1.11792
0.36	0.13	1.1267
0.36	0.14	1.1343
0.36	0.15	1.14326
0.36	0.16	1.15107
0.36	0.17	1.16025
0.36	0.18	1.16827
0.36	0.19	1.17766
0.36	0.2	1.18594
0.36	0.21	1.19555
0.36	0.22	1.20407
0.36	0.23	1.21392
0.36	0.24	1.22269
0.36	0.25	1.23276
0.36	0.26	1.24182
0.36	0.27	1.25215
0.36	0.28	1.26155
0.36	0.29	1.2721
0.36	0.3	1.28178
0.36	0.31	1.29265
0.36	0.32	1.30265
0.36	0.33	1.31378
0.36	0.34	1.32416
0.36	0.35	1.33554
0.36	0.36	1.3463
0.36	0.37	1.35795
0.36	0.38	1.36913
0.36	0.39	1.38111
0.36	0.4	1.39263
0.36	0.41	1.40503
0.36	0.42	1.41694
0.36	0.43	1.42967
0.36	0.44	1.44199
0.36	0.45	1.45509
0.36	0.46	1.4679
0.36	0.47	1.48132
0.36	0.48	1.49471
0.36	0.49	1.50861
0.36	0.5	1.52231
0.36	0.51	1.53622
0.36	0.52	1.55096
0.36	0.53	1.56541
0.36	0.54	1.58055
0.36	0.55	1.59538
0.36	0.56	1.61118
0.36	0.57	1.62639
0.36	0.58	1.64279
0.36	0.59	1.65844
0.36	0.6	1.6755
0.36	0.61	1.69168
0.36	0.62	1.70934
0.36	0.63	1.7261
0.36	0.64	1.74439
0.36	0.65	1.76174
0.36	0.66	1.78069
0.36	0.67	1.79864
0.36	0.68	1.81832
0.36	0.69	1.83689
0.36	0.7	1.85732
0.36	0.71	1.87656
0.36	0.72	1.89775
0.36	0.73	1.91768
0.36	0.74	1.93966
0.36	0.75	1.96032
0.36	0.76	1.9831
0.36	0.77	2.00456
0.36	0.78	2.02818
0.36	0.79	2.05046
0.36	0.8	2.07493
0.36	0.81	2.0981
0.36	0.82	2.12348
0.36	0.83	2.14758
0.36	0.84	2.1739
0.36	0.85	2.19894
0.36	0.86	2.22625
0.36	0.87	2.25227
0.36	0.88	2.28063
0.36	0.89	2.30763
0.36	0.9	2.33727
0.36	0.91	2.36502
0.36	0.92	2.39652
0.36	0.93	2.42452
0.36	0.94	2.46023
0.36	0.95	2.48514
0.36	0.96	2.53164
0.36	0.97	2.55362
0.36	0.98	2.55362
0.36	0.99	2.55362


0.37	0	1.03238
0.37	0.01	1.03238
0.37	0.02	1.03238
0.37	0.03	1.05414
0.37	0.04	1.05513
0.37	0.05	1.06479
0.37	0.06	1.07106
0.37	0.07	1.07948
0.37	0.08	1.08641
0.37	0.09	1.09485
0.37	0.1	1.10205
0.37	0.11	1.11064
0.37	0.12	1.11804
0.37	0.13	1.12681
0.37	0.14	1.13442
0.37	0.15	1.14337
0.37	0.16	1.15119
0.37	0.17	1.16035
0.37	0.18	1.16838
0.37	0.19	1.17776
0.37	0.2	1.18605
0.37	0.21	1.19565
0.37	0.22	1.20419
0.37	0.23	1.21403
0.37	0.24	1.2228
0.37	0.25	1.23285
0.37	0.26	1.24192
0.37	0.27	1.25224
0.37	0.28	1.26164
0.37	0.29	1.27218
0.37	0.3	1.28187
0.37	0.31	1.29272
0.37	0.32	1.30273
0.37	0.33	1.31385
0.37	0.34	1.32424
0.37	0.35	1.33561
0.37	0.36	1.34637
0.37	0.37	1.35803
0.37	0.38	1.36921
0.37	0.39	1.38119
0.37	0.4	1.39271
0.37	0.41	1.4051
0.37	0.42	1.41702
0.37	0.43	1.42975
0.37	0.44	1.44207
0.37	0.45	1.45517
0.37	0.46	1.46798
0.37	0.47	1.4814
0.37	0.48	1.4948
0.37	0.49	1.5087
0.37	0.5	1.5224
0.37	0.51	1.53631
0.37	0.52	1.55106
0.37	0.53	1.56551
0.37	0.54	1.58065
0.37	0.55	1.59549
0.37	0.56	1.61129
0.37	0.57	1.6265
0.37	0.58	1.6429
0.37	0.59	1.65856
0.37	0.6	1.67562
0.37	0.61	1.6918
0.37	0.62	1.70946
0.37	0.63	1.72623
0.37	0.64	1.74452
0.37	0.65	1.76188
0.37	0.66	1.78084
0.37	0.67	1.79881
0.37	0.68	1.8185
0.37	0.69	1.83708
0.37	0.7	1.8575
0.37	0.71	1.87675
0.37	0.72	1.89792
0.37	0.73	1.91785
0.37	0.74	1.93982
0.37	0.75	1.96049
0.37	0.76	1.98328
0.37	0.77	2.00475
0.37	0.78	2.02836
0.37	0.79	2.05066
0.37	0.8	2.07512
0.37	0.81	2.09831
0.37	0.82	2.12368
0.37	0.83	2.14779
0.37	0.84	2.1741
0.37	0.85	2.19916
0.37	0.86	2.22645
0.37	0.87	2.25249
0.37	0.88	2.28084
0.37	0.89	2.30786
0.37	0.9	2.33748
0.37	0.91	2.36526
0.37	0.92	2.39674
0.37	0.93	2.42482
0.37	0.94	2.46042
0.37	0.95	2.48552
0.37	0.96	2.53189
0.37	0.97	2.5536
0.37	0.98	2.5536
0.37	0.99	2.5536


0.38	0	1.03261
0.38	0.01	1.03261
0.38	0.02	1.03261
0.38	0.03	1.05419
0.38	0.04	1.05524
0.38	0.05	1.0649
0.38	0.06	1.07117
0.38	0.07	1.07958
0.38	0.08	1.08653
0.38	0.09	1.09496
0.38	0.1	1.10217
0.38	0.11	1.11074
0.38	0.12	1.11815
0.38	0.13	1.1269
0.38	0.14	1.13452
0.38	0.15	1.14346
0.38	0.16	1.15128
0.38	0.17	1.16044
0.38	0.18	1.16847
0.38	0.19	1.17785
0.38	0.2	1.18614
0.38	0.21	1.19574
0.38	0.22	1.20428
0.38	0.23	1.21411
0.38	0.24	1.2229
0.38	0.25	1.23294
0.38	0.26	1.24202
0.38	0.27	1.25232
0.38	0.28	1.26173
0.38	0.29	1.27226
0.38	0.3	1.28195
0.38	0.31	1.29279
0.38	0.32	1.3028
0.38	0.33	1.31392
0.38	0.34	1.32431
0.38	0.35	1.33567
0.38	0.36	1.34644
0.38	0.37	1.35809
0.38	0.38	1.36928
0.38	0.39	1.38126
0.38	0.4	1.39278
0.38	0.41	1.40518
0.38	0.42	1.41709
0.38	0.43	1.42982
0.38	0.44	1.44214
0.38	0.45	1.45524
0.38	0.46	1.46806
0.38	0.47	1.48148
0.38	0.48	1.49489
0.38	0.49	1.50879
0.38	0.5	1.52249
0.38	0.51	1.53641
0.38	0.52	1.55115
0.38	0.53	1.56561
0.38	0.54	1.58075
0.38	0.55	1.5956
0.38	0.56	1.61139
0.38	0.57	1.62662
0.38	0.58	1.64301
0.38	0.59	1.65868
0.38	0.6	1.67574
0.38	0.61	1.69193
0.38	0.62	1.7096
0.38	0.63	1.72639
0.38	0.64	1.74468
0.38	0.65	1.76206
0.38	0.66	1.78101
0.38	0.67	1.79899
0.38	0.68	1.81866
0.38	0.69	1.83725
0.38	0.7	1.85766
0.38	0.71	1.87692
0.38	0.72	1.89809
0.38	0.73	1.91803
0.38	0.74	1.94
0.38	0.75	1.96069
0.38	0.76	1.98347
0.38	0.77	2.00495
0.38	0.78	2.02855
0.38	0.79	2.05086
0.38	0.8	2.07531
0.38	0.81	2.09851
0.38	0.82	2.12387
0.38	0.83	2.148
0.38	0.84	2.17431
0.38	0.85	2.19938
0.38	0.86	2.22667
0.38	0.87	2.25272
0.38	0.88	2.28106
0.38	0.89	2.30809
0.38	0.9	2.3377
0.38	0.91	2.36551
0.38	0.92	2.39695
0.38	0.93	2.4251
0.38	0.94	2.46062
0.38	0.95	2.4859
0.38	0.96	2.53215
0.38	0.97	2.55359
0.38	0.98	2.55359
0.38	0.99	2.55359


0.39	0	1.03284
0.39	0.01	1.03284
0.39	0.02	1.03284
0.39	0.03	1.05424
0.39	0.04	1.05535
0.39	0.05	1.065
0.39	0.06	1.07129
0.39	0.07	1.07968
0.39	0.08	1.08664
0.39	0.09	1.09505
0.39	0.1	1.10227
0.39	0.11	1.11083
0.39	0.12	1.11825
0.39	0.13	1.12699
0.39	0.14	1.13461
0.39	0.15	1.14354
0.39	0.16	1.15137
0.39	0.17	1.16051
0.39	0.18	1.16856
0.39	0.19	1.17792
0.39	0.2	1.18622
0.39	0.21	1.19581
0.39	0.22	1.20436
0.39	0.23	1.21418
0.39	0.24	1.22298
0.39	0.25	1.23301
0.39	0.26	1.2421
0.39	0.27	1.2524
0.39	0.28	1.26181
0.39	0.29	1.27233
0.39	0.3	1.28203
0.39	0.31	1.29286
0.39	0.32	1.30287
0.39	0.33	1.31399
0.39	0.34	1.32438
0.39	0.35	1.33574
0.39	0.36	1.34651
0.39	0.37	1.35815
0.39	0.38	1.36934
0.39	0.39	1.38132
0.39	0.4	1.39285
0.39	0.41	1.40525
0.39	0.42	1.41717
0.39	0.43	1.4299
0.39	0.44	1.44223
0.39	0.45	1.45532
0.39	0.46	1.46814
0.39	0.47	1.48157
0.39	0.48	1.49497
0.39	0.49	1.50888
0.39	0.5	1.52258
0.39	0.51	1.5365
0.39	0.52	1.55125
0.39	0.53	1.56571
0.39	0.54	1.58085
0.39	0.55	1.5957
0.39	0.56	1.6115
0.39	0.57	1.62673
0.39	0.58	1.64313
0.39	0.59	1.65881
0.39	0.6	1.67587
0.39	0.61	1.69209
0.39	0.62	1.70976
0.39	0.63	1.72655
0.39	0.64	1.74484
0.39	0.65	1.76222
0.39	0.66	1.78116
0.39	0.67	1.79915
0.39	0.68	1.81882
0.39	0.69	1.83742
0.39	0.7	1.85783
0.39	0.71	1.8771
0.39	0.72	1.89826
0.39	0.73	1.91822
0.39	0.74	1.94018
0.39	0.75	1.96088
0.39	0.76	1.98365
0.39	0.77	2.00515
0.39	0.78	2.02875
0.39	0.79	2.05107
0.39	0.8	2.07551
0.39	0.81	2.09872
0.39	0.82	2.12407
0.39	0.83	2.14821
0.39	0.84	2.17451
0.39	0.85	2.19959
0.39	0.86	2.22688
0.39	0.87	2.25295
0.39	0.88	2.28128
0.39	0.89	2.30833
0.39	0.9	2.33792
0.39	0.91	2.36576
0.39	0.92	2.39718
0.39	0.93	2.42539
0.39	0.94	2.46081
0.39	0.95	2.48628
0.39	0.96	2.53239
0.39	0.97	2.55358
0.39	0.98	2.55358
0.39	0.99	2.55358


0.4	0	1.03307
0.4	0.01	1.03307
0.4	0.02	1.03307
0.4	0.03	1.05428
0.4	0.04	1.05545
0.4	0.05	1.06509
0.4	0.06	1.07139
0.4	0.07	1.07977
0.4	0.08	1.08674
0.4	0.09	1.09514
0.4	0.1	1.10236
0.4	0.11	1.11091
0.4	0.12	1.11833
0.4	0.13	1.12706
0.4	0.14	1.1347
0.4	0.15	1.14361
0.4	0.16	1.15145
0.4	0.17	1.16058
0.4	0.18	1.16863
0.4	0.19	1.17798
0.4	0.2	1.18629
0.4	0.21	1.19587
0.4	0.22	1.20443
0.4	0.23	1.21424
0.4	0.24	1.22304
0.4	0.25	1.23307
0.4	0.26	1.24216
0.4	0.27	1.25245
0.4	0.28	1.26188
0.4	0.29	1.27239
0.4	0.3	1.2821
0.4	0.31	1.29293
0.4	0.32	1.30295
0.4	0.33	1.31406
0.4	0.34	1.32445
0.4	0.35	1.33581
0.4	0.36	1.34658
0.4	0.37	1.35822
0.4	0.38	1.36941
0.4	0.39	1.38139
0.4	0.4	1.39292
0.4	0.41	1.40531
0.4	0.42	1.41724
0.4	0.43	1.42997
0.4	0.44	1.44231
0.4	0.45	1.45541
0.4	0.46	1.46823
0.4	0.47	1.48166
0.4	0.48	1.49507
0.4	0.49	1.50897
0.4	0.5	1.52267
0.4	0.51	1.5366
0.4	0.52	1.55134
0.4	0.53	1.56581
0.4	0.54	1.58096
0.4	0.55	1.59582
0.4	0.56	1.61162
0.4	0.57	1.62687
0.4	0.58	1.64327
0.4	0.59	1.65896
0.4	0.6	1.67602
0.4	0.61	1.69224
0.4	0.62	1.7099
0.4	0.63	1.7267
0.4	0.64	1.74498
0.4	0.65	1.76237
0.4	0.66	1.78132
0.4	0.67	1.79932
0.4	0.68	1.81898
0.4	0.69	1.8376
0.4	0.7	1.858
0.4	0.71	1.87728
0.4	0.72	1.89844
0.4	0.73	1.91841
0.4	0.74	1.94036
0.4	0.75	1.96108
0.4	0.76	1.98384
0.4	0.77	2.00535
0.4	0.78	2.02894
0.4	0.79	2.05127
0.4	0.8	2.07571
0.4	0.81	2.09893
0.4	0.82	2.12428
0.4	0.83	2.14843
0.4	0.84	2.17472
0.4	0.85	2.19982
0.4	0.86	2.22709
0.4	0.87	2.25317
0.4	0.88	2.2815
0.4	0.89	2.30856
0.4	0.9	2.33815
0.4	0.91	2.36601
0.4	0.92	2.39741
0.4	0.93	2.42569
0.4	0.94	2.46102
0.4	0.95	2.48666
0.4	0.96	2.53264
0.4	0.97	2.55357
0.4	0.98	2.55357
0.4	0.99	2.55357


0.41	0	1.03328
0.41	0.01	1.03328
0.41	0.02	1.03328
0.41	0.03	1.05432
0.41	0.04	1.05554
0.41	0.05	1.06516
0.41	0.06	1.07148
0.41	0.07	1.07985
0.41	0.08	1.08682
0.41	0.09	1.09521
0.41	0.1	1.10244
0.41	0.11	1.11097
0.41	0.12	1.11841
0.41	0.13	1.12713
0.41	0.14	1.13477
0.41	0.15	1.14367
0.41	0.16	1.15152
0.41	0.17	1.16064
0.41	0.18	1.16869
0.41	0.19	1.17804
0.41	0.2	1.18635
0.41	0.21	1.19592
0.41	0.22	1.20448
0.41	0.23	1.21429
0.41	0.24	1.22309
0.41	0.25	1.23311
0.41	0.26	1.24221
0.41	0.27	1.2525
0.41	0.28	1.26193
0.41	0.29	1.27245
0.41	0.3	1.28216
0.41	0.31	1.29299
0.41	0.32	1.30302
0.41	0.33	1.31412
0.41	0.34	1.32453
0.41	0.35	1.33588
0.41	0.36	1.34666
0.41	0.37	1.3583
0.41	0.38	1.36949
0.41	0.39	1.38146
0.41	0.4	1.393
0.41	0.41	1.40539
0.41	0.42	1.41732
0.41	0.43	1.43005
0.41	0.44	1.44238
0.41	0.45	1.45548
0.41	0.46	1.46831
0.41	0.47	1.48174
0.41	0.48	1.49516
0.41	0.49	1.50906
0.41	0.5	1.52277
0.41	0.51	1.5367
0.41	0.52	1.55146
0.41	0.53	1.56593
0.41	0.54	1.58109
0.41	0.55	1.59595
0.41	0.56	1.61176
0.41	0.57	1.62701
0.41	0.58	1.64341
0.41	0.59	1.6591
0.41	0.6	1.67615
0.41	0.61	1.69238
0.41	0.62	1.71003
0.41	0.63	1.72685
0.41	0.64	1.74513
0.41	0.65	1.76254
0.41	0.66	1.78147
0.41	0.67	1.79949
0.41	0.68	1.81914
0.41	0.69	1.83777
0.41	0.7	1.85817
0.41	0.71	1.87747
0.41	0.72	1.89862
0.41	0.73	1.9186
0.41	0.74	1.94055
0.41	0.75	1.96128
0.41	0.76	1.98403
0.41	0.77	2.00555
0.41	0.78	2.02914
0.41	0.79	2.05148
0.41	0.8	2.07591
0.41	0.81	2.09915
0.41	0.82	2.12449
0.41	0.83	2.14865
0.41	0.84	2.17494
0.41	0.85	2.20005
0.41	0.86	2.22731
0.41	0.87	2.25341
0.41	0.88	2.28173
0.41	0.89	2.3088
0.41	0.9	2.33838
0.41	0.91	2.36627
0.41	0.92	2.39764
0.41	0.93	2.42599
0.41	0.94	2.46123
0.41	0.95	2.48705
0.41	0.96	2.5329
0.41	0.97	2.55357
0.41	0.98	2.55357
0.41	0.99	2.55357


0.42	0	1.03349
0.42	0.01	1.03349
0.42	0.02	1.03349
0.42	0.03	1.05434
0.42	0.04	1.05562
0.42	0.05	1.06523
0.42	0.06	1.07156
0.42	0.07	1.07992
0.42	0.08	1.0869
0.42	0.09	1.09527
0.42	0.1	1.10251
0.42	0.11	1.11104
0.42	0.12	1.11848
0.42	0.13	1.12719
0.42	0.14	1.13483
0.42	0.15	1.14372
0.42	0.16	1.15158
0.42	0.17	1.16069
0.42	0.18	1.16875
0.42	0.19	1.17808
0.42	0.2	1.1864
0.42	0.21	1.19596
0.42	0.22	1.20453
0.42	0.23	1.21433
0.42	0.24	1.22314
0.42	0.25	1.23316
0.42	0.26	1.24227
0.42	0.27	1.25254
0.42	0.28	1.26198
0.42	0.29	1.27249
0.42	0.3	1.28222
0.42	0.31	1.29304
0.42	0.32	1.30308
0.42	0.33	1.31418
0.42	0.34	1.32459
0.42	0.35	1.33595
0.42	0.36	1.34673
0.42	0.37	1.35837
0.42	0.38	1.36958
0.42	0.39	1.38155
0.42	0.4	1.39309
0.42	0.41	1.40547
0.42	0.42	1.41741
0.42	0.43	1.43013
0.42	0.44	1.44247
0.42	0.45	1.45557
0.42	0.46	1.4684
0.42	0.47	1.48183
0.42	0.48	1.49525
0.42	0.49	1.50916
0.42	0.5	1.52288
0.42	0.51	1.53683
0.42	0.52	1.55159
0.42	0.53	1.56607
0.42	0.54	1.58122
0.42	0.55	1.59609
0.42	0.56	1.61188
0.42	0.57	1.62714
0.42	0.58	1.64353
0.42	0.59	1.65924
0.42	0.6	1.67629
0.42	0.61	1.69253
0.42	0.62	1.71018
0.42	0.63	1.72701
0.42	0.64	1.74528
0.42	0.65	1.7627
0.42	0.66	1.78163
0.42	0.67	1.79965
0.42	0.68	1.81931
0.42	0.69	1.83794
0.42	0.7	1.85834
0.42	0.71	1.87765
0.42	0.72	1.89879
0.42	0.73	1.91879
0.42	0.74	1.94073
0.42	0.75	1.96147
0.42	0.76	1.98422
0.42	0.77	2.00576
0.42	0.78	2.02933
0.42	0.79	2.05169
0.42	0.8	2.07611
0.42	0.81	2.09936
0.42	0.82	2.1247
0.42	0.83	2.14888
0.42	0.84	2.17516
0.42	0.85	2.20028
0.42	0.86	2.22754
0.42	0.87	2.25364
0.42	0.88	2.28196
0.42	0.89	2.30905
0.42	0.9	2.33861
0.42	0.91	2.36652
0.42	0.92	2.39787
0.42	0.93	2.42628
0.42	0.94	2.46144
0.42	0.95	2.48745
0.42	0.96	2.53315
0.42	0.97	2.55357
0.42	0.98	2.55357
0.42	0.99	2.55357


0.43	0	1.03367
0.43	0.01	1.03367
0.43	0.02	1.03367
0.43	0.03	1.05436
0.43	0.04	1.05568
0.43	0.05	1.06529
0.43	0.06	1.07163
0.43	0.07	1.07997
0.43	0.08	1.08696
0.43	0.09	1.09533
0.43	0.1	1.10258
0.43	0.11	1.11109
0.43	0.12	1.11853
0.43	0.13	1.12723
0.43	0.14	1.13489
0.43	0.15	1.14377
0.43	0.16	1.15163
0.43	0.17	1.16073
0.43	0.18	1.1688
0.43	0.19	1.17812
0.43	0.2	1.18645
0.43	0.21	1.196
0.43	0.22	1.20458
0.43	0.23	1.21437
0.43	0.24	1.22319
0.43	0.25	1.2332
0.43	0.26	1.24231
0.43	0.27	1.25259
0.43	0.28	1.26203
0.43	0.29	1.27254
0.43	0.3	1.28227
0.43	0.31	1.29309
0.43	0.32	1.30313
0.43	0.33	1.31423
0.43	0.34	1.32466
0.43	0.35	1.33601
0.43	0.36	1.3468
0.43	0.37	1.35844
0.43	0.38	1.36966
0.43	0.39	1.38162
0.43	0.4	1.39318
0.43	0.41	1.40556
0.43	0.42	1.4175
0.43	0.43	1.43022
0.43	0.44	1.44257
0.43	0.45	1.45567
0.43	0.46	1.4685
0.43	0.47	1.48194
0.43	0.48	1.49537
0.43	0.49	1.50928
0.43	0.5	1.523
0.43	0.51	1.53695
0.43	0.52	1.5517
0.43	0.53	1.56618
0.43	0.54	1.58134
0.43	0.55	1.59621
0.43	0.56	1.61201
0.43	0.57	1.62728
0.43	0.58	1.64367
0.43	0.59	1.65938
0.43	0.6	1.67643
0.43	0.61	1.69268
0.43	0.62	1.71032
0.43	0.63	1.72716
0.43	0.64	1.74542
0.43	0.65	1.76285
0.43	0.66	1.78178
0.43	0.67	1.79982
0.43	0.68	1.81946
0.43	0.69	1.83812
0.43	0.7	1.8585
0.43	0.71	1.87782
0.43	0.72	1.89896
0.43	0.73	1.91897
0.43	0.74	1.94091
0.43	0.75	1.96166
0.43	0.76	1.98441
0.43	0.77	2.00596
0.43	0.78	2.02953
0.43	0.79	2.0519
0.43	0.8	2.07632
0.43	0.81	2.09958
0.43	0.82	2.12491
0.43	0.83	2.1491
0.43	0.84	2.17537
0.43	0.85	2.20051
0.43	0.86	2.22776
0.43	0.87	2.25388
0.43	0.88	2.28219
0.43	0.89	2.3093
0.43	0.9	2.33885
0.43	0.91	2.36679
0.43	0.92	2.39811
0.43	0.93	2.42659
0.43	0.94	2.46166
0.43	0.95	2.48784
0.43	0.96	2.5334
0.43	0.97	2.55357
0.43	0.98	2.55357
0.43	0.99	2.55357


0.44	0	1.03384
0.44	0.01	1.03384
0.44	0.02	1.03384
0.44	0.03	1.05437
0.44	0.04	1.05574
0.44	0.05	1.06534
0.44	0.06	1.07169
0.44	0.07	1.08003
0.44	0.08	1.08702
0.44	0.09	1.09538
0.44	0.1	1.10263
0.44	0.11	1.11113
0.44	0.12	1.11859
0.44	0.13	1.12727
0.44	0.14	1.13493
0.44	0.15	1.14381
0.44	0.16	1.15167
0.44	0.17	1.16077
0.44	0.18	1.16884
0.44	0.19	1.17816
0.44	0.2	1.1865
0.44	0.21	1.19604
0.44	0.22	1.20463
0.44	0.23	1.21441
0.44	0.24	1.22324
0.44	0.25	1.23324
0.44	0.26	1.24236
0.44	0.27	1.25263
0.44	0.28	1.26209
0.44	0.29	1.27258
0.44	0.3	1.28232
0.44	0.31	1.29314
0.44	0.32	1.30319
0.44	0.33	1.31429
0.44	0.34	1.32472
0.44	0.35	1.33606
0.44	0.36	1.34687
0.44	0.37	1.35851
0.44	0.38	1.36973
0.44	0.39	1.3817
0.44	0.4	1.39326
0.44	0.41	1.40565
0.44	0.42	1.4176
0.44	0.43	1.43033
0.44	0.44	1.44269
0.44	0.45	1.45579
0.44	0.46	1.46863
0.44	0.47	1.48207
0.44	0.48	1.4955
0.44	0.49	1.5094
0.44	0.5	1.52311
0.44	0.51	1.53706
0.44	0.52	1.55182
0.44	0.53	1.5663
0.44	0.54	1.58146
0.44	0.55	1.59634
0.44	0.56	1.61213
0.44	0.57	1.62741
0.44	0.58	1.6438
0.44	0.59	1.65952
0.44	0.6	1.67657
0.44	0.61	1.69282
0.44	0.62	1.71047
0.44	0.63	1.72731
0.44	0.64	1.74557
0.44	0.65	1.76301
0.44	0.66	1.78193
0.44	0.67	1.79998
0.44	0.68	1.81962
0.44	0.69	1.83828
0.44	0.7	1.85867
0.44	0.71	1.878
0.44	0.72	1.89913
0.44	0.73	1.91916
0.44	0.74	1.94109
0.44	0.75	1.96186
0.44	0.76	1.98459
0.44	0.77	2.00616
0.44	0.78	2.02972
0.44	0.79	2.05211
0.44	0.8	2.07652
0.44	0.81	2.0998
0.44	0.82	2.12512
0.44	0.83	2.14933
0.44	0.84	2.17559
0.44	0.85	2.20074
0.44	0.86	2.22799
0.44	0.87	2.25412
0.44	0.88	2.28243
0.44	0.89	2.30955
0.44	0.9	2.33909
0.44	0.91	2.36706
0.44	0.92	2.39836
0.44	0.93	2.4269
0.44	0.94	2.46188
0.44	0.95	2.48825
0.44	0.96	2.53365
0.44	0.97	2.55358
0.44	0.98	2.55358
0.44	0.99	2.55358


0.45	0	1.03401
0.45	0.01	1.03401
0.45	0.02	1.03401
0.45	0.03	1.05438
0.45	0.04	1.0558
0.45	0.05	1.06538
0.45	0.06	1.07174
0.45	0.07	1.08007
0.45	0.08	1.08707
0.45	0.09	1.09542
0.45	0.1	1.10268
0.45	0.11	1.11117
0.45	0.12	1.11863
0.45	0.13	1.12731
0.45	0.14	1.13498
0.45	0.15	1.14384
0.45	0.16	1.15172
0.45	0.17	1.1608
0.45	0.18	1.16889
0.45	0.19	1.1782
0.45	0.2	1.18654
0.45	0.21	1.19608
0.45	0.22	1.20468
0.45	0.23	1.21445
0.45	0.24	1.22329
0.45	0.25	1.23328
0.45	0.26	1.24242
0.45	0.27	1.25268
0.45	0.28	1.26214
0.45	0.29	1.27263
0.45	0.3	1.28238
0.45	0.31	1.29319
0.45	0.32	1.30325
0.45	0.33	1.31434
0.45	0.34	1.32478
0.45	0.35	1.33612
0.45	0.36	1.34693
0.45	0.37	1.35857
0.45	0.38	1.3698
0.45	0.39	1.38177
0.45	0.4	1.39335
0.45	0.41	1.40574
0.45	0.42	1.4177
0.45	0.43	1.43044
0.45	0.44	1.4428
0.45	0.45	1.4559
0.45	0.46	1.46875
0.45	0.47	1.48219
0.45	0.48	1.49562
0.45	0.49	1.50952
0.45	0.5	1.52324
0.45	0.51	1.53719
0.45	0.52	1.55194
0.45	0.53	1.56643
0.45	0.54	1.58158
0.45	0.55	1.59647
0.45	0.56	1.61226
0.45	0.57	1.62754
0.45	0.58	1.64393
0.45	0.59	1.65966
0.45	0.6	1.6767
0.45	0.61	1.69297
0.45	0.62	1.71061
0.45	0.63	1.72746
0.45	0.64	1.74572
0.45	0.65	1.76317
0.45	0.66	1.78209
0.45	0.67	1.80014
0.45	0.68	1.81978
0.45	0.69	1.83845
0.45	0.7	1.85883
0.45	0.71	1.87817
0.45	0.72	1.8993
0.45	0.73	1.91934
0.45	0.74	1.94126
0.45	0.75	1.96204
0.45	0.76	1.98478
0.45	0.77	2.00635
0.45	0.78	2.02991
0.45	0.79	2.05231
0.45	0.8	2.07672
0.45	0.81	2.10001
0.45	0.82	2.12533
0.45	0.83	2.14955
0.45	0.84	2.17581
0.45	0.85	2.20097
0.45	0.86	2.22822
0.45	0.87	2.25437
0.45	0.88	2.28266
0.45	0.89	2.30981
0.45	0.9	2.33934
0.45	0.91	2.36732
0.45	0.92	2.39861
0.45	0.93	2.4272
0.45	0.94	2.46211
0.45	0.95	2.48866
0.45	0.96	2.5339
0.45	0.97	2.5536
0.45	0.98	2.5536
0.45	0.99	2.5536


0.46	0	1.03416
0.46	0.01	1.03416
0.46	0.02	1.03416
0.46	0.03	1.05438
0.46	0.04	1.05584
0.46	0.05	1.06542
0.46	0.06	1.07179
0.46	0.07	1.0801
0.46	0.08	1.08711
0.46	0.09	1.09545
0.46	0.1	1.10272
0.46	0.11	1.1112
0.46	0.12	1.11867
0.46	0.13	1.12734
0.46	0.14	1.13502
0.46	0.15	1.14388
0.46	0.16	1.15176
0.46	0.17	1.16084
0.46	0.18	1.16893
0.46	0.19	1.17823
0.46	0.2	1.18659
0.46	0.21	1.19612
0.46	0.22	1.20472
0.46	0.23	1.21449
0.46	0.24	1.22334
0.46	0.25	1.23333
0.46	0.26	1.24247
0.46	0.27	1.25273
0.46	0.28	1.2622
0.46	0.29	1.27268
0.46	0.3	1.28244
0.46	0.31	1.29324
0.46	0.32	1.30331
0.46	0.33	1.3144
0.46	0.34	1.32484
0.46	0.35	1.33619
0.46	0.36	1.34701
0.46	0.37	1.35865
0.46	0.38	1.36989
0.46	0.39	1.38186
0.46	0.4	1.39345
0.46	0.41	1.40583
0.46	0.42	1.4178
0.46	0.43	1.43053
0.46	0.44	1.44289
0.46	0.45	1.456
0.46	0.46	1.46885
0.46	0.47	1.4823
0.46	0.48	1.49574
0.46	0.49	1.50964
0.46	0.5	1.52336
0.46	0.51	1.53733
0.46	0.52	1.55208
0.46	0.53	1.56657
0.46	0.54	1.58172
0.46	0.55	1.59661
0.46	0.56	1.61239
0.46	0.57	1.62768
0.46	0.58	1.64406
0.46	0.59	1.6598
0.46	0.6	1.67683
0.46	0.61	1.69311
0.46	0.62	1.71075
0.46	0.63	1.72761
0.46	0.64	1.74587
0.46	0.65	1.76332
0.46	0.66	1.78224
0.46	0.67	1.8003
0.46	0.68	1.81994
0.46	0.69	1.83862
0.46	0.7	1.85899
0.46	0.71	1.87835
0.46	0.72	1.89947
0.46	0.73	1.91952
0.46	0.74	1.94144
0.46	0.75	1.96223
0.46	0.76	1.98496
0.46	0.77	2.00655
0.46	0.78	2.0301
0.46	0.79	2.05252
0.46	0.8	2.07692
0.46	0.81	2.10022
0.46	0.82	2.12554
0.46	0.83	2.14977
0.46	0.84	2.17603
0.46	0.85	2.2012
0.46	0.86	2.22845
0.46	0.87	2.25461
0.46	0.88	2.2829
0.46	0.89	2.31006
0.46	0.9	2.33958
0.46	0.91	2.36759
0.46	0.92	2.39885
0.46	0.93	2.42751
0.46	0.94	2.46235
0.46	0.95	2.48907
0.46	0.96	2.53415
0.46	0.97	2.55362
0.46	0.98	2.55362
0.46	0.99	2.55362


0.47	0	1.0343
0.47	0.01	1.0343
0.47	0.02	1.0343
0.47	0.03	1.05438
0.47	0.04	1.05587
0.47	0.05	1.06545
0.47	0.06	1.07183
0.47	0.07	1.08013
0.47	0.08	1.08715
0.47	0.09	1.09548
0.47	0.1	1.10276
0.47	0.11	1.11123
0.47	0.12	1.11871
0.47	0.13	1.12737
0.47	0.14	1.13506
0.47	0.15	1.14391
0.47	0.16	1.1518
0.47	0.17	1.16087
0.47	0.18	1.16898
0.47	0.19	1.17827
0.47	0.2	1.18664
0.47	0.21	1.19616
0.47	0.22	1.20477
0.47	0.23	1.21454
0.47	0.24	1.22339
0.47	0.25	1.23337
0.47	0.26	1.24252
0.47	0.27	1.25278
0.47	0.28	1.26225
0.47	0.29	1.27274
0.47	0.3	1.2825
0.47	0.31	1.2933
0.47	0.32	1.30338
0.47	0.33	1.31447
0.47	0.34	1.32493
0.47	0.35	1.33627
0.47	0.36	1.3471
0.47	0.37	1.35874
0.47	0.38	1.36998
0.47	0.39	1.38195
0.47	0.4	1.39353
0.47	0.41	1.40592
0.47	0.42	1.41789
0.47	0.43	1.43062
0.47	0.44	1.44299
0.47	0.45	1.4561
0.47	0.46	1.46895
0.47	0.47	1.48241
0.47	0.48	1.49585
0.47	0.49	1.50975
0.47	0.5	1.52348
0.47	0.51	1.53745
0.47	0.52	1.55221
0.47	0.53	1.5667
0.47	0.54	1.58185
0.47	0.55	1.59675
0.47	0.56	1.61253
0.47	0.57	1.62782
0.47	0.58	1.6442
0.47	0.59	1.65994
0.47	0.6	1.67697
0.47	0.61	1.69325
0.47	0.62	1.71088
0.47	0.63	1.72775
0.47	0.64	1.74601
0.47	0.65	1.76347
0.47	0.66	1.78239
0.47	0.67	1.80046
0.47	0.68	1.82009
0.47	0.69	1.83879
0.47	0.7	1.85916
0.47	0.71	1.87852
0.47	0.72	1.89964
0.47	0.73	1.9197
0.47	0.74	1.94161
0.47	0.75	1.96242
0.47	0.76	1.98514
0.47	0.77	2.00674
0.47	0.78	2.03029
0.47	0.79	2.05272
0.47	0.8	2.07712
0.47	0.81	2.10043
0.47	0.82	2.12574
0.47	0.83	2.14999
0.47	0.84	2.17624
0.47	0.85	2.20143
0.47	0.86	2.22867
0.47	0.87	2.25485
0.47	0.88	2.28313
0.47	0.89	2.31031
0.47	0.9	2.33982
0.47	0.91	2.36786
0.47	0.92	2.3991
0.47	0.93	2.42782
0.47	0.94	2.46258
0.47	0.95	2.48948
0.47	0.96	2.53441
0.47	0.97	2.55365
0.47	0.98	2.55365
0.47	0.99	2.55365


0.48	0	1.03443
0.48	0.01	1.03443
0.48	0.02	1.03443
0.48	0.03	1.05437
0.48	0.04	1.05591
0.48	0.05	1.06547
0.48	0.06	1.07187
0.48	0.07	1.08016
0.48	0.08	1.08719
0.48	0.09	1.09551
0.48	0.1	1.1028
0.48	0.11	1.11126
0.48	0.12	1.11875
0.48	0.13	1.12741
0.48	0.14	1.1351
0.48	0.15	1.14395
0.48	0.16	1.15185
0.48	0.17	1.16091
0.48	0.18	1.16902
0.48	0.19	1.17831
0.48	0.2	1.18669
0.48	0.21	1.1962
0.48	0.22	1.20482
0.48	0.23	1.21458
0.48	0.24	1.22344
0.48	0.25	1.23342
0.48	0.26	1.24258
0.48	0.27	1.25283
0.48	0.28	1.26232
0.48	0.29	1.2728
0.48	0.3	1.28258
0.48	0.31	1.29338
0.48	0.32	1.30347
0.48	0.33	1.31455
0.48	0.34	1.32501
0.48	0.35	1.33636
0.48	0.36	1.34719
0.48	0.37	1.35882
0.48	0.38	1.37007
0.48	0.39	1.38203
0.48	0.4	1.39362
0.48	0.41	1.40601
0.48	0.42	1.41798
0.48	0.43	1.43071
0.48	0.44	1.44309
0.48	0.45	1.4562
0.48	0.46	1.46905
0.48	0.47	1.48251
0.48	0.48	1.49595
0.48	0.49	1.50986
0.48	0.5	1.52359
0.48	0.51	1.53757
0.48	0.52	1.55233
0.48	0.53	1.56683
0.48	0.54	1.58198
0.48	0.55	1.59689
0.48	0.56	1.61267
0.48	0.57	1.62797
0.48	0.58	1.64434
0.48	0.59	1.66009
0.48	0.6	1.67712
0.48	0.61	1.69341
0.48	0.62	1.71103
0.48	0.63	1.7279
0.48	0.64	1.74615
0.48	0.65	1.76363
0.48	0.66	1.78254
0.48	0.67	1.80062
0.48	0.68	1.82025
0.48	0.69	1.83895
0.48	0.7	1.85932
0.48	0.71	1.8787
0.48	0.72	1.89981
0.48	0.73	1.91988
0.48	0.74	1.94179
0.48	0.75	1.96261
0.48	0.76	1.98532
0.48	0.77	2.00694
0.48	0.78	2.03048
0.48	0.79	2.05292
0.48	0.8	2.07731
0.48	0.81	2.10064
0.48	0.82	2.12595
0.48	0.83	2.15021
0.48	0.84	2.17646
0.48	0.85	2.20166
0.48	0.86	2.22889
0.48	0.87	2.25508
0.48	0.88	2.28336
0.48	0.89	2.31056
0.48	0.9	2.34006
0.48	0.91	2.36812
0.48	0.92	2.39935
0.48	0.93	2.42812
0.48	0.94	2.46282
0.48	0.95	2.48989
0.48	0.96	2.53465
0.48	0.97	2.55367
0.48	0.98	2.55367
0.48	0.99	2.55367


0.49	0	1.03455
0.49	0.01	1.03455
0.49	0.02	1.03455
0.49	0.03	1.05436
0.49	0.04	1.05593
0.49	0.05	1.0655
0.49	0.06	1.0719
0.49	0.07	1.08019
0.49	0.08	1.08723
0.49	0.09	1.09554
0.49	0.1	1.10284
0.49	0.11	1.1113
0.49	0.12	1.11879
0.49	0.13	1.12744
0.49	0.14	1.13515
0.49	0.15	1.14398
0.49	0.16	1.15189
0.49	0.17	1.16095
0.49	0.18	1.16907
0.49	0.19	1.17835
0.49	0.2	1.18673
0.49	0.21	1.19625
0.49	0.22	1.20488
0.49	0.23	1.21463
0.49	0.24	1.2235
0.49	0.25	1.23348
0.49	0.26	1.24265
0.49	0.27	1.2529
0.49	0.28	1.2624
0.49	0.29	1.27288
0.49	0.3	1.28266
0.49	0.31	1.29346
0.49	0.32	1.30355
0.49	0.33	1.31463
0.49	0.34	1.3251
0.49	0.35	1.33643
0.49	0.36	1.34727
0.49	0.37	1.35891
0.49	0.38	1.37016
0.49	0.39	1.38212
0.49	0.4	1.39372
0.49	0.41	1.4061
0.49	0.42	1.41808
0.49	0.43	1.43081
0.49	0.44	1.44319
0.49	0.45	1.4563
0.49	0.46	1.46915
0.49	0.47	1.48261
0.49	0.48	1.49606
0.49	0.49	1.50996
0.49	0.5	1.52369
0.49	0.51	1.53768
0.49	0.52	1.55244
0.49	0.53	1.56695
0.49	0.54	1.5821
0.49	0.55	1.59701
0.49	0.56	1.6128
0.49	0.57	1.62811
0.49	0.58	1.64448
0.49	0.59	1.66024
0.49	0.6	1.67727
0.49	0.61	1.69356
0.49	0.62	1.71119
0.49	0.63	1.72807
0.49	0.64	1.74631
0.49	0.65	1.76379
0.49	0.66	1.78269
0.49	0.67	1.80078
0.49	0.68	1.8204
0.49	0.69	1.83912
0.49	0.7	1.85947
0.49	0.71	1.87886
0.49	0.72	1.89997
0.49	0.73	1.92006
0.49	0.74	1.94196
0.49	0.75	1.96279
0.49	0.76	1.98551
0.49	0.77	2.00713
0.49	0.78	2.03067
0.49	0.79	2.05312
0.49	0.8	2.07751
0.49	0.81	2.10085
0.49	0.82	2.12615
0.49	0.83	2.15042
0.49	0.84	2.17667
0.49	0.85	2.20188
0.49	0.86	2.22911
0.49	0.87	2.25532
0.49	0.88	2.2836
0.49	0.89	2.3108
0.49	0.9	2.3403
0.49	0.91	2.36838
0.49	0.92	2.3996
0.49	0.93	2.42842
0.49	0.94	2.46305
0.49	0.95	2.4903
0.49	0.96	2.5349
0.49	0.97	2.5537
0.49	0.98	2.5537
0.49	0.99	2.5537


0.5	0	1.03467
0.5	0.01	1.03467
0.5	0.02	1.03467
0.5	0.03	1.05435
0.5	0.04	1.05596
0.5	0.05	1.06552
0.5	0.06	1.07194
0.5	0.07	1.08022
0.5	0.08	1.08727
0.5	0.09	1.09558
0.5	0.1	1.10288
0.5	0.11	1.11133
0.5	0.12	1.11884
0.5	0.13	1.12748
0.5	0.14	1.13519
0.5	0.15	1.14402
0.5	0.16	1.15194
0.5	0.17	1.16099
0.5	0.18	1.16912
0.5	0.19	1.1784
0.5	0.2	1.18679
0.5	0.21	1.1963
0.5	0.22	1.20494
0.5	0.23	1.21469
0.5	0.24	1.22357
0.5	0.25	1.23355
0.5	0.26	1.24273
0.5	0.27	1.25297
0.5	0.28	1.26248
0.5	0.29	1.27295
0.5	0.3	1.28274
0.5	0.31	1.29353
0.5	0.32	1.30363
0.5	0.33	1.31471
0.5	0.34	1.32518
0.5	0.35	1.33652
0.5	0.36	1.34736
0.5	0.37	1.35899
0.5	0.38	1.37025
0.5	0.39	1.38221
0.5	0.4	1.39381
0.5	0.41	1.40619
0.5	0.42	1.41817
0.5	0.43	1.4309
0.5	0.44	1.44329
0.5	0.45	1.45639
0.5	0.46	1.46925
0.5	0.47	1.48271
0.5	0.48	1.49616
0.5	0.49	1.51007
0.5	0.5	1.5238
0.5	0.51	1.53779
0.5	0.52	1.55255
0.5	0.53	1.56706
0.5	0.54	1.58221
0.5	0.55	1.59713
0.5	0.56	1.61292
0.5	0.57	1.62824
0.5	0.58	1.64461
0.5	0.59	1.66038
0.5	0.6	1.6774
0.5	0.61	1.69371
0.5	0.62	1.71134
0.5	0.63	1.72823
0.5	0.64	1.74647
0.5	0.65	1.76396
0.5	0.66	1.78285
0.5	0.67	1.80095
0.5	0.68	1.82056
0.5	0.69	1.83928
0.5	0.7	1.85963
0.5	0.71	1.87903
0.5	0.72	1.90014
0.5	0.73	1.92023
0.5	0.74	1.94213
0.5	0.75	1.96297
0.5	0.76	1.98568
0.5	0.77	2.00732
0.5	0.78	2.03086
0.5	0.79	2.05332
0.5	0.8	2.0777
0.5	0.81	2.10105
0.5	0.82	2.12636
0.5	0.83	2.15063
0.5	0.84	2.17688
0.5	0.85	2.2021
0.5	0.86	2.22933
0.5	0.87	2.25555
0.5	0.88	2.28382
0.5	0.89	2.31105
0.5	0.9	2.34054
0.5	0.91	2.36864
0.5	0.92	2.39984
0.5	0.93	2.42872
0.5	0.94	2.46328
0.5	0.95	2.49071
0.5	0.96	2.53514
0.5	0.97	2.55372
0.5	0.98	2.55372
0.5	0.99	2.55372


