0	0	6
0	0.01	6.04712
0	0.02	6.09419
0	0.03	6.14116
0	0.04	6.188
0	0.05	6.23465
0	0.06	6.28107
0	0.07	6.32721
0	0.08	6.37303
0	0.09	6.41849
0	0.1	6.46353
0	0.11	6.50811
0	0.12	6.55219
0	0.13	6.59572
0	0.14	6.63867
0	0.15	6.68099
0	0.16	6.72263
0	0.17	6.76356
0	0.18	6.80374
0	0.19	6.84313
0	0.2	6.88168
0	0.21	6.91936
0	0.22	6.95614
0	0.23	6.99197
0	0.24	7.02682
0	0.25	7.06066
0	0.26	7.09345
0	0.27	7.12517
0	0.28	7.15577
0	0.29	7.18523
0	0.3	7.21353
0	0.31	7.24062
0	0.32	7.26649
0	0.33	7.29111
0	0.34	7.31446
0	0.35	7.33651
0	0.36	7.35724
0	0.37	7.37663
0	0.38	7.39466
0	0.39	7.41132
0	0.4	7.42658
0	0.41	7.44044
0	0.42	7.45287
0	0.43	7.46388
0	0.44	7.47343
0	0.45	7.48153
0	0.46	7.48817
0	0.47	7.49334
0	0.48	7.49704
0	0.49	7.49926
0	0.5	7.5
0	0.51	7.49926
0	0.52	7.49704
0	0.53	7.49334
0	0.54	7.48817
0	0.55	7.48153
0	0.56	7.47343
0	0.57	7.46388
0	0.58	7.45287
0	0.59	7.44044
0	0.6	7.42658
0	0.61	7.41132
0	0.62	7.39466
0	0.63	7.37663
0	0.64	7.35724
0	0.65	7.33651
0	0.66	7.31446
0	0.67	7.29111
0	0.68	7.26649
0	0.69	7.24062
0	0.7	7.21353
0	0.71	7.18523
0	0.72	7.15577
0	0.73	7.12517
0	0.74	7.09345
0	0.75	7.06066
0	0.76	7.02682
0	0.77	6.99197
0	0.78	6.95614
0	0.79	6.91936
0	0.8	6.88168
0	0.81	6.84313
0	0.82	6.80374
0	0.83	6.76356
0	0.84	6.72263
0	0.85	6.68099
0	0.86	6.63867
0	0.87	6.59572
0	0.88	6.55219
0	0.89	6.50811
0	0.9	6.46353
0	0.91	6.41849
0	0.92	6.37303
0	0.93	6.32721
0	0.94	6.28107
0	0.95	6.23465
0	0.96	6.188
0	0.97	6.14116
0	0.98	6.09419
0	0.99	6.04712


0.01	0	6.15261
0.01	0.01	6.15261
0.01	0.02	6.15261
0.01	0.03	6.18528
0.01	0.04	6.20871
0.01	0.05	6.23942
0.01	0.06	6.27997
0.01	0.07	6.32579
0.01	0.08	6.37268
0.01	0.09	6.4184
0.01	0.1	6.46325
0.01	0.11	6.50754
0.01	0.12	6.55131
0.01	0.13	6.59453
0.01	0.14	6.63717
0.01	0.15	6.67918
0.01	0.16	6.72051
0.01	0.17	6.76113
0.01	0.18	6.801
0.01	0.19	6.84007
0.01	0.2	6.87831
0.01	0.21	6.91568
0.01	0.22	6.95214
0.01	0.23	6.98767
0.01	0.24	7.02222
0.01	0.25	7.05576
0.01	0.26	7.08826
0.01	0.27	7.11968
0.01	0.28	7.15
0.01	0.29	7.17919
0.01	0.3	7.20721
0.01	0.31	7.23405
0.01	0.32	7.25967
0.01	0.33	7.28405
0.01	0.34	7.30716
0.01	0.35	7.32899
0.01	0.36	7.34951
0.01	0.37	7.36871
0.01	0.38	7.38655
0.01	0.39	7.40304
0.01	0.4	7.41814
0.01	0.41	7.43185
0.01	0.42	7.44416
0.01	0.43	7.45505
0.01	0.44	7.46447
0.01	0.45	7.47241
0.01	0.46	7.47888
0.01	0.47	7.48402
0.01	0.48	7.48759
0.01	0.49	7.48992
0.01	0.5	7.49075
0.01	0.51	7.48993
0.01	0.52	7.48759
0.01	0.53	7.48403
0.01	0.54	7.47889
0.01	0.55	7.47242
0.01	0.56	7.46448
0.01	0.57	7.45506
0.01	0.58	7.44418
0.01	0.59	7.43187
0.01	0.6	7.41816
0.01	0.61	7.40307
0.01	0.62	7.38659
0.01	0.63	7.36875
0.01	0.64	7.34956
0.01	0.65	7.32905
0.01	0.66	7.30723
0.01	0.67	7.28413
0.01	0.68	7.25976
0.01	0.69	7.23415
0.01	0.7	7.20733
0.01	0.71	7.17932
0.01	0.72	7.15015
0.01	0.73	7.11985
0.01	0.74	7.08844
0.01	0.75	7.05597
0.01	0.76	7.02245
0.01	0.77	6.98792
0.01	0.78	6.95242
0.01	0.79	6.91597
0.01	0.8	6.87863
0.01	0.81	6.84041
0.01	0.82	6.80137
0.01	0.83	6.76153
0.01	0.84	6.72094
0.01	0.85	6.67963
0.01	0.86	6.63765
0.01	0.87	6.59504
0.01	0.88	6.55185
0.01	0.89	6.50811
0.01	0.9	6.46379
0.01	0.91	6.41868
0.01	0.92	6.37261
0.01	0.93	6.3269
0.01	0.94	6.28617
0.01	0.95	6.25374
0.01	0.96	6.23479
0.01	0.97	6.20367
0.01	0.98	6.20367
0.01	0.99	6.20367


0.02	0	6.22921
0.02	0.01	6.22921
0.02	0.02	6.22921
0.02	0.03	6.26529
0.02	0.04	6.28507
0.02	0.05	6.30775
0.02	0.06	6.32915
0.02	0.07	6.35228
0.02	0.08	6.38065
0.02	0.09	6.41721
0.02	0.1	6.45928
0.02	0.11	6.50326
0.02	0.12	6.54767
0.02	0.13	6.59063
0.02	0.14	6.63253
0.02	0.15	6.67361
0.02	0.16	6.71398
0.02	0.17	6.75366
0.02	0.18	6.7926
0.02	0.19	6.83074
0.02	0.2	6.86806
0.02	0.21	6.90451
0.02	0.22	6.94006
0.02	0.23	6.97468
0.02	0.24	7.00834
0.02	0.25	7.041
0.02	0.26	7.07263
0.02	0.27	7.10321
0.02	0.28	7.1327
0.02	0.29	7.16108
0.02	0.3	7.18832
0.02	0.31	7.21439
0.02	0.32	7.23928
0.02	0.33	7.26295
0.02	0.34	7.28539
0.02	0.35	7.30657
0.02	0.36	7.32648
0.02	0.37	7.3451
0.02	0.38	7.36242
0.02	0.39	7.3784
0.02	0.4	7.39301
0.02	0.41	7.40622
0.02	0.42	7.41807
0.02	0.43	7.42857
0.02	0.44	7.43771
0.02	0.45	7.44547
0.02	0.46	7.45184
0.02	0.47	7.4568
0.02	0.48	7.46033
0.02	0.49	7.46258
0.02	0.5	7.46336
0.02	0.51	7.46259
0.02	0.52	7.46034
0.02	0.53	7.45682
0.02	0.54	7.45187
0.02	0.55	7.44551
0.02	0.56	7.43777
0.02	0.57	7.42863
0.02	0.58	7.41815
0.02	0.59	7.40632
0.02	0.6	7.39312
0.02	0.61	7.37853
0.02	0.62	7.36258
0.02	0.63	7.34529
0.02	0.64	7.3267
0.02	0.65	7.30682
0.02	0.66	7.28568
0.02	0.67	7.26329
0.02	0.68	7.23966
0.02	0.69	7.21483
0.02	0.7	7.18881
0.02	0.71	7.16163
0.02	0.72	7.13332
0.02	0.73	7.10389
0.02	0.74	7.07339
0.02	0.75	7.04183
0.02	0.76	7.00925
0.02	0.77	6.97568
0.02	0.78	6.94115
0.02	0.79	6.90569
0.02	0.8	6.86933
0.02	0.81	6.83211
0.02	0.82	6.79406
0.02	0.83	6.75523
0.02	0.84	6.71567
0.02	0.85	6.6754
0.02	0.86	6.63433
0.02	0.87	6.59233
0.02	0.88	6.54899
0.02	0.89	6.50489
0.02	0.9	6.46369
0.02	0.91	6.42591
0.02	0.92	6.3979
0.02	0.93	6.3762
0.02	0.94	6.35826
0.02	0.95	6.33514
0.02	0.96	6.3211
0.02	0.97	6.28337
0.02	0.98	6.28337
0.02	0.99	6.28337


0.03	0	6.30567
0.03	0.01	6.30567
0.03	0.02	6.30567
0.03	0.03	6.34107
0.03	0.04	6.36078
0.03	0.05	6.38388
0.03	0.06	6.40496
0.03	0.07	6.42537
0.03	0.08	6.4448
0.03	0.09	6.46439
0.03	0.1	6.48543
0.03	0.11	6.51079
0.03	0.12	6.54382
0.03	0.13	6.58094
0.03	0.14	6.62072
0.03	0.15	6.66158
0.03	0.16	6.70206
0.03	0.17	6.74077
0.03	0.18	6.77834
0.03	0.19	6.81494
0.03	0.2	6.8507
0.03	0.21	6.88564
0.03	0.22	6.91972
0.03	0.23	6.95289
0.03	0.24	6.98511
0.03	0.25	7.01636
0.03	0.26	7.0466
0.03	0.27	7.07582
0.03	0.28	7.10398
0.03	0.29	7.13107
0.03	0.3	7.15705
0.03	0.31	7.18191
0.03	0.32	7.20563
0.03	0.33	7.22819
0.03	0.34	7.24956
0.03	0.35	7.26973
0.03	0.36	7.28864
0.03	0.37	7.30629
0.03	0.38	7.32267
0.03	0.39	7.33781
0.03	0.4	7.3517
0.03	0.41	7.3643
0.03	0.42	7.37562
0.03	0.43	7.38562
0.03	0.44	7.39432
0.03	0.45	7.4017
0.03	0.46	7.40776
0.03	0.47	7.41248
0.03	0.48	7.41584
0.03	0.49	7.41797
0.03	0.5	7.41873
0.03	0.51	7.418
0.03	0.52	7.41589
0.03	0.53	7.41255
0.03	0.54	7.40786
0.03	0.55	7.40184
0.03	0.56	7.39449
0.03	0.57	7.38582
0.03	0.58	7.37586
0.03	0.59	7.36459
0.03	0.6	7.35204
0.03	0.61	7.3382
0.03	0.62	7.32313
0.03	0.63	7.30681
0.03	0.64	7.28923
0.03	0.65	7.2704
0.03	0.66	7.25032
0.03	0.67	7.22904
0.03	0.68	7.20658
0.03	0.69	7.18298
0.03	0.7	7.15824
0.03	0.71	7.13238
0.03	0.72	7.10543
0.03	0.73	7.0774
0.03	0.74	7.04834
0.03	0.75	7.01825
0.03	0.76	6.98717
0.03	0.77	6.95512
0.03	0.78	6.92213
0.03	0.79	6.88824
0.03	0.8	6.85351
0.03	0.81	6.81795
0.03	0.82	6.7815
0.03	0.83	6.74399
0.03	0.84	6.70512
0.03	0.85	6.66422
0.03	0.86	6.62596
0.03	0.87	6.58725
0.03	0.88	6.55364
0.03	0.89	6.52942
0.03	0.9	6.51007
0.03	0.91	6.49279
0.03	0.92	6.47588
0.03	0.93	6.45608
0.03	0.94	6.4384
0.03	0.95	6.4118
0.03	0.96	6.39796
0.03	0.97	6.36081
0.03	0.98	6.36081
0.03	0.99	6.36081


0.04	0	6.38134
0.04	0.01	6.38134
0.04	0.02	6.38134
0.04	0.03	6.41535
0.04	0.04	6.43404
0.04	0.05	6.45588
0.04	0.06	6.4757
0.04	0.07	6.4954
0.04	0.08	6.51474
0.04	0.09	6.53309
0.04	0.1	6.55011
0.04	0.11	6.56646
0.04	0.12	6.58301
0.04	0.13	6.60107
0.04	0.14	6.62281
0.04	0.15	6.65172
0.04	0.16	6.68331
0.04	0.17	6.71768
0.04	0.18	6.75394
0.04	0.19	6.79057
0.04	0.2	6.82555
0.04	0.21	6.85893
0.04	0.22	6.89109
0.04	0.23	6.92222
0.04	0.24	6.95246
0.04	0.25	6.98181
0.04	0.26	7.01023
0.04	0.27	7.03766
0.04	0.28	7.06408
0.04	0.29	7.08948
0.04	0.3	7.11383
0.04	0.31	7.1371
0.04	0.32	7.15927
0.04	0.33	7.1803
0.04	0.34	7.20021
0.04	0.35	7.21899
0.04	0.36	7.23664
0.04	0.37	7.25315
0.04	0.38	7.26849
0.04	0.39	7.28265
0.04	0.4	7.29562
0.04	0.41	7.3074
0.04	0.42	7.31796
0.04	0.43	7.3273
0.04	0.44	7.3354
0.04	0.45	7.34228
0.04	0.46	7.34793
0.04	0.47	7.35234
0.04	0.48	7.35549
0.04	0.49	7.35747
0.04	0.5	7.35821
0.04	0.51	7.35755
0.04	0.52	7.35563
0.04	0.53	7.35254
0.04	0.54	7.3482
0.04	0.55	7.34263
0.04	0.56	7.33583
0.04	0.57	7.32781
0.04	0.58	7.31856
0.04	0.59	7.3081
0.04	0.6	7.29642
0.04	0.61	7.28356
0.04	0.62	7.26951
0.04	0.63	7.2543
0.04	0.64	7.23793
0.04	0.65	7.22042
0.04	0.66	7.20179
0.04	0.67	7.18205
0.04	0.68	7.16118
0.04	0.69	7.1392
0.04	0.7	7.11612
0.04	0.71	7.09197
0.04	0.72	7.06679
0.04	0.73	7.0406
0.04	0.74	7.01341
0.04	0.75	6.98525
0.04	0.76	6.95617
0.04	0.77	6.92621
0.04	0.78	6.89532
0.04	0.79	6.86331
0.04	0.8	6.82993
0.04	0.81	6.79425
0.04	0.82	6.76034
0.04	0.83	6.72297
0.04	0.84	6.69311
0.04	0.85	6.66314
0.04	0.86	6.64063
0.04	0.87	6.62457
0.04	0.88	6.61122
0.04	0.89	6.59761
0.04	0.9	6.58181
0.04	0.91	6.56429
0.04	0.92	6.54675
0.04	0.93	6.52701
0.04	0.94	6.50996
0.04	0.95	6.48526
0.04	0.96	6.47209
0.04	0.97	6.43705
0.04	0.98	6.43705
0.04	0.99	6.43705


0.05	0	6.45458
0.05	0.01	6.45458
0.05	0.02	6.45458
0.05	0.03	6.48661
0.05	0.04	6.50397
0.05	0.05	6.52401
0.05	0.06	6.54247
0.05	0.07	6.56038
0.05	0.08	6.57739
0.05	0.09	6.59399
0.05	0.1	6.61036
0.05	0.11	6.62593
0.05	0.12	6.64015
0.05	0.13	6.65304
0.05	0.14	6.6656
0.05	0.15	6.67803
0.05	0.16	6.69204
0.05	0.17	6.71116
0.05	0.18	6.73369
0.05	0.19	6.75941
0.05	0.2	6.78842
0.05	0.21	6.81904
0.05	0.22	6.85085
0.05	0.23	6.88164
0.05	0.24	6.9104
0.05	0.25	6.93777
0.05	0.26	6.96394
0.05	0.27	6.98911
0.05	0.28	7.01337
0.05	0.29	7.0367
0.05	0.3	7.05906
0.05	0.31	7.08042
0.05	0.32	7.10077
0.05	0.33	7.12011
0.05	0.34	7.13843
0.05	0.35	7.15571
0.05	0.36	7.17193
0.05	0.37	7.18709
0.05	0.38	7.20118
0.05	0.39	7.21417
0.05	0.4	7.22606
0.05	0.41	7.23685
0.05	0.42	7.24653
0.05	0.43	7.25509
0.05	0.44	7.26253
0.05	0.45	7.26884
0.05	0.46	7.27403
0.05	0.47	7.27808
0.05	0.48	7.281
0.05	0.49	7.28284
0.05	0.5	7.2836
0.05	0.51	7.28303
0.05	0.52	7.28131
0.05	0.53	7.27853
0.05	0.54	7.27463
0.05	0.55	7.2696
0.05	0.56	7.26345
0.05	0.57	7.25618
0.05	0.58	7.24778
0.05	0.59	7.23828
0.05	0.6	7.22767
0.05	0.61	7.21597
0.05	0.62	7.20318
0.05	0.63	7.1893
0.05	0.64	7.17435
0.05	0.65	7.15835
0.05	0.66	7.14131
0.05	0.67	7.12324
0.05	0.68	7.10415
0.05	0.69	7.08406
0.05	0.7	7.06298
0.05	0.71	7.04092
0.05	0.72	7.0179
0.05	0.73	6.99397
0.05	0.74	6.96911
0.05	0.75	6.94315
0.05	0.76	6.91589
0.05	0.77	6.88656
0.05	0.78	6.85719
0.05	0.79	6.82498
0.05	0.8	6.79876
0.05	0.81	6.76851
0.05	0.82	6.74748
0.05	0.83	6.72745
0.05	0.84	6.71507
0.05	0.85	6.70457
0.05	0.86	6.69485
0.05	0.87	6.6842
0.05	0.88	6.6711
0.05	0.89	6.65651
0.05	0.9	6.64141
0.05	0.91	6.62604
0.05	0.92	6.61025
0.05	0.93	6.59278
0.05	0.94	6.57717
0.05	0.95	6.55469
0.05	0.96	6.54289
0.05	0.97	6.51068
0.05	0.98	6.51068
0.05	0.99	6.51068


0.06	0	6.52382
0.06	0.01	6.52382
0.06	0.02	6.52382
0.06	0.03	6.55324
0.06	0.04	6.56894
0.06	0.05	6.58703
0.06	0.06	6.60329
0.06	0.07	6.61899
0.06	0.08	6.63435
0.06	0.09	6.6489
0.06	0.1	6.66233
0.06	0.11	6.67502
0.06	0.12	6.68757
0.06	0.13	6.69968
0.06	0.14	6.71057
0.06	0.15	6.71998
0.06	0.16	6.72824
0.06	0.17	6.73597
0.06	0.18	6.74427
0.06	0.19	6.75492
0.06	0.2	6.76858
0.06	0.21	6.78536
0.06	0.22	6.80596
0.06	0.23	6.82753
0.06	0.24	6.85392
0.06	0.25	6.87972
0.06	0.26	6.90607
0.06	0.27	6.93008
0.06	0.28	6.95251
0.06	0.29	6.9737
0.06	0.3	6.99381
0.06	0.31	7.01303
0.06	0.32	7.03142
0.06	0.33	7.04892
0.06	0.34	7.0655
0.06	0.35	7.08112
0.06	0.36	7.09576
0.06	0.37	7.10944
0.06	0.38	7.12215
0.06	0.39	7.13387
0.06	0.4	7.1446
0.06	0.41	7.15434
0.06	0.42	7.16308
0.06	0.43	7.17082
0.06	0.44	7.17756
0.06	0.45	7.18329
0.06	0.46	7.188
0.06	0.47	7.1917
0.06	0.48	7.19439
0.06	0.49	7.19607
0.06	0.5	7.19687
0.06	0.51	7.19644
0.06	0.52	7.19495
0.06	0.53	7.19253
0.06	0.54	7.18911
0.06	0.55	7.18468
0.06	0.56	7.17924
0.06	0.57	7.17279
0.06	0.58	7.16534
0.06	0.59	7.15689
0.06	0.6	7.14745
0.06	0.61	7.13702
0.06	0.62	7.12561
0.06	0.63	7.11322
0.06	0.64	7.09987
0.06	0.65	7.08555
0.06	0.66	7.07027
0.06	0.67	7.05403
0.06	0.68	7.03689
0.06	0.69	7.01888
0.06	0.7	7.00003
0.06	0.71	6.98021
0.06	0.72	6.95922
0.06	0.73	6.93668
0.06	0.74	6.91261
0.06	0.75	6.8863
0.06	0.76	6.86422
0.06	0.77	6.8373
0.06	0.78	6.8195
0.06	0.79	6.79738
0.06	0.8	6.78603
0.06	0.81	6.77559
0.06	0.82	6.76972
0.06	0.83	6.76406
0.06	0.84	6.7574
0.06	0.85	6.74933
0.06	0.86	6.73959
0.06	0.87	6.72901
0.06	0.88	6.71791
0.06	0.89	6.70621
0.06	0.9	6.69338
0.06	0.91	6.6804
0.06	0.92	6.66722
0.06	0.93	6.6518
0.06	0.94	6.63828
0.06	0.95	6.61872
0.06	0.96	6.60844
0.06	0.97	6.57948
0.06	0.98	6.57948
0.06	0.99	6.57948


0.07	0	6.5875
0.07	0.01	6.5875
0.07	0.02	6.5875
0.07	0.03	6.61371
0.07	0.04	6.62748
0.07	0.05	6.64299
0.07	0.06	6.65712
0.07	0.07	6.67072
0.07	0.08	6.68323
0.07	0.09	6.69493
0.07	0.1	6.70634
0.07	0.11	6.71717
0.07	0.12	6.72667
0.07	0.13	6.73507
0.07	0.14	6.74322
0.07	0.15	6.75114
0.07	0.16	6.75827
0.07	0.17	6.76419
0.07	0.18	6.76855
0.07	0.19	6.77176
0.07	0.2	6.77492
0.07	0.21	6.77942
0.07	0.22	6.78485
0.07	0.23	6.79416
0.07	0.24	6.80471
0.07	0.25	6.81791
0.07	0.26	6.83766
0.07	0.27	6.85485
0.07	0.28	6.87727
0.07	0.29	6.89834
0.07	0.3	6.91823
0.07	0.31	6.93612
0.07	0.32	6.95272
0.07	0.33	6.96821
0.07	0.34	6.98278
0.07	0.35	6.99656
0.07	0.36	7.00955
0.07	0.37	7.02173
0.07	0.38	7.03305
0.07	0.39	7.04349
0.07	0.4	7.05305
0.07	0.41	7.06173
0.07	0.42	7.06953
0.07	0.43	7.07644
0.07	0.44	7.08247
0.07	0.45	7.08761
0.07	0.46	7.09187
0.07	0.47	7.09524
0.07	0.48	7.09774
0.07	0.49	7.0993
0.07	0.5	7.10013
0.07	0.51	7.09985
0.07	0.52	7.09862
0.07	0.53	7.09661
0.07	0.54	7.0937
0.07	0.55	7.08991
0.07	0.56	7.08522
0.07	0.57	7.07965
0.07	0.58	7.07318
0.07	0.59	7.06584
0.07	0.6	7.05761
0.07	0.61	7.04851
0.07	0.62	7.03853
0.07	0.63	7.02766
0.07	0.64	7.01595
0.07	0.65	7.00342
0.07	0.66	6.99011
0.07	0.67	6.97597
0.07	0.68	6.9608
0.07	0.69	6.94443
0.07	0.7	6.92642
0.07	0.71	6.90602
0.07	0.72	6.88762
0.07	0.73	6.86559
0.07	0.74	6.85055
0.07	0.75	6.83078
0.07	0.76	6.82213
0.07	0.77	6.80983
0.07	0.78	6.80554
0.07	0.79	6.80223
0.07	0.8	6.80185
0.07	0.81	6.80057
0.07	0.82	6.79641
0.07	0.83	6.79128
0.07	0.84	6.78531
0.07	0.85	6.77933
0.07	0.86	6.77259
0.07	0.87	6.76465
0.07	0.88	6.7555
0.07	0.89	6.74646
0.07	0.9	6.7373
0.07	0.91	6.72676
0.07	0.92	6.71547
0.07	0.93	6.70309
0.07	0.94	6.69184
0.07	0.95	6.67543
0.07	0.96	6.66665
0.07	0.97	6.64147
0.07	0.98	6.64147
0.07	0.99	6.64147


0.08	0	6.64411
0.08	0.01	6.64411
0.08	0.02	6.64411
0.08	0.03	6.6666
0.08	0.04	6.67813
0.08	0.05	6.69102
0.08	0.06	6.70252
0.08	0.07	6.71315
0.08	0.08	6.72328
0.08	0.09	6.73292
0.08	0.1	6.74125
0.08	0.11	6.74845
0.08	0.12	6.75556
0.08	0.13	6.76239
0.08	0.14	6.76787
0.08	0.15	6.77204
0.08	0.16	6.77562
0.08	0.17	6.77889
0.08	0.18	6.78184
0.08	0.19	6.78397
0.08	0.2	6.78503
0.08	0.21	6.78416
0.08	0.22	6.78292
0.08	0.23	6.78151
0.08	0.24	6.78214
0.08	0.25	6.78357
0.08	0.26	6.78467
0.08	0.27	6.79386
0.08	0.28	6.80111
0.08	0.29	6.81328
0.08	0.3	6.82977
0.08	0.31	6.84411
0.08	0.32	6.86146
0.08	0.33	6.87744
0.08	0.34	6.89138
0.08	0.35	6.90389
0.08	0.36	6.91535
0.08	0.37	6.9259
0.08	0.38	6.93568
0.08	0.39	6.94478
0.08	0.4	6.95319
0.08	0.41	6.96087
0.08	0.42	6.96779
0.08	0.43	6.97392
0.08	0.44	6.97928
0.08	0.45	6.98387
0.08	0.46	6.9877
0.08	0.47	6.99076
0.08	0.48	6.9931
0.08	0.49	6.99457
0.08	0.5	6.99547
0.08	0.51	6.99538
0.08	0.52	6.99443
0.08	0.53	6.99282
0.08	0.54	6.99044
0.08	0.55	6.9873
0.08	0.56	6.98338
0.08	0.57	6.9787
0.08	0.58	6.97323
0.08	0.59	6.96698
0.08	0.6	6.95996
0.08	0.61	6.9522
0.08	0.62	6.94375
0.08	0.63	6.93459
0.08	0.64	6.92459
0.08	0.65	6.91358
0.08	0.66	6.90135
0.08	0.67	6.88713
0.08	0.68	6.87231
0.08	0.69	6.85536
0.08	0.7	6.8434
0.08	0.71	6.82708
0.08	0.72	6.82
0.08	0.73	6.80825
0.08	0.74	6.80604
0.08	0.75	6.80401
0.08	0.76	6.80481
0.08	0.77	6.80734
0.08	0.78	6.81053
0.08	0.79	6.81224
0.08	0.8	6.81138
0.08	0.81	6.80964
0.08	0.82	6.80778
0.08	0.83	6.80619
0.08	0.84	6.80351
0.08	0.85	6.79964
0.08	0.86	6.79456
0.08	0.87	6.78986
0.08	0.88	6.78467
0.08	0.89	6.7782
0.08	0.9	6.77052
0.08	0.91	6.76342
0.08	0.92	6.7549
0.08	0.93	6.74505
0.08	0.94	6.73643
0.08	0.95	6.72317
0.08	0.96	6.71605
0.08	0.97	6.6952
0.08	0.98	6.6952
0.08	0.99	6.6952


0.09	0	6.69229
0.09	0.01	6.69229
0.09	0.02	6.69229
0.09	0.03	6.71064
0.09	0.04	6.71981
0.09	0.05	6.7297
0.09	0.06	6.7383
0.09	0.07	6.74664
0.09	0.08	6.75396
0.09	0.09	6.75998
0.09	0.1	6.7658
0.09	0.11	6.77134
0.09	0.12	6.77545
0.09	0.13	6.77811
0.09	0.14	6.78067
0.09	0.15	6.78309
0.09	0.16	6.78455
0.09	0.17	6.78469
0.09	0.18	6.78409
0.09	0.19	6.78332
0.09	0.2	6.78208
0.09	0.21	6.78028
0.09	0.22	6.7777
0.09	0.23	6.77368
0.09	0.24	6.76921
0.09	0.25	6.7637
0.09	0.26	6.75817
0.09	0.27	6.75404
0.09	0.28	6.75166
0.09	0.29	6.75081
0.09	0.3	6.75162
0.09	0.31	6.75912
0.09	0.32	6.7624
0.09	0.33	6.77472
0.09	0.34	6.78684
0.09	0.35	6.79958
0.09	0.36	6.81212
0.09	0.37	6.82269
0.09	0.38	6.83184
0.09	0.39	6.83995
0.09	0.4	6.84724
0.09	0.41	6.85379
0.09	0.42	6.85973
0.09	0.43	6.86509
0.09	0.44	6.86985
0.09	0.45	6.87398
0.09	0.46	6.87747
0.09	0.47	6.88024
0.09	0.48	6.88245
0.09	0.49	6.88386
0.09	0.5	6.88484
0.09	0.51	6.88496
0.09	0.52	6.88431
0.09	0.53	6.88313
0.09	0.54	6.88128
0.09	0.55	6.87877
0.09	0.56	6.87559
0.09	0.57	6.87176
0.09	0.58	6.86734
0.09	0.59	6.86231
0.09	0.6	6.85662
0.09	0.61	6.85011
0.09	0.62	6.84265
0.09	0.63	6.83391
0.09	0.64	6.82334
0.09	0.65	6.81101
0.09	0.66	6.8019
0.09	0.67	6.78925
0.09	0.68	6.78343
0.09	0.69	6.77394
0.09	0.7	6.77365
0.09	0.71	6.77096
0.09	0.72	6.7733
0.09	0.73	6.77867
0.09	0.74	6.78522
0.09	0.75	6.7912
0.09	0.76	6.79652
0.09	0.77	6.8008
0.09	0.78	6.80428
0.09	0.79	6.80608
0.09	0.8	6.80837
0.09	0.81	6.81035
0.09	0.82	6.81097
0.09	0.83	6.8106
0.09	0.84	6.80993
0.09	0.85	6.80951
0.09	0.86	6.80817
0.09	0.87	6.80548
0.09	0.88	6.80217
0.09	0.89	6.79945
0.09	0.9	6.79509
0.09	0.91	6.7894
0.09	0.92	6.78393
0.09	0.93	6.77736
0.09	0.94	6.77084
0.09	0.95	6.76108
0.09	0.96	6.75564
0.09	0.97	6.73935
0.09	0.98	6.73935
0.09	0.99	6.73935


0.1	0	6.73097
0.1	0.01	6.73097
0.1	0.02	6.73097
0.1	0.03	6.74492
0.1	0.04	6.75162
0.1	0.05	6.75843
0.1	0.06	6.76472
0.1	0.07	6.7695
0.1	0.08	6.77375
0.1	0.09	6.77794
0.1	0.1	6.78085
0.1	0.11	6.78219
0.1	0.12	6.78324
0.1	0.13	6.78447
0.1	0.14	6.78478
0.1	0.15	6.78407
0.1	0.16	6.78289
0.1	0.17	6.78082
0.1	0.18	6.77811
0.1	0.19	6.77519
0.1	0.2	6.77083
0.1	0.21	6.76638
0.1	0.22	6.76069
0.1	0.23	6.75526
0.1	0.24	6.74876
0.1	0.25	6.74237
0.1	0.26	6.73466
0.1	0.27	6.72628
0.1	0.28	6.71768
0.1	0.29	6.70844
0.1	0.3	6.7003
0.1	0.31	6.6943
0.1	0.32	6.69075
0.1	0.33	6.68946
0.1	0.34	6.68961
0.1	0.35	6.69486
0.1	0.36	6.69767
0.1	0.37	6.70814
0.1	0.38	6.71681
0.1	0.39	6.72735
0.1	0.4	6.73539
0.1	0.41	6.7419
0.1	0.42	6.74741
0.1	0.43	6.75216
0.1	0.44	6.75627
0.1	0.45	6.75982
0.1	0.46	6.76286
0.1	0.47	6.76544
0.1	0.48	6.76754
0.1	0.49	6.76898
0.1	0.5	6.76999
0.1	0.51	6.77032
0.1	0.52	6.77003
0.1	0.53	6.76925
0.1	0.54	6.76797
0.1	0.55	6.7662
0.1	0.56	6.76389
0.1	0.57	6.76095
0.1	0.58	6.75727
0.1	0.59	6.75267
0.1	0.6	6.74672
0.1	0.61	6.73858
0.1	0.62	6.73151
0.1	0.63	6.7224
0.1	0.64	6.71844
0.1	0.65	6.71154
0.1	0.66	6.71206
0.1	0.67	6.71015
0.1	0.68	6.71248
0.1	0.69	6.71854
0.1	0.7	6.72713
0.1	0.71	6.73627
0.1	0.72	6.74611
0.1	0.73	6.75488
0.1	0.74	6.76297
0.1	0.75	6.76962
0.1	0.76	6.77618
0.1	0.77	6.78309
0.1	0.78	6.7879
0.1	0.79	6.79265
0.1	0.8	6.79701
0.1	0.81	6.80121
0.1	0.82	6.80424
0.1	0.83	6.80668
0.1	0.84	6.80915
0.1	0.85	6.81021
0.1	0.86	6.81056
0.1	0.87	6.81137
0.1	0.88	6.81063
0.1	0.89	6.80898
0.1	0.9	6.80801
0.1	0.91	6.80599
0.1	0.92	6.80255
0.1	0.93	6.79894
0.1	0.94	6.7951
0.1	0.95	6.78838
0.1	0.96	6.78482
0.1	0.97	6.77317
0.1	0.98	6.77317
0.1	0.99	6.77317


0.11	0	6.75964
0.11	0.01	6.75964
0.11	0.02	6.75964
0.11	0.03	6.76898
0.11	0.04	6.77313
0.11	0.05	6.777
0.11	0.06	6.77958
0.11	0.07	6.78215
0.11	0.08	6.7837
0.11	0.09	6.78387
0.11	0.1	6.78407
0.11	0.11	6.78418
0.11	0.12	6.78375
0.11	0.13	6.78219
0.11	0.14	6.77907
0.11	0.15	6.77596
0.11	0.16	6.77208
0.11	0.17	6.76794
0.11	0.18	6.7632
0.11	0.19	6.757
0.11	0.2	6.75119
0.11	0.21	6.74426
0.11	0.22	6.73705
0.11	0.23	6.7296
0.11	0.24	6.72078
0.11	0.25	6.71221
0.11	0.26	6.70252
0.11	0.27	6.6932
0.11	0.28	6.68293
0.11	0.29	6.67253
0.11	0.3	6.6607
0.11	0.31	6.64908
0.11	0.32	6.63744
0.11	0.33	6.62666
0.11	0.34	6.6175
0.11	0.35	6.61072
0.11	0.36	6.60692
0.11	0.37	6.60583
0.11	0.38	6.60592
0.11	0.39	6.61021
0.11	0.4	6.61245
0.11	0.41	6.62051
0.11	0.42	6.62764
0.11	0.43	6.63458
0.11	0.44	6.63937
0.11	0.45	6.64302
0.11	0.46	6.64592
0.11	0.47	6.64822
0.11	0.48	6.65001
0.11	0.49	6.65142
0.11	0.5	6.65239
0.11	0.51	6.65323
0.11	0.52	6.6534
0.11	0.53	6.65309
0.11	0.54	6.65228
0.11	0.55	6.65078
0.11	0.56	6.64835
0.11	0.57	6.64427
0.11	0.58	6.63917
0.11	0.59	6.63302
0.11	0.6	6.63109
0.11	0.61	6.62653
0.11	0.62	6.62691
0.11	0.63	6.62635
0.11	0.64	6.6289
0.11	0.65	6.63477
0.11	0.66	6.64339
0.11	0.67	6.65423
0.11	0.68	6.66651
0.11	0.69	6.67916
0.11	0.7	6.69113
0.11	0.71	6.70185
0.11	0.72	6.712
0.11	0.73	6.72263
0.11	0.74	6.7315
0.11	0.75	6.74041
0.11	0.76	6.74919
0.11	0.77	6.75694
0.11	0.78	6.76402
0.11	0.79	6.77114
0.11	0.8	6.77848
0.11	0.81	6.78399
0.11	0.82	6.78859
0.11	0.83	6.79408
0.11	0.84	6.79896
0.11	0.85	6.80201
0.11	0.86	6.80486
0.11	0.87	6.80793
0.11	0.88	6.80988
0.11	0.89	6.81093
0.11	0.9	6.81114
0.11	0.91	6.81087
0.11	0.92	6.81088
0.11	0.93	6.80957
0.11	0.94	6.80803
0.11	0.95	6.80517
0.11	0.96	6.80325
0.11	0.97	6.79626
0.11	0.98	6.79626
0.11	0.99	6.79626


0.12	0	6.7776
0.12	0.01	6.7776
0.12	0.02	6.7776
0.12	0.03	6.78214
0.12	0.04	6.78301
0.12	0.05	6.78386
0.12	0.06	6.78444
0.12	0.07	6.78418
0.12	0.08	6.78391
0.12	0.09	6.78275
0.12	0.1	6.78059
0.12	0.11	6.7776
0.12	0.12	6.77336
0.12	0.13	6.76928
0.12	0.14	6.76475
0.12	0.15	6.75914
0.12	0.16	6.75317
0.12	0.17	6.74682
0.12	0.18	6.73936
0.12	0.19	6.73223
0.12	0.2	6.7237
0.12	0.21	6.71542
0.12	0.22	6.70627
0.12	0.23	6.69638
0.12	0.24	6.68684
0.12	0.25	6.67609
0.12	0.26	6.6652
0.12	0.27	6.654
0.12	0.28	6.64193
0.12	0.29	6.63026
0.12	0.3	6.61765
0.12	0.31	6.60511
0.12	0.32	6.59167
0.12	0.33	6.57839
0.12	0.34	6.56437
0.12	0.35	6.5506
0.12	0.36	6.5376
0.12	0.37	6.52638
0.12	0.38	6.5176
0.12	0.39	6.51157
0.12	0.4	6.50828
0.12	0.41	6.5073
0.12	0.42	6.50763
0.12	0.43	6.51137
0.12	0.44	6.51312
0.12	0.45	6.51927
0.12	0.46	6.52465
0.12	0.47	6.52893
0.12	0.48	6.53131
0.12	0.49	6.5332
0.12	0.5	6.53434
0.12	0.51	6.53494
0.12	0.52	6.53501
0.12	0.53	6.53381
0.12	0.54	6.53121
0.12	0.55	6.52753
0.12	0.56	6.52681
0.12	0.57	6.52428
0.12	0.58	6.52472
0.12	0.59	6.52557
0.12	0.6	6.5282
0.12	0.61	6.53335
0.12	0.62	6.54136
0.12	0.63	6.55231
0.12	0.64	6.56583
0.12	0.65	6.58056
0.12	0.66	6.59501
0.12	0.67	6.60901
0.12	0.68	6.62257
0.12	0.69	6.63617
0.12	0.7	6.64831
0.12	0.71	6.66019
0.12	0.72	6.67265
0.12	0.73	6.68375
0.12	0.74	6.69433
0.12	0.75	6.70526
0.12	0.76	6.71566
0.12	0.77	6.72494
0.12	0.78	6.73392
0.12	0.79	6.74345
0.12	0.8	6.7518
0.12	0.81	6.75909
0.12	0.82	6.76625
0.12	0.83	6.774
0.12	0.84	6.77989
0.12	0.85	6.78515
0.12	0.86	6.7911
0.12	0.87	6.79543
0.12	0.88	6.79968
0.12	0.89	6.80294
0.12	0.9	6.80605
0.12	0.91	6.80862
0.12	0.92	6.81035
0.12	0.93	6.81091
0.12	0.94	6.8111
0.12	0.95	6.8105
0.12	0.96	6.81057
0.12	0.97	6.8082
0.12	0.98	6.8082
0.12	0.99	6.8082


0.13	0	6.78394
0.13	0.01	6.78394
0.13	0.02	6.78394
0.13	0.03	6.78457
0.13	0.04	6.78432
0.13	0.05	6.78353
0.13	0.06	6.78189
0.13	0.07	6.77877
0.13	0.08	6.775
0.13	0.09	6.77076
0.13	0.1	6.76646
0.13	0.11	6.76107
0.13	0.12	6.75568
0.13	0.13	6.74872
0.13	0.14	6.7421
0.13	0.15	6.73508
0.13	0.16	6.72664
0.13	0.17	6.71816
0.13	0.18	6.70964
0.13	0.19	6.69998
0.13	0.2	6.6902
0.13	0.21	6.68018
0.13	0.22	6.66923
0.13	0.23	6.65842
0.13	0.24	6.64662
0.13	0.25	6.63513
0.13	0.26	6.62273
0.13	0.27	6.6101
0.13	0.28	6.59748
0.13	0.29	6.58393
0.13	0.3	6.57061
0.13	0.31	6.5568
0.13	0.32	6.54249
0.13	0.33	6.52839
0.13	0.34	6.51369
0.13	0.35	6.49904
0.13	0.36	6.48362
0.13	0.37	6.46842
0.13	0.38	6.4532
0.13	0.39	6.43883
0.13	0.4	6.42604
0.13	0.41	6.41548
0.13	0.42	6.40774
0.13	0.43	6.40303
0.13	0.44	6.40081
0.13	0.45	6.40045
0.13	0.46	6.40085
0.13	0.47	6.40407
0.13	0.48	6.40579
0.13	0.49	6.40947
0.13	0.5	6.41186
0.13	0.51	6.41142
0.13	0.52	6.41137
0.13	0.53	6.41048
0.13	0.54	6.41143
0.13	0.55	6.41284
0.13	0.56	6.4153
0.13	0.57	6.41984
0.13	0.58	6.42718
0.13	0.59	6.43748
0.13	0.6	6.45054
0.13	0.61	6.46574
0.13	0.62	6.48198
0.13	0.63	6.49812
0.13	0.64	6.51414
0.13	0.65	6.52987
0.13	0.66	6.54471
0.13	0.67	6.55929
0.13	0.68	6.57419
0.13	0.69	6.5879
0.13	0.7	6.60123
0.13	0.71	6.61507
0.13	0.72	6.62833
0.13	0.73	6.64062
0.13	0.74	6.65288
0.13	0.75	6.66534
0.13	0.76	6.67662
0.13	0.77	6.68761
0.13	0.78	6.69883
0.13	0.79	6.70933
0.13	0.8	6.71867
0.13	0.81	6.72784
0.13	0.82	6.73801
0.13	0.83	6.74613
0.13	0.84	6.75414
0.13	0.85	6.76129
0.13	0.86	6.76913
0.13	0.87	6.77536
0.13	0.88	6.78151
0.13	0.89	6.78661
0.13	0.9	6.7919
0.13	0.91	6.7967
0.13	0.92	6.79997
0.13	0.93	6.80303
0.13	0.94	6.80626
0.13	0.95	6.80897
0.13	0.96	6.80948
0.13	0.97	6.80996
0.13	0.98	6.80996
0.13	0.99	6.80996


0.14	0	6.78324
0.14	0.01	6.78324
0.14	0.02	6.78324
0.14	0.03	6.78037
0.14	0.04	6.77669
0.14	0.05	6.77257
0.14	0.06	6.76781
0.14	0.07	6.76328
0.14	0.08	6.75782
0.14	0.09	6.75131
0.14	0.1	6.74468
0.14	0.11	6.73729
0.14	0.12	6.72995
0.14	0.13	6.7213
0.14	0.14	6.71282
0.14	0.15	6.7034
0.14	0.16	6.69428
0.14	0.17	6.68377
0.14	0.18	6.67343
0.14	0.19	6.66287
0.14	0.2	6.65114
0.14	0.21	6.63949
0.14	0.22	6.62786
0.14	0.23	6.61531
0.14	0.24	6.60261
0.14	0.25	6.58984
0.14	0.26	6.57638
0.14	0.27	6.56304
0.14	0.28	6.54899
0.14	0.29	6.53512
0.14	0.3	6.52047
0.14	0.31	6.50601
0.14	0.32	6.49133
0.14	0.33	6.47598
0.14	0.34	6.46085
0.14	0.35	6.44541
0.14	0.36	6.4297
0.14	0.37	6.41401
0.14	0.38	6.39776
0.14	0.39	6.38179
0.14	0.4	6.36566
0.14	0.41	6.34968
0.14	0.42	6.33441
0.14	0.43	6.32075
0.14	0.44	6.30922
0.14	0.45	6.29979
0.14	0.46	6.2924
0.14	0.47	6.28733
0.14	0.48	6.28443
0.14	0.49	6.28292
0.14	0.5	6.28354
0.14	0.51	6.28612
0.14	0.52	6.29073
0.14	0.53	6.29735
0.14	0.54	6.30536
0.14	0.55	6.31497
0.14	0.56	6.3269
0.14	0.57	6.34147
0.14	0.58	6.358
0.14	0.59	6.37533
0.14	0.6	6.39253
0.14	0.61	6.40994
0.14	0.62	6.4268
0.14	0.63	6.44339
0.14	0.64	6.45995
0.14	0.65	6.47568
0.14	0.66	6.49129
0.14	0.67	6.50722
0.14	0.68	6.52237
0.14	0.69	6.53706
0.14	0.7	6.55197
0.14	0.71	6.56663
0.14	0.72	6.58034
0.14	0.73	6.59405
0.14	0.74	6.60812
0.14	0.75	6.62114
0.14	0.76	6.63344
0.14	0.77	6.64589
0.14	0.78	6.65869
0.14	0.79	6.66976
0.14	0.8	6.68118
0.14	0.81	6.6919
0.14	0.82	6.70303
0.14	0.83	6.71251
0.14	0.84	6.72224
0.14	0.85	6.73121
0.14	0.86	6.74017
0.14	0.87	6.74871
0.14	0.88	6.75584
0.14	0.89	6.7633
0.14	0.9	6.77028
0.14	0.91	6.77672
0.14	0.92	6.7816
0.14	0.93	6.78764
0.14	0.94	6.79178
0.14	0.95	6.7966
0.14	0.96	6.79869
0.14	0.97	6.80375
0.14	0.98	6.80375
0.14	0.99	6.80375


0.15	0	6.77183
0.15	0.01	6.77183
0.15	0.02	6.77183
0.15	0.03	6.76475
0.15	0.04	6.76028
0.15	0.05	6.75375
0.15	0.06	6.74758
0.15	0.07	6.73985
0.15	0.08	6.73266
0.15	0.09	6.72487
0.15	0.1	6.7159
0.15	0.11	6.70708
0.15	0.12	6.69786
0.15	0.13	6.68771
0.15	0.14	6.6777
0.15	0.15	6.66675
0.15	0.16	6.65601
0.15	0.17	6.64422
0.15	0.18	6.63266
0.15	0.19	6.62042
0.15	0.2	6.60837
0.15	0.21	6.59522
0.15	0.22	6.5822
0.15	0.23	6.56912
0.15	0.24	6.55526
0.15	0.25	6.54132
0.15	0.26	6.52746
0.15	0.27	6.51292
0.15	0.28	6.49839
0.15	0.29	6.48376
0.15	0.3	6.46857
0.15	0.31	6.45352
0.15	0.32	6.43802
0.15	0.33	6.42264
0.15	0.34	6.40663
0.15	0.35	6.39081
0.15	0.36	6.3749
0.15	0.37	6.35873
0.15	0.38	6.3427
0.15	0.39	6.32635
0.15	0.4	6.30987
0.15	0.41	6.29322
0.15	0.42	6.27553
0.15	0.43	6.25752
0.15	0.44	6.23958
0.15	0.45	6.2223
0.15	0.46	6.20685
0.15	0.47	6.19431
0.15	0.48	6.18541
0.15	0.49	6.18045
0.15	0.5	6.17977
0.15	0.51	6.18401
0.15	0.52	6.19258
0.15	0.53	6.20532
0.15	0.54	6.22162
0.15	0.55	6.24053
0.15	0.56	6.26037
0.15	0.57	6.28092
0.15	0.58	6.29995
0.15	0.59	6.31795
0.15	0.6	6.33583
0.15	0.61	6.35299
0.15	0.62	6.36995
0.15	0.63	6.38706
0.15	0.64	6.40366
0.15	0.65	6.4202
0.15	0.66	6.43696
0.15	0.67	6.45307
0.15	0.68	6.46869
0.15	0.69	6.48462
0.15	0.7	6.50056
0.15	0.71	6.5155
0.15	0.72	6.53015
0.15	0.73	6.54514
0.15	0.74	6.55976
0.15	0.75	6.57332
0.15	0.76	6.58742
0.15	0.77	6.60078
0.15	0.78	6.61428
0.15	0.79	6.62664
0.15	0.8	6.63921
0.15	0.81	6.65143
0.15	0.82	6.66275
0.15	0.83	6.67445
0.15	0.84	6.68493
0.15	0.85	6.69594
0.15	0.86	6.70573
0.15	0.87	6.71562
0.15	0.88	6.7243
0.15	0.89	6.73377
0.15	0.9	6.74168
0.15	0.91	6.74986
0.15	0.92	6.75653
0.15	0.93	6.76443
0.15	0.94	6.76997
0.15	0.95	6.77715
0.15	0.96	6.78059
0.15	0.97	6.78874
0.15	0.98	6.78874
0.15	0.99	6.78874


0.16	0	6.75293
0.16	0.01	6.75293
0.16	0.02	6.75293
0.16	0.03	6.74259
0.16	0.04	6.73622
0.16	0.05	6.72768
0.16	0.06	6.7198
0.16	0.07	6.7105
0.16	0.08	6.70152
0.16	0.09	6.69167
0.16	0.1	6.68197
0.16	0.11	6.67101
0.16	0.12	6.6603
0.16	0.13	6.64935
0.16	0.14	6.63743
0.16	0.15	6.62564
0.16	0.16	6.61357
0.16	0.17	6.60079
0.16	0.18	6.58815
0.16	0.19	6.57481
0.16	0.2	6.56168
0.16	0.21	6.54782
0.16	0.22	6.53409
0.16	0.23	6.51984
0.16	0.24	6.50577
0.16	0.25	6.491
0.16	0.26	6.4762
0.16	0.27	6.46142
0.16	0.28	6.44609
0.16	0.29	6.43076
0.16	0.3	6.41546
0.16	0.31	6.39966
0.16	0.32	6.38395
0.16	0.33	6.36822
0.16	0.34	6.35222
0.16	0.35	6.33629
0.16	0.36	6.32001
0.16	0.37	6.30376
0.16	0.38	6.28675
0.16	0.39	6.26941
0.16	0.4	6.25135
0.16	0.41	6.23287
0.16	0.42	6.21496
0.16	0.43	6.19741
0.16	0.44	6.18067
0.16	0.45	6.16484
0.16	0.46	6.15061
0.16	0.47	6.13797
0.16	0.48	6.12956
0.16	0.49	6.12367
0.16	0.5	6.12349
0.16	0.51	6.12884
0.16	0.52	6.13738
0.16	0.53	6.14998
0.16	0.54	6.16452
0.16	0.55	6.18089
0.16	0.56	6.19846
0.16	0.57	6.21718
0.16	0.58	6.23605
0.16	0.59	6.25616
0.16	0.6	6.27572
0.16	0.61	6.29471
0.16	0.62	6.31302
0.16	0.63	6.33029
0.16	0.64	6.34729
0.16	0.65	6.36453
0.16	0.66	6.38141
0.16	0.67	6.39791
0.16	0.68	6.41441
0.16	0.69	6.43099
0.16	0.7	6.4469
0.16	0.71	6.46248
0.16	0.72	6.47859
0.16	0.73	6.49383
0.16	0.74	6.50907
0.16	0.75	6.5237
0.16	0.76	6.53837
0.16	0.77	6.553
0.16	0.78	6.5665
0.16	0.79	6.58044
0.16	0.8	6.5936
0.16	0.81	6.60701
0.16	0.82	6.61934
0.16	0.83	6.63201
0.16	0.84	6.64369
0.16	0.85	6.65568
0.16	0.86	6.66654
0.16	0.87	6.67772
0.16	0.88	6.68781
0.16	0.89	6.6984
0.16	0.9	6.70758
0.16	0.91	6.71732
0.16	0.92	6.72555
0.16	0.93	6.73495
0.16	0.94	6.74176
0.16	0.95	6.75099
0.16	0.96	6.75549
0.16	0.97	6.76646
0.16	0.98	6.76646
0.16	0.99	6.76646


0.17	0	6.72683
0.17	0.01	6.72683
0.17	0.02	6.72683
0.17	0.03	6.71374
0.17	0.04	6.70594
0.17	0.05	6.69562
0.17	0.06	6.68617
0.17	0.07	6.67551
0.17	0.08	6.6651
0.17	0.09	6.65381
0.17	0.1	6.64271
0.17	0.11	6.63069
0.17	0.12	6.61885
0.17	0.13	6.60636
0.17	0.14	6.59404
0.17	0.15	6.58079
0.17	0.16	6.5677
0.17	0.17	6.55451
0.17	0.18	6.54061
0.17	0.19	6.52673
0.17	0.2	6.51273
0.17	0.21	6.49825
0.17	0.22	6.48387
0.17	0.23	6.46898
0.17	0.24	6.45426
0.17	0.25	6.43905
0.17	0.26	6.42394
0.17	0.27	6.40842
0.17	0.28	6.39306
0.17	0.29	6.37727
0.17	0.3	6.36156
0.17	0.31	6.34588
0.17	0.32	6.32988
0.17	0.33	6.31375
0.17	0.34	6.29758
0.17	0.35	6.2807
0.17	0.36	6.26326
0.17	0.37	6.24532
0.17	0.38	6.22717
0.17	0.39	6.20932
0.17	0.4	6.19245
0.17	0.41	6.17529
0.17	0.42	6.16089
0.17	0.43	6.14582
0.17	0.44	6.1362
0.17	0.45	6.12534
0.17	0.46	6.12045
0.17	0.47	6.11491
0.17	0.48	6.11387
0.17	0.49	6.11256
0.17	0.5	6.11315
0.17	0.51	6.11528
0.17	0.52	6.11689
0.17	0.53	6.12262
0.17	0.54	6.12754
0.17	0.55	6.1383
0.17	0.56	6.14751
0.17	0.57	6.16267
0.17	0.58	6.17728
0.17	0.59	6.1952
0.17	0.6	6.21262
0.17	0.61	6.23194
0.17	0.62	6.25094
0.17	0.63	6.2709
0.17	0.64	6.29034
0.17	0.65	6.30823
0.17	0.66	6.32537
0.17	0.67	6.34253
0.17	0.68	6.35972
0.17	0.69	6.37609
0.17	0.7	6.39264
0.17	0.71	6.40892
0.17	0.72	6.42522
0.17	0.73	6.44119
0.17	0.74	6.45652
0.17	0.75	6.4723
0.17	0.76	6.48736
0.17	0.77	6.50251
0.17	0.78	6.51687
0.17	0.79	6.53159
0.17	0.8	6.5455
0.17	0.81	6.55957
0.17	0.82	6.57276
0.17	0.83	6.58627
0.17	0.84	6.59887
0.17	0.85	6.61173
0.17	0.86	6.62361
0.17	0.87	6.63586
0.17	0.88	6.64706
0.17	0.89	6.65867
0.17	0.9	6.66904
0.17	0.91	6.68005
0.17	0.92	6.68948
0.17	0.93	6.70015
0.17	0.94	6.70811
0.17	0.95	6.71913
0.17	0.96	6.72456
0.17	0.97	6.73801
0.17	0.98	6.73801
0.17	0.99	6.73801


0.18	0	6.69482
0.18	0.01	6.69482
0.18	0.02	6.69482
0.18	0.03	6.67935
0.18	0.04	6.67032
0.18	0.05	6.65856
0.18	0.06	6.64779
0.18	0.07	6.63593
0.18	0.08	6.62435
0.18	0.09	6.61199
0.18	0.1	6.5998
0.18	0.11	6.58687
0.18	0.12	6.57407
0.18	0.13	6.56066
0.18	0.14	6.54741
0.18	0.15	6.53351
0.18	0.16	6.51973
0.18	0.17	6.50549
0.18	0.18	6.49143
0.18	0.19	6.47673
0.18	0.2	6.46206
0.18	0.21	6.44738
0.18	0.22	6.43221
0.18	0.23	6.41704
0.18	0.24	6.4018
0.18	0.25	6.38628
0.18	0.26	6.37089
0.18	0.27	6.35523
0.18	0.28	6.33969
0.18	0.29	6.32382
0.18	0.3	6.30791
0.18	0.31	6.29137
0.18	0.32	6.27489
0.18	0.33	6.25737
0.18	0.34	6.23917
0.18	0.35	6.2212
0.18	0.36	6.20406
0.18	0.37	6.18653
0.18	0.38	6.17132
0.18	0.39	6.15549
0.18	0.4	6.14445
0.18	0.41	6.13218
0.18	0.42	6.12562
0.18	0.43	6.11822
0.18	0.44	6.11612
0.18	0.45	6.11333
0.18	0.46	6.11304
0.18	0.47	6.1129
0.18	0.48	6.1132
0.18	0.49	6.11366
0.18	0.5	6.11389
0.18	0.51	6.11408
0.18	0.52	6.11436
0.18	0.53	6.11503
0.18	0.54	6.11593
0.18	0.55	6.11912
0.18	0.56	6.12162
0.18	0.57	6.12916
0.18	0.58	6.13578
0.18	0.59	6.14817
0.18	0.6	6.15926
0.18	0.61	6.17579
0.18	0.62	6.191
0.18	0.63	6.20959
0.18	0.64	6.22768
0.18	0.65	6.24693
0.18	0.66	6.26662
0.18	0.67	6.28576
0.18	0.68	6.30363
0.18	0.69	6.32114
0.18	0.7	6.3379
0.18	0.71	6.35486
0.18	0.72	6.37106
0.18	0.73	6.38736
0.18	0.74	6.40326
0.18	0.75	6.41945
0.18	0.76	6.43491
0.18	0.77	6.45051
0.18	0.78	6.4655
0.18	0.79	6.48076
0.18	0.8	6.49523
0.18	0.81	6.50988
0.18	0.82	6.52379
0.18	0.83	6.53798
0.18	0.84	6.55134
0.18	0.85	6.56497
0.18	0.86	6.57773
0.18	0.87	6.59082
0.18	0.88	6.60293
0.18	0.89	6.61544
0.18	0.9	6.62679
0.18	0.91	6.63882
0.18	0.92	6.64926
0.18	0.93	6.66107
0.18	0.94	6.67008
0.18	0.95	6.68261
0.18	0.96	6.68881
0.18	0.97	6.70438
0.18	0.98	6.70438
0.18	0.99	6.70438


0.19	0	6.65791
0.19	0.01	6.65791
0.19	0.02	6.65791
0.19	0.03	6.64046
0.19	0.04	6.6304
0.19	0.05	6.6175
0.19	0.06	6.60568
0.19	0.07	6.59287
0.19	0.08	6.58033
0.19	0.09	6.5671
0.19	0.1	6.55404
0.19	0.11	6.54038
0.19	0.12	6.52685
0.19	0.13	6.51277
0.19	0.14	6.49884
0.19	0.15	6.4844
0.19	0.16	6.47007
0.19	0.17	6.45527
0.19	0.18	6.44063
0.19	0.19	6.42555
0.19	0.2	6.41056
0.19	0.21	6.39524
0.19	0.22	6.38009
0.19	0.23	6.36462
0.19	0.24	6.34916
0.19	0.25	6.3337
0.19	0.26	6.31789
0.19	0.27	6.30193
0.19	0.28	6.28568
0.19	0.29	6.26873
0.19	0.3	6.2516
0.19	0.31	6.23333
0.19	0.32	6.2159
0.19	0.33	6.19811
0.19	0.34	6.18226
0.19	0.35	6.16583
0.19	0.36	6.15341
0.19	0.37	6.13989
0.19	0.38	6.13169
0.19	0.39	6.1227
0.19	0.4	6.11925
0.19	0.41	6.11502
0.19	0.42	6.11399
0.19	0.43	6.11297
0.19	0.44	6.11302
0.19	0.45	6.11315
0.19	0.46	6.11355
0.19	0.47	6.11373
0.19	0.48	6.11391
0.19	0.49	6.11408
0.19	0.5	6.11424
0.19	0.51	6.11439
0.19	0.52	6.11454
0.19	0.53	6.11475
0.19	0.54	6.11507
0.19	0.55	6.11555
0.19	0.56	6.11608
0.19	0.57	6.11792
0.19	0.58	6.11943
0.19	0.59	6.12413
0.19	0.6	6.12825
0.19	0.61	6.13764
0.19	0.62	6.14575
0.19	0.63	6.15975
0.19	0.64	6.17221
0.19	0.65	6.18934
0.19	0.66	6.20547
0.19	0.67	6.22451
0.19	0.68	6.24258
0.19	0.69	6.26241
0.19	0.7	6.28088
0.19	0.71	6.29933
0.19	0.72	6.31625
0.19	0.73	6.33327
0.19	0.74	6.34952
0.19	0.75	6.36585
0.19	0.76	6.38159
0.19	0.77	6.39749
0.19	0.78	6.4129
0.19	0.79	6.42849
0.19	0.8	6.44343
0.19	0.81	6.45859
0.19	0.82	6.47311
0.19	0.83	6.48787
0.19	0.84	6.50186
0.19	0.85	6.51609
0.19	0.86	6.52954
0.19	0.87	6.54329
0.19	0.88	6.55615
0.19	0.89	6.5694
0.19	0.9	6.58159
0.19	0.91	6.59448
0.19	0.92	6.60581
0.19	0.93	6.61863
0.19	0.94	6.62851
0.19	0.95	6.64226
0.19	0.96	6.64913
0.19	0.97	6.66655
0.19	0.98	6.66655
0.19	0.99	6.66655


0.2	0	6.61708
0.2	0.01	6.61708
0.2	0.02	6.61708
0.2	0.03	6.59807
0.2	0.04	6.5872
0.2	0.05	6.57338
0.2	0.06	6.56071
0.2	0.07	6.54716
0.2	0.08	6.53386
0.2	0.09	6.51999
0.2	0.1	6.50626
0.2	0.11	6.49204
0.2	0.12	6.47793
0.2	0.13	6.46337
0.2	0.14	6.44892
0.2	0.15	6.43406
0.2	0.16	6.4193
0.2	0.17	6.40417
0.2	0.18	6.38917
0.2	0.19	6.37388
0.2	0.2	6.35869
0.2	0.21	6.34323
0.2	0.22	6.32787
0.2	0.23	6.31215
0.2	0.24	6.29638
0.2	0.25	6.27985
0.2	0.26	6.26331
0.2	0.27	6.24572
0.2	0.28	6.22777
0.2	0.29	6.21
0.2	0.3	6.19362
0.2	0.31	6.17673
0.2	0.32	6.16291
0.2	0.33	6.14845
0.2	0.34	6.13891
0.2	0.35	6.12848
0.2	0.36	6.12352
0.2	0.37	6.11771
0.2	0.38	6.11569
0.2	0.39	6.1135
0.2	0.4	6.11335
0.2	0.41	6.11299
0.2	0.42	6.11297
0.2	0.43	6.11328
0.2	0.44	6.11363
0.2	0.45	6.11378
0.2	0.46	6.11393
0.2	0.47	6.11414
0.2	0.48	6.11433
0.2	0.49	6.11449
0.2	0.5	6.11466
0.2	0.51	6.11489
0.2	0.52	6.11515
0.2	0.53	6.11541
0.2	0.54	6.11568
0.2	0.55	6.11589
0.2	0.56	6.11611
0.2	0.57	6.11652
0.2	0.58	6.11721
0.2	0.59	6.11796
0.2	0.6	6.11899
0.2	0.61	6.1219
0.2	0.62	6.12433
0.2	0.63	6.1308
0.2	0.64	6.13623
0.2	0.65	6.14712
0.2	0.66	6.15661
0.2	0.67	6.17171
0.2	0.68	6.18551
0.2	0.69	6.20325
0.2	0.7	6.21964
0.2	0.71	6.23874
0.2	0.72	6.25711
0.2	0.73	6.27643
0.2	0.74	6.29389
0.2	0.75	6.31138
0.2	0.76	6.32764
0.2	0.77	6.34402
0.2	0.78	6.35971
0.2	0.79	6.37553
0.2	0.8	6.39083
0.2	0.81	6.40633
0.2	0.82	6.42126
0.2	0.83	6.43638
0.2	0.84	6.45086
0.2	0.85	6.46559
0.2	0.86	6.47961
0.2	0.87	6.49392
0.2	0.88	6.50741
0.2	0.89	6.5213
0.2	0.9	6.53419
0.2	0.91	6.54778
0.2	0.92	6.55984
0.2	0.93	6.57348
0.2	0.94	6.58412
0.2	0.95	6.59892
0.2	0.96	6.60641
0.2	0.97	6.62538
0.2	0.98	6.62538
0.2	0.99	6.62538


0.21	0	6.57327
0.21	0.01	6.57327
0.21	0.02	6.57327
0.21	0.03	6.55301
0.21	0.04	6.5415
0.21	0.05	6.52698
0.21	0.06	6.51367
0.21	0.07	6.49956
0.21	0.08	6.48569
0.21	0.09	6.47134
0.21	0.1	6.4571
0.21	0.11	6.44245
0.21	0.12	6.42791
0.21	0.13	6.413
0.21	0.14	6.3982
0.21	0.15	6.38311
0.21	0.16	6.36812
0.21	0.17	6.35287
0.21	0.18	6.33771
0.21	0.19	6.32223
0.21	0.2	6.30677
0.21	0.21	6.29076
0.21	0.22	6.27463
0.21	0.23	6.25748
0.21	0.24	6.24014
0.21	0.25	6.22205
0.21	0.26	6.20528
0.21	0.27	6.18803
0.21	0.28	6.17324
0.21	0.29	6.15797
0.21	0.3	6.1472
0.21	0.31	6.13539
0.21	0.32	6.1287
0.21	0.33	6.12133
0.21	0.34	6.11832
0.21	0.35	6.11487
0.21	0.36	6.11409
0.21	0.37	6.11313
0.21	0.38	6.11297
0.21	0.39	6.11307
0.21	0.4	6.11328
0.21	0.41	6.1135
0.21	0.42	6.11371
0.21	0.43	6.11387
0.21	0.44	6.114
0.21	0.45	6.11413
0.21	0.46	6.1143
0.21	0.47	6.11453
0.21	0.48	6.1148
0.21	0.49	6.11507
0.21	0.5	6.11533
0.21	0.51	6.1156
0.21	0.52	6.11585
0.21	0.53	6.1161
0.21	0.54	6.11642
0.21	0.55	6.1167
0.21	0.56	6.11697
0.21	0.57	6.1172
0.21	0.58	6.11753
0.21	0.59	6.11786
0.21	0.6	6.11817
0.21	0.61	6.11848
0.21	0.62	6.11956
0.21	0.63	6.12082
0.21	0.64	6.12249
0.21	0.65	6.1266
0.21	0.66	6.12989
0.21	0.67	6.13788
0.21	0.68	6.14489
0.21	0.69	6.15721
0.21	0.7	6.16779
0.21	0.71	6.18365
0.21	0.72	6.19839
0.21	0.73	6.21639
0.21	0.74	6.23314
0.21	0.75	6.25224
0.21	0.76	6.27026
0.21	0.77	6.28871
0.21	0.78	6.30535
0.21	0.79	6.32205
0.21	0.8	6.33776
0.21	0.81	6.35358
0.21	0.82	6.36878
0.21	0.83	6.38416
0.21	0.84	6.399
0.21	0.85	6.41407
0.21	0.86	6.42854
0.21	0.87	6.44326
0.21	0.88	6.45728
0.21	0.89	6.47169
0.21	0.9	6.48516
0.21	0.91	6.49933
0.21	0.92	6.51202
0.21	0.93	6.52635
0.21	0.94	6.53761
0.21	0.95	6.55327
0.21	0.96	6.56128
0.21	0.97	6.58155
0.21	0.98	6.58155
0.21	0.99	6.58155


0.22	0	6.52726
0.22	0.01	6.52726
0.22	0.02	6.52726
0.22	0.03	6.50606
0.22	0.04	6.49406
0.22	0.05	6.47901
0.22	0.06	6.46521
0.22	0.07	6.45067
0.22	0.08	6.43638
0.22	0.09	6.42168
0.22	0.1	6.40709
0.22	0.11	6.3922
0.22	0.12	6.3774
0.22	0.13	6.36235
0.22	0.14	6.34739
0.22	0.15	6.33215
0.22	0.16	6.31695
0.22	0.17	6.30131
0.22	0.18	6.28563
0.22	0.19	6.26912
0.22	0.2	6.25236
0.22	0.21	6.2344
0.22	0.22	6.21718
0.22	0.23	6.1997
0.22	0.24	6.18428
0.22	0.25	6.16829
0.22	0.26	6.15612
0.22	0.27	6.14318
0.22	0.28	6.13495
0.22	0.29	6.12613
0.22	0.3	6.12203
0.22	0.31	6.11726
0.22	0.32	6.11557
0.22	0.33	6.11378
0.22	0.34	6.11349
0.22	0.35	6.11315
0.22	0.36	6.11305
0.22	0.37	6.11316
0.22	0.38	6.11345
0.22	0.39	6.1136
0.22	0.4	6.11374
0.22	0.41	6.11392
0.22	0.42	6.11411
0.22	0.43	6.1143
0.22	0.44	6.1145
0.22	0.45	6.11475
0.22	0.46	6.115
0.22	0.47	6.11523
0.22	0.48	6.11545
0.22	0.49	6.1157
0.22	0.5	6.11598
0.22	0.51	6.1163
0.22	0.52	6.11661
0.22	0.53	6.11689
0.22	0.54	6.11719
0.22	0.55	6.1175
0.22	0.56	6.11776
0.22	0.57	6.11792
0.22	0.58	6.11814
0.22	0.59	6.11845
0.22	0.6	6.11875
0.22	0.61	6.1188
0.22	0.62	6.11899
0.22	0.63	6.11949
0.22	0.64	6.12009
0.22	0.65	6.12032
0.22	0.66	6.12172
0.22	0.67	6.12365
0.22	0.68	6.12622
0.22	0.69	6.13161
0.22	0.7	6.13584
0.22	0.71	6.14522
0.22	0.72	6.15359
0.22	0.73	6.16708
0.22	0.74	6.17889
0.22	0.75	6.19539
0.22	0.76	6.21062
0.22	0.77	6.22875
0.22	0.78	6.24592
0.22	0.79	6.26482
0.22	0.8	6.28211
0.22	0.81	6.29959
0.22	0.82	6.31552
0.22	0.83	6.33155
0.22	0.84	6.34676
0.22	0.85	6.36211
0.22	0.86	6.37689
0.22	0.87	6.39191
0.22	0.88	6.40631
0.22	0.89	6.42109
0.22	0.9	6.43502
0.22	0.91	6.44965
0.22	0.92	6.46286
0.22	0.93	6.47775
0.22	0.94	6.48955
0.22	0.95	6.50593
0.22	0.96	6.51439
0.22	0.97	6.53574
0.22	0.98	6.53574
0.22	0.99	6.53574


0.23	0	6.47973
0.23	0.01	6.47973
0.23	0.02	6.47973
0.23	0.03	6.45782
0.23	0.04	6.44544
0.23	0.05	6.43001
0.23	0.06	6.41585
0.23	0.07	6.40105
0.23	0.08	6.38649
0.23	0.09	6.37163
0.23	0.1	6.35687
0.23	0.11	6.34186
0.23	0.12	6.3269
0.23	0.13	6.31158
0.23	0.14	6.29625
0.23	0.15	6.28027
0.23	0.16	6.26412
0.23	0.17	6.24677
0.23	0.18	6.22931
0.23	0.19	6.21165
0.23	0.2	6.19575
0.23	0.21	6.17925
0.23	0.22	6.16585
0.23	0.23	6.15194
0.23	0.24	6.14241
0.23	0.25	6.13218
0.23	0.26	6.12668
0.23	0.27	6.12055
0.23	0.28	6.11791
0.23	0.29	6.11506
0.23	0.3	6.11438
0.23	0.31	6.11344
0.23	0.32	6.11319
0.23	0.33	6.1132
0.23	0.34	6.11328
0.23	0.35	6.11347
0.23	0.36	6.11366
0.23	0.37	6.11384
0.23	0.38	6.11398
0.23	0.39	6.11411
0.23	0.4	6.11425
0.23	0.41	6.11444
0.23	0.42	6.11467
0.23	0.43	6.11491
0.23	0.44	6.11516
0.23	0.45	6.11542
0.23	0.46	6.11569
0.23	0.47	6.11598
0.23	0.48	6.11627
0.23	0.49	6.11655
0.23	0.5	6.11683
0.23	0.51	6.11708
0.23	0.52	6.11733
0.23	0.53	6.11755
0.23	0.54	6.11782
0.23	0.55	6.11811
0.23	0.56	6.11838
0.23	0.57	6.11854
0.23	0.58	6.11876
0.23	0.59	6.11903
0.23	0.6	6.11925
0.23	0.61	6.11931
0.23	0.62	6.11944
0.23	0.63	6.11961
0.23	0.64	6.11979
0.23	0.65	6.1199
0.23	0.66	6.11989
0.23	0.67	6.12049
0.23	0.68	6.12126
0.23	0.69	6.12161
0.23	0.7	6.12376
0.23	0.71	6.12641
0.23	0.72	6.13003
0.23	0.73	6.13675
0.23	0.74	6.1423
0.23	0.75	6.15304
0.23	0.76	6.16243
0.23	0.77	6.17683
0.23	0.78	6.18987
0.23	0.79	6.20682
0.23	0.8	6.22233
0.23	0.81	6.24053
0.23	0.82	6.25792
0.23	0.83	6.27627
0.23	0.84	6.29276
0.23	0.85	6.3094
0.23	0.86	6.32474
0.23	0.87	6.34026
0.23	0.88	6.355
0.23	0.89	6.37005
0.23	0.9	6.38432
0.23	0.91	6.39927
0.23	0.92	6.41288
0.23	0.93	6.42819
0.23	0.94	6.44042
0.23	0.95	6.45738
0.23	0.96	6.46622
0.23	0.97	6.48849
0.23	0.98	6.48849
0.23	0.99	6.48849


0.24	0	6.43123
0.24	0.01	6.43123
0.24	0.02	6.43123
0.24	0.03	6.40882
0.24	0.04	6.39618
0.24	0.05	6.38056
0.24	0.06	6.36621
0.24	0.07	6.35129
0.24	0.08	6.33658
0.24	0.09	6.32152
0.24	0.1	6.3065
0.24	0.11	6.29094
0.24	0.12	6.27531
0.24	0.13	6.25867
0.24	0.14	6.24163
0.24	0.15	6.22381
0.24	0.16	6.2074
0.24	0.17	6.19057
0.24	0.18	6.17623
0.24	0.19	6.16148
0.24	0.2	6.15076
0.24	0.21	6.13926
0.24	0.22	6.13228
0.24	0.23	6.12481
0.24	0.24	6.12123
0.24	0.25	6.11723
0.24	0.26	6.11587
0.24	0.27	6.11427
0.24	0.28	6.11377
0.24	0.29	6.11357
0.24	0.3	6.11339
0.24	0.31	6.1134
0.24	0.32	6.11362
0.24	0.33	6.1138
0.24	0.34	6.11389
0.24	0.35	6.114
0.24	0.36	6.11416
0.24	0.37	6.11434
0.24	0.38	6.11454
0.24	0.39	6.11477
0.24	0.4	6.115
0.24	0.41	6.11523
0.24	0.42	6.11546
0.24	0.43	6.11569
0.24	0.44	6.11594
0.24	0.45	6.11621
0.24	0.46	6.11648
0.24	0.47	6.11675
0.24	0.48	6.11704
0.24	0.49	6.1173
0.24	0.5	6.11756
0.24	0.51	6.11781
0.24	0.52	6.11805
0.24	0.53	6.11824
0.24	0.54	6.11844
0.24	0.55	6.11866
0.24	0.56	6.11887
0.24	0.57	6.11901
0.24	0.58	6.1192
0.24	0.59	6.11938
0.24	0.6	6.1195
0.24	0.61	6.11963
0.24	0.62	6.11971
0.24	0.63	6.11976
0.24	0.64	6.11982
0.24	0.65	6.11988
0.24	0.66	6.11987
0.24	0.67	6.11992
0.24	0.68	6.12014
0.24	0.69	6.12016
0.24	0.7	6.12023
0.24	0.71	6.12116
0.24	0.72	6.12204
0.24	0.73	6.12274
0.24	0.74	6.12596
0.24	0.75	6.12941
0.24	0.76	6.13415
0.24	0.77	6.14219
0.24	0.78	6.14927
0.24	0.79	6.16121
0.24	0.8	6.17152
0.24	0.81	6.18669
0.24	0.82	6.2007
0.24	0.83	6.21791
0.24	0.84	6.23381
0.24	0.85	6.25211
0.24	0.86	6.26919
0.24	0.87	6.2868
0.24	0.88	6.30254
0.24	0.89	6.31856
0.24	0.9	6.33329
0.24	0.91	6.34865
0.24	0.92	6.36257
0.24	0.93	6.37818
0.24	0.94	6.39075
0.24	0.95	6.40811
0.24	0.96	6.41727
0.24	0.97	6.44024
0.24	0.98	6.44024
0.24	0.99	6.44024


0.25	0	6.38229
0.25	0.01	6.38229
0.25	0.02	6.38229
0.25	0.03	6.35964
0.25	0.04	6.34687
0.25	0.05	6.33108
0.25	0.06	6.31653
0.25	0.07	6.30119
0.25	0.08	6.286
0.25	0.09	6.26993
0.25	0.1	6.25367
0.25	0.11	6.236
0.25	0.12	6.21911
0.25	0.13	6.20206
0.25	0.14	6.18712
0.25	0.15	6.17167
0.25	0.16	6.15972
0.25	0.17	6.14717
0.25	0.18	6.13885
0.25	0.19	6.13005
0.25	0.2	6.12541
0.25	0.21	6.1202
0.25	0.22	6.11796
0.25	0.23	6.11558
0.25	0.24	6.11481
0.25	0.25	6.11412
0.25	0.26	6.1137
0.25	0.27	6.11372
0.25	0.28	6.11376
0.25	0.29	6.11385
0.25	0.3	6.11396
0.25	0.31	6.11412
0.25	0.32	6.11426
0.25	0.33	6.11437
0.25	0.34	6.11451
0.25	0.35	6.11468
0.25	0.36	6.1149
0.25	0.37	6.11511
0.25	0.38	6.11531
0.25	0.39	6.11552
0.25	0.4	6.11577
0.25	0.41	6.11604
0.25	0.42	6.11632
0.25	0.43	6.11658
0.25	0.44	6.11684
0.25	0.45	6.11708
0.25	0.46	6.11731
0.25	0.47	6.11752
0.25	0.48	6.11773
0.25	0.49	6.11794
0.25	0.5	6.11817
0.25	0.51	6.1184
0.25	0.52	6.11863
0.25	0.53	6.11881
0.25	0.54	6.119
0.25	0.55	6.11915
0.25	0.56	6.11925
0.25	0.57	6.11937
0.25	0.58	6.11945
0.25	0.59	6.11951
0.25	0.6	6.11958
0.25	0.61	6.11966
0.25	0.62	6.11973
0.25	0.63	6.11977
0.25	0.64	6.11982
0.25	0.65	6.11984
0.25	0.66	6.11982
0.25	0.67	6.11978
0.25	0.68	6.11979
0.25	0.69	6.11976
0.25	0.7	6.11957
0.25	0.71	6.11972
0.25	0.72	6.12004
0.25	0.73	6.11981
0.25	0.74	6.12018
0.25	0.75	6.12165
0.25	0.76	6.12283
0.25	0.77	6.12412
0.25	0.78	6.12838
0.25	0.79	6.13304
0.25	0.8	6.13896
0.25	0.81	6.14834
0.25	0.82	6.15687
0.25	0.83	6.16978
0.25	0.84	6.18111
0.25	0.85	6.19695
0.25	0.86	6.21145
0.25	0.87	6.22885
0.25	0.88	6.24518
0.25	0.89	6.26345
0.25	0.9	6.27977
0.25	0.91	6.29684
0.25	0.92	6.31154
0.25	0.93	6.32789
0.25	0.94	6.34083
0.25	0.95	6.35859
0.25	0.96	6.36799
0.25	0.97	6.39149
0.25	0.98	6.39149
0.25	0.99	6.39149


0.26	0	6.33331
0.26	0.01	6.33331
0.26	0.02	6.33331
0.26	0.03	6.31029
0.26	0.04	6.29717
0.26	0.05	6.28059
0.26	0.06	6.26515
0.26	0.07	6.24795
0.26	0.08	6.23106
0.26	0.09	6.21376
0.26	0.1	6.19828
0.26	0.11	6.18228
0.26	0.12	6.1692
0.26	0.13	6.15576
0.26	0.14	6.14629
0.26	0.15	6.13621
0.26	0.16	6.13029
0.26	0.17	6.1239
0.26	0.18	6.12078
0.26	0.19	6.11746
0.26	0.2	6.11627
0.26	0.21	6.11486
0.26	0.22	6.11433
0.26	0.23	6.11422
0.26	0.24	6.11403
0.26	0.25	6.11398
0.26	0.26	6.11412
0.26	0.27	6.1143
0.26	0.28	6.11441
0.26	0.29	6.11449
0.26	0.3	6.11463
0.26	0.31	6.1148
0.26	0.32	6.11498
0.26	0.33	6.11516
0.26	0.34	6.11534
0.26	0.35	6.11555
0.26	0.36	6.11576
0.26	0.37	6.11598
0.26	0.38	6.11622
0.26	0.39	6.11645
0.26	0.4	6.1167
0.26	0.41	6.11693
0.26	0.42	6.11715
0.26	0.43	6.11738
0.26	0.44	6.11761
0.26	0.45	6.11782
0.26	0.46	6.11804
0.26	0.47	6.11826
0.26	0.48	6.11846
0.26	0.49	6.11862
0.26	0.5	6.11878
0.26	0.51	6.11891
0.26	0.52	6.11902
0.26	0.53	6.11916
0.26	0.54	6.11928
0.26	0.55	6.11936
0.26	0.56	6.11946
0.26	0.57	6.11953
0.26	0.58	6.11956
0.26	0.59	6.1196
0.26	0.6	6.11962
0.26	0.61	6.11963
0.26	0.62	6.11962
0.26	0.63	6.11961
0.26	0.64	6.11961
0.26	0.65	6.1196
0.26	0.66	6.11956
0.26	0.67	6.11951
0.26	0.68	6.11949
0.26	0.69	6.11942
0.26	0.7	6.11928
0.26	0.71	6.11919
0.26	0.72	6.11921
0.26	0.73	6.11917
0.26	0.74	6.11882
0.26	0.75	6.11915
0.26	0.76	6.11977
0.26	0.77	6.11954
0.26	0.78	6.12008
0.26	0.79	6.12218
0.26	0.8	6.12426
0.26	0.81	6.12606
0.26	0.82	6.13137
0.26	0.83	6.13759
0.26	0.84	6.14479
0.26	0.85	6.15548
0.26	0.86	6.16512
0.26	0.87	6.17881
0.26	0.88	6.1912
0.26	0.89	6.20755
0.26	0.9	6.22226
0.26	0.91	6.24008
0.26	0.92	6.25634
0.26	0.93	6.27497
0.26	0.94	6.28921
0.26	0.95	6.30831
0.26	0.96	6.31827
0.26	0.97	6.34251
0.26	0.98	6.34251
0.26	0.99	6.34251


0.27	0	6.28336
0.27	0.01	6.28336
0.27	0.02	6.28336
0.27	0.03	6.25859
0.27	0.04	6.24394
0.27	0.05	6.22553
0.27	0.06	6.20949
0.27	0.07	6.19312
0.27	0.08	6.17936
0.27	0.09	6.16507
0.27	0.1	6.15438
0.27	0.11	6.14315
0.27	0.12	6.13594
0.27	0.13	6.12837
0.27	0.14	6.12438
0.27	0.15	6.11996
0.27	0.16	6.11806
0.27	0.17	6.11598
0.27	0.18	6.1152
0.27	0.19	6.11476
0.27	0.2	6.11434
0.27	0.21	6.11431
0.27	0.22	6.11432
0.27	0.23	6.11442
0.27	0.24	6.11453
0.27	0.25	6.11467
0.27	0.26	6.11481
0.27	0.27	6.11495
0.27	0.28	6.11509
0.27	0.29	6.11526
0.27	0.3	6.11546
0.27	0.31	6.11566
0.27	0.32	6.11584
0.27	0.33	6.11604
0.27	0.34	6.11626
0.27	0.35	6.1165
0.27	0.36	6.11674
0.27	0.37	6.11696
0.27	0.38	6.11717
0.27	0.39	6.11739
0.27	0.4	6.11759
0.27	0.41	6.11777
0.27	0.42	6.11797
0.27	0.43	6.11816
0.27	0.44	6.11834
0.27	0.45	6.11851
0.27	0.46	6.11869
0.27	0.47	6.11885
0.27	0.48	6.11897
0.27	0.49	6.11911
0.27	0.5	6.11922
0.27	0.51	6.11929
0.27	0.52	6.11936
0.27	0.53	6.11939
0.27	0.54	6.11941
0.27	0.55	6.11944
0.27	0.56	6.11948
0.27	0.57	6.11951
0.27	0.58	6.11953
0.27	0.59	6.11955
0.27	0.6	6.11954
0.27	0.61	6.1195
0.27	0.62	6.11946
0.27	0.63	6.1194
0.27	0.64	6.11932
0.27	0.65	6.11926
0.27	0.66	6.11918
0.27	0.67	6.1191
0.27	0.68	6.11904
0.27	0.69	6.11898
0.27	0.7	6.11888
0.27	0.71	6.11878
0.27	0.72	6.11873
0.27	0.73	6.11866
0.27	0.74	6.11846
0.27	0.75	6.11832
0.27	0.76	6.11842
0.27	0.77	6.11853
0.27	0.78	6.11804
0.27	0.79	6.11847
0.27	0.8	6.11954
0.27	0.81	6.1198
0.27	0.82	6.12035
0.27	0.83	6.12306
0.27	0.84	6.12643
0.27	0.85	6.12901
0.27	0.86	6.13556
0.27	0.87	6.14303
0.27	0.88	6.15167
0.27	0.89	6.16353
0.27	0.9	6.17413
0.27	0.91	6.1887
0.27	0.92	6.2014
0.27	0.93	6.21838
0.27	0.94	6.23302
0.27	0.95	6.25382
0.27	0.96	6.26523
0.27	0.97	6.29194
0.27	0.98	6.29194
0.27	0.99	6.29194


0.28	0	6.2293
0.28	0.01	6.2293
0.28	0.02	6.2293
0.28	0.03	6.20366
0.28	0.04	6.18981
0.28	0.05	6.17474
0.28	0.06	6.16313
0.28	0.07	6.15089
0.28	0.08	6.14259
0.28	0.09	6.13374
0.28	0.1	6.12856
0.28	0.11	6.12307
0.28	0.12	6.12042
0.28	0.13	6.11757
0.28	0.14	6.11645
0.28	0.15	6.11536
0.28	0.16	6.11475
0.28	0.17	6.11476
0.28	0.18	6.11462
0.28	0.19	6.11454
0.28	0.2	6.11459
0.28	0.21	6.11479
0.28	0.22	6.11495
0.28	0.23	6.11507
0.28	0.24	6.1152
0.28	0.25	6.11538
0.28	0.26	6.11557
0.28	0.27	6.11577
0.28	0.28	6.11596
0.28	0.29	6.11615
0.28	0.3	6.11637
0.28	0.31	6.1166
0.28	0.32	6.11682
0.28	0.33	6.11704
0.28	0.34	6.11726
0.28	0.35	6.11748
0.28	0.36	6.11767
0.28	0.37	6.11786
0.28	0.38	6.11805
0.28	0.39	6.11824
0.28	0.4	6.11841
0.28	0.41	6.11858
0.28	0.42	6.11875
0.28	0.43	6.11888
0.28	0.44	6.11899
0.28	0.45	6.11912
0.28	0.46	6.11921
0.28	0.47	6.11926
0.28	0.48	6.11934
0.28	0.49	6.11938
0.28	0.5	6.11942
0.28	0.51	6.11947
0.28	0.52	6.1195
0.28	0.53	6.11952
0.28	0.54	6.11953
0.28	0.55	6.11951
0.28	0.56	6.11947
0.28	0.57	6.11942
0.28	0.58	6.11937
0.28	0.59	6.11932
0.28	0.6	6.11927
0.28	0.61	6.11921
0.28	0.62	6.11915
0.28	0.63	6.11908
0.28	0.64	6.119
0.28	0.65	6.1189
0.28	0.66	6.11881
0.28	0.67	6.11869
0.28	0.68	6.11859
0.28	0.69	6.11849
0.28	0.7	6.11839
0.28	0.71	6.11829
0.28	0.72	6.1182
0.28	0.73	6.11816
0.28	0.74	6.11805
0.28	0.75	6.11791
0.28	0.76	6.11783
0.28	0.77	6.11782
0.28	0.78	6.11769
0.28	0.79	6.11742
0.28	0.8	6.11764
0.28	0.81	6.11802
0.28	0.82	6.11765
0.28	0.83	6.11812
0.28	0.84	6.11953
0.28	0.85	6.12042
0.28	0.86	6.12147
0.28	0.87	6.12519
0.28	0.88	6.12919
0.28	0.89	6.13304
0.28	0.9	6.14126
0.28	0.91	6.14933
0.28	0.92	6.15949
0.28	0.93	6.17231
0.28	0.94	6.18329
0.28	0.95	6.20043
0.28	0.96	6.21022
0.28	0.97	6.23743
0.28	0.98	6.23743
0.28	0.99	6.23743


0.29	0	6.17877
0.29	0.01	6.17877
0.29	0.02	6.17877
0.29	0.03	6.15854
0.29	0.04	6.14977
0.29	0.05	6.13967
0.29	0.06	6.13355
0.29	0.07	6.12692
0.29	0.08	6.12348
0.29	0.09	6.11973
0.29	0.1	6.11808
0.29	0.11	6.11627
0.29	0.12	6.11563
0.29	0.13	6.11521
0.29	0.14	6.11483
0.29	0.15	6.11472
0.29	0.16	6.11479
0.29	0.17	6.11489
0.29	0.18	6.115
0.29	0.19	6.11511
0.29	0.2	6.11528
0.29	0.21	6.11547
0.29	0.22	6.11564
0.29	0.23	6.11582
0.29	0.24	6.11601
0.29	0.25	6.11622
0.29	0.26	6.11644
0.29	0.27	6.11666
0.29	0.28	6.11689
0.29	0.29	6.11712
0.29	0.3	6.11736
0.29	0.31	6.11758
0.29	0.32	6.11778
0.29	0.33	6.11799
0.29	0.34	6.11818
0.29	0.35	6.11836
0.29	0.36	6.11854
0.29	0.37	6.11872
0.29	0.38	6.11888
0.29	0.39	6.11901
0.29	0.4	6.11915
0.29	0.41	6.11927
0.29	0.42	6.11935
0.29	0.43	6.11942
0.29	0.44	6.1195
0.29	0.45	6.11954
0.29	0.46	6.11955
0.29	0.47	6.11957
0.29	0.48	6.11958
0.29	0.49	6.11957
0.29	0.5	6.11956
0.29	0.51	6.11954
0.29	0.52	6.11952
0.29	0.53	6.1195
0.29	0.54	6.11945
0.29	0.55	6.1194
0.29	0.56	6.11935
0.29	0.57	6.11927
0.29	0.58	6.11919
0.29	0.59	6.11908
0.29	0.6	6.11897
0.29	0.61	6.11886
0.29	0.62	6.11875
0.29	0.63	6.11866
0.29	0.64	6.11856
0.29	0.65	6.11848
0.29	0.66	6.11838
0.29	0.67	6.11828
0.29	0.68	6.11817
0.29	0.69	6.11806
0.29	0.7	6.11794
0.29	0.71	6.11782
0.29	0.72	6.1177
0.29	0.73	6.11764
0.29	0.74	6.11756
0.29	0.75	6.11744
0.29	0.76	6.11735
0.29	0.77	6.11735
0.29	0.78	6.11729
0.29	0.79	6.11713
0.29	0.8	6.11703
0.29	0.81	6.11707
0.29	0.82	6.11708
0.29	0.83	6.11685
0.29	0.84	6.11724
0.29	0.85	6.1178
0.29	0.86	6.11737
0.29	0.87	6.11845
0.29	0.88	6.12035
0.29	0.89	6.1212
0.29	0.9	6.12342
0.29	0.91	6.12832
0.29	0.92	6.13234
0.29	0.93	6.13922
0.29	0.94	6.14753
0.29	0.95	6.15846
0.29	0.96	6.16655
0.29	0.97	6.18823
0.29	0.98	6.18823
0.29	0.99	6.18823


0.3	0	6.14324
0.3	0.01	6.14324
0.3	0.02	6.14324
0.3	0.03	6.13125
0.3	0.04	6.12723
0.3	0.05	6.12236
0.3	0.06	6.12011
0.3	0.07	6.11759
0.3	0.08	6.11665
0.3	0.09	6.11568
0.3	0.1	6.1152
0.3	0.11	6.11518
0.3	0.12	6.11504
0.3	0.13	6.11499
0.3	0.14	6.11506
0.3	0.15	6.11526
0.3	0.16	6.11539
0.3	0.17	6.1155
0.3	0.18	6.11563
0.3	0.19	6.11583
0.3	0.2	6.11606
0.3	0.21	6.11627
0.3	0.22	6.11646
0.3	0.23	6.11667
0.3	0.24	6.11691
0.3	0.25	6.11716
0.3	0.26	6.1174
0.3	0.27	6.11762
0.3	0.28	6.11784
0.3	0.29	6.11806
0.3	0.3	6.11827
0.3	0.31	6.11846
0.3	0.32	6.11866
0.3	0.33	6.11885
0.3	0.34	6.11902
0.3	0.35	6.11918
0.3	0.36	6.11933
0.3	0.37	6.11945
0.3	0.38	6.11954
0.3	0.39	6.11964
0.3	0.4	6.11971
0.3	0.41	6.11974
0.3	0.42	6.11977
0.3	0.43	6.1198
0.3	0.44	6.11981
0.3	0.45	6.1198
0.3	0.46	6.11979
0.3	0.47	6.11977
0.3	0.48	6.11973
0.3	0.49	6.11968
0.3	0.5	6.11962
0.3	0.51	6.11956
0.3	0.52	6.11948
0.3	0.53	6.11938
0.3	0.54	6.11929
0.3	0.55	6.11918
0.3	0.56	6.11908
0.3	0.57	6.11898
0.3	0.58	6.11888
0.3	0.59	6.11877
0.3	0.6	6.11866
0.3	0.61	6.11854
0.3	0.62	6.11841
0.3	0.63	6.11827
0.3	0.64	6.11814
0.3	0.65	6.11802
0.3	0.66	6.1179
0.3	0.67	6.1178
0.3	0.68	6.1177
0.3	0.69	6.11762
0.3	0.7	6.11752
0.3	0.71	6.11741
0.3	0.72	6.1173
0.3	0.73	6.11722
0.3	0.74	6.11712
0.3	0.75	6.11702
0.3	0.76	6.11693
0.3	0.77	6.11688
0.3	0.78	6.11683
0.3	0.79	6.11677
0.3	0.8	6.11675
0.3	0.81	6.11671
0.3	0.82	6.11666
0.3	0.83	6.11652
0.3	0.84	6.11648
0.3	0.85	6.11661
0.3	0.86	6.11658
0.3	0.87	6.11639
0.3	0.88	6.11712
0.3	0.89	6.11793
0.3	0.9	6.1177
0.3	0.91	6.11959
0.3	0.92	6.12223
0.3	0.93	6.12364
0.3	0.94	6.12659
0.3	0.95	6.13294
0.3	0.96	6.13608
0.3	0.97	6.15037
0.3	0.98	6.15037
0.3	0.99	6.15037


0.31	0	6.12463
0.31	0.01	6.12463
0.31	0.02	6.12463
0.31	0.03	6.11953
0.31	0.04	6.11824
0.31	0.05	6.11664
0.31	0.06	6.11601
0.31	0.07	6.11562
0.31	0.08	6.11528
0.31	0.09	6.11519
0.31	0.1	6.11519
0.31	0.11	6.11525
0.31	0.12	6.11536
0.31	0.13	6.11551
0.31	0.14	6.1157
0.31	0.15	6.11591
0.31	0.16	6.1161
0.31	0.17	6.11631
0.31	0.18	6.11651
0.31	0.19	6.11672
0.31	0.2	6.11692
0.31	0.21	6.11714
0.31	0.22	6.11737
0.31	0.23	6.11762
0.31	0.24	6.11787
0.31	0.25	6.11809
0.31	0.26	6.11829
0.31	0.27	6.1185
0.31	0.28	6.11872
0.31	0.29	6.11892
0.31	0.3	6.1191
0.31	0.31	6.11928
0.31	0.32	6.11945
0.31	0.33	6.11959
0.31	0.34	6.11972
0.31	0.35	6.11984
0.31	0.36	6.11991
0.31	0.37	6.11998
0.31	0.38	6.12004
0.31	0.39	6.12006
0.31	0.4	6.12006
0.31	0.41	6.12007
0.31	0.42	6.12007
0.31	0.43	6.12005
0.31	0.44	6.12001
0.31	0.45	6.11996
0.31	0.46	6.11991
0.31	0.47	6.11984
0.31	0.48	6.11976
0.31	0.49	6.11968
0.31	0.5	6.11957
0.31	0.51	6.11945
0.31	0.52	6.11934
0.31	0.53	6.11921
0.31	0.54	6.11907
0.31	0.55	6.11894
0.31	0.56	6.1188
0.31	0.57	6.11867
0.31	0.58	6.11853
0.31	0.59	6.1184
0.31	0.6	6.11827
0.31	0.61	6.11815
0.31	0.62	6.11803
0.31	0.63	6.1179
0.31	0.64	6.11778
0.31	0.65	6.11765
0.31	0.66	6.11752
0.31	0.67	6.11738
0.31	0.68	6.11726
0.31	0.69	6.11716
0.31	0.7	6.11708
0.31	0.71	6.11699
0.31	0.72	6.11691
0.31	0.73	6.11684
0.31	0.74	6.11676
0.31	0.75	6.1167
0.31	0.76	6.11663
0.31	0.77	6.11656
0.31	0.78	6.11648
0.31	0.79	6.1164
0.31	0.8	6.11635
0.31	0.81	6.1163
0.31	0.82	6.11627
0.31	0.83	6.11623
0.31	0.84	6.1162
0.31	0.85	6.11623
0.31	0.86	6.11628
0.31	0.87	6.11628
0.31	0.88	6.11648
0.31	0.89	6.11695
0.31	0.9	6.11706
0.31	0.91	6.11672
0.31	0.92	6.11751
0.31	0.93	6.11871
0.31	0.94	6.11899
0.31	0.95	6.12136
0.31	0.96	6.12255
0.31	0.97	6.12883
0.31	0.98	6.12883
0.31	0.99	6.12883


0.32	0	6.11764
0.32	0.01	6.11764
0.32	0.02	6.11764
0.32	0.03	6.11628
0.32	0.04	6.11595
0.32	0.05	6.11583
0.32	0.06	6.11566
0.32	0.07	6.11556
0.32	0.08	6.11557
0.32	0.09	6.11569
0.32	0.1	6.11583
0.32	0.11	6.11594
0.32	0.12	6.11608
0.32	0.13	6.11627
0.32	0.14	6.11648
0.32	0.15	6.11669
0.32	0.16	6.11689
0.32	0.17	6.11712
0.32	0.18	6.11738
0.32	0.19	6.11765
0.32	0.2	6.1179
0.32	0.21	6.11812
0.32	0.22	6.11834
0.32	0.23	6.11854
0.32	0.24	6.11873
0.32	0.25	6.11892
0.32	0.26	6.11913
0.32	0.27	6.11934
0.32	0.28	6.11952
0.32	0.29	6.11967
0.32	0.3	6.11982
0.32	0.31	6.11996
0.32	0.32	6.12006
0.32	0.33	6.12015
0.32	0.34	6.12022
0.32	0.35	6.12025
0.32	0.36	6.12029
0.32	0.37	6.12032
0.32	0.38	6.12032
0.32	0.39	6.12032
0.32	0.4	6.1203
0.32	0.41	6.12028
0.32	0.42	6.12023
0.32	0.43	6.12016
0.32	0.44	6.12009
0.32	0.45	6.12001
0.32	0.46	6.11992
0.32	0.47	6.11981
0.32	0.48	6.11967
0.32	0.49	6.11955
0.32	0.5	6.11942
0.32	0.51	6.11928
0.32	0.52	6.11913
0.32	0.53	6.11898
0.32	0.54	6.11884
0.32	0.55	6.11868
0.32	0.56	6.11853
0.32	0.57	6.11837
0.32	0.58	6.11822
0.32	0.59	6.11806
0.32	0.6	6.11792
0.32	0.61	6.11777
0.32	0.62	6.11764
0.32	0.63	6.11751
0.32	0.64	6.11739
0.32	0.65	6.11728
0.32	0.66	6.11717
0.32	0.67	6.11706
0.32	0.68	6.11694
0.32	0.69	6.11683
0.32	0.7	6.11672
0.32	0.71	6.11663
0.32	0.72	6.11655
0.32	0.73	6.11649
0.32	0.74	6.11643
0.32	0.75	6.11637
0.32	0.76	6.11631
0.32	0.77	6.11624
0.32	0.78	6.11617
0.32	0.79	6.11612
0.32	0.8	6.11605
0.32	0.81	6.11602
0.32	0.82	6.11604
0.32	0.83	6.11609
0.32	0.84	6.11617
0.32	0.85	6.11632
0.32	0.86	6.11643
0.32	0.87	6.11642
0.32	0.88	6.11626
0.32	0.89	6.11626
0.32	0.9	6.11639
0.32	0.91	6.11643
0.32	0.92	6.11632
0.32	0.93	6.11678
0.32	0.94	6.11713
0.32	0.95	6.11767
0.32	0.96	6.11794
0.32	0.97	6.12009
0.32	0.98	6.12009
0.32	0.99	6.12009


0.33	0	6.11599
0.33	0.01	6.11599
0.33	0.02	6.11599
0.33	0.03	6.11585
0.33	0.04	6.11587
0.33	0.05	6.11592
0.33	0.06	6.11606
0.33	0.07	6.11624
0.33	0.08	6.1164
0.33	0.09	6.11656
0.33	0.1	6.1167
0.33	0.11	6.11685
0.33	0.12	6.11702
0.33	0.13	6.11721
0.33	0.14	6.1174
0.33	0.15	6.11761
0.33	0.16	6.11783
0.33	0.17	6.11806
0.33	0.18	6.1183
0.33	0.19	6.11852
0.33	0.2	6.11873
0.33	0.21	6.11896
0.33	0.22	6.11919
0.33	0.23	6.1194
0.33	0.24	6.1196
0.33	0.25	6.11977
0.33	0.26	6.11991
0.33	0.27	6.12003
0.33	0.28	6.12013
0.33	0.29	6.12026
0.33	0.3	6.12036
0.33	0.31	6.12041
0.33	0.32	6.12047
0.33	0.33	6.1205
0.33	0.34	6.12052
0.33	0.35	6.12054
0.33	0.36	6.12054
0.33	0.37	6.12052
0.33	0.38	6.12049
0.33	0.39	6.12045
0.33	0.4	6.1204
0.33	0.41	6.12033
0.33	0.42	6.12025
0.33	0.43	6.12016
0.33	0.44	6.12005
0.33	0.45	6.11993
0.33	0.46	6.11979
0.33	0.47	6.11966
0.33	0.48	6.11952
0.33	0.49	6.11936
0.33	0.5	6.11921
0.33	0.51	6.11905
0.33	0.52	6.11889
0.33	0.53	6.11873
0.33	0.54	6.11857
0.33	0.55	6.1184
0.33	0.56	6.11824
0.33	0.57	6.11808
0.33	0.58	6.11792
0.33	0.59	6.11777
0.33	0.6	6.11761
0.33	0.61	6.11747
0.33	0.62	6.11732
0.33	0.63	6.11719
0.33	0.64	6.11706
0.33	0.65	6.11694
0.33	0.66	6.11683
0.33	0.67	6.11673
0.33	0.68	6.11665
0.33	0.69	6.11657
0.33	0.7	6.11649
0.33	0.71	6.1164
0.33	0.72	6.1163
0.33	0.73	6.1162
0.33	0.74	6.1161
0.33	0.75	6.11603
0.33	0.76	6.11596
0.33	0.77	6.11594
0.33	0.78	6.11594
0.33	0.79	6.11597
0.33	0.8	6.11601
0.33	0.81	6.11612
0.33	0.82	6.11619
0.33	0.83	6.11621
0.33	0.84	6.11619
0.33	0.85	6.11611
0.33	0.86	6.11609
0.33	0.87	6.11612
0.33	0.88	6.11615
0.33	0.89	6.11616
0.33	0.9	6.11622
0.33	0.91	6.11632
0.33	0.92	6.11635
0.33	0.93	6.11633
0.33	0.94	6.11639
0.33	0.95	6.11662
0.33	0.96	6.11664
0.33	0.97	6.11727
0.33	0.98	6.11727
0.33	0.99	6.11727


0.34	0	6.11593
0.34	0.01	6.11593
0.34	0.02	6.11593
0.34	0.03	6.1161
0.34	0.04	6.11633
0.34	0.05	6.11653
0.34	0.06	6.11676
0.34	0.07	6.11697
0.34	0.08	6.1172
0.34	0.09	6.11742
0.34	0.1	6.11763
0.34	0.11	6.11786
0.34	0.12	6.11808
0.34	0.13	6.11829
0.34	0.14	6.11847
0.34	0.15	6.11865
0.34	0.16	6.11883
0.34	0.17	6.11901
0.34	0.18	6.11919
0.34	0.19	6.11937
0.34	0.2	6.11957
0.34	0.21	6.11976
0.34	0.22	6.11993
0.34	0.23	6.12009
0.34	0.24	6.12024
0.34	0.25	6.12039
0.34	0.26	6.1205
0.34	0.27	6.12058
0.34	0.28	6.12064
0.34	0.29	6.12067
0.34	0.3	6.12068
0.34	0.31	6.1207
0.34	0.32	6.12071
0.34	0.33	6.12072
0.34	0.34	6.12071
0.34	0.35	6.12068
0.34	0.36	6.12064
0.34	0.37	6.12058
0.34	0.38	6.12052
0.34	0.39	6.12045
0.34	0.4	6.12036
0.34	0.41	6.12025
0.34	0.42	6.12014
0.34	0.43	6.12
0.34	0.44	6.11988
0.34	0.45	6.11974
0.34	0.46	6.1196
0.34	0.47	6.11944
0.34	0.48	6.11929
0.34	0.49	6.11913
0.34	0.5	6.11897
0.34	0.51	6.1188
0.34	0.52	6.11863
0.34	0.53	6.11847
0.34	0.54	6.1183
0.34	0.55	6.11813
0.34	0.56	6.11797
0.34	0.57	6.11781
0.34	0.58	6.11766
0.34	0.59	6.11751
0.34	0.6	6.11736
0.34	0.61	6.11722
0.34	0.62	6.11707
0.34	0.63	6.11695
0.34	0.64	6.11682
0.34	0.65	6.11671
0.34	0.66	6.1166
0.34	0.67	6.1165
0.34	0.68	6.1164
0.34	0.69	6.1163
0.34	0.7	6.1162
0.34	0.71	6.11612
0.34	0.72	6.11603
0.34	0.73	6.11599
0.34	0.74	6.11592
0.34	0.75	6.11591
0.34	0.76	6.1159
0.34	0.77	6.11593
0.34	0.78	6.116
0.34	0.79	6.11605
0.34	0.8	6.11608
0.34	0.81	6.11606
0.34	0.82	6.11603
0.34	0.83	6.11601
0.34	0.84	6.11602
0.34	0.85	6.11601
0.34	0.86	6.11603
0.34	0.87	6.11606
0.34	0.88	6.11611
0.34	0.89	6.11614
0.34	0.9	6.11613
0.34	0.91	6.11617
0.34	0.92	6.11621
0.34	0.93	6.11625
0.34	0.94	6.11626
0.34	0.95	6.11632
0.34	0.96	6.11633
0.34	0.97	6.11648
0.34	0.98	6.11648
0.34	0.99	6.11648


0.35	0	6.11648
0.35	0.01	6.11648
0.35	0.02	6.11648
0.35	0.03	6.1168
0.35	0.04	6.11699
0.35	0.05	6.11725
0.35	0.06	6.11748
0.35	0.07	6.11774
0.35	0.08	6.11801
0.35	0.09	6.11828
0.35	0.1	6.11855
0.35	0.11	6.1188
0.35	0.12	6.11904
0.35	0.13	6.11926
0.35	0.14	6.11946
0.35	0.15	6.11966
0.35	0.16	6.11983
0.35	0.17	6.11998
0.35	0.18	6.12011
0.35	0.19	6.12024
0.35	0.2	6.12035
0.35	0.21	6.12046
0.35	0.22	6.12055
0.35	0.23	6.12064
0.35	0.24	6.12072
0.35	0.25	6.12077
0.35	0.26	6.12082
0.35	0.27	6.12087
0.35	0.28	6.1209
0.35	0.29	6.12093
0.35	0.3	6.12094
0.35	0.31	6.12092
0.35	0.32	6.12087
0.35	0.33	6.12081
0.35	0.34	6.12074
0.35	0.35	6.12068
0.35	0.36	6.12061
0.35	0.37	6.12053
0.35	0.38	6.12043
0.35	0.39	6.12031
0.35	0.4	6.12018
0.35	0.41	6.12006
0.35	0.42	6.11993
0.35	0.43	6.11979
0.35	0.44	6.11964
0.35	0.45	6.11949
0.35	0.46	6.11934
0.35	0.47	6.11918
0.35	0.48	6.11902
0.35	0.49	6.11886
0.35	0.5	6.1187
0.35	0.51	6.11853
0.35	0.52	6.11837
0.35	0.53	6.11821
0.35	0.54	6.11805
0.35	0.55	6.11789
0.35	0.56	6.11773
0.35	0.57	6.11758
0.35	0.58	6.11743
0.35	0.59	6.11729
0.35	0.6	6.11715
0.35	0.61	6.11702
0.35	0.62	6.1169
0.35	0.63	6.11678
0.35	0.64	6.11666
0.35	0.65	6.11654
0.35	0.66	6.11641
0.35	0.67	6.11629
0.35	0.68	6.11617
0.35	0.69	6.11608
0.35	0.7	6.116
0.35	0.71	6.11596
0.35	0.72	6.11594
0.35	0.73	6.11594
0.35	0.74	6.11598
0.35	0.75	6.11604
0.35	0.76	6.11605
0.35	0.77	6.11606
0.35	0.78	6.11602
0.35	0.79	6.11595
0.35	0.8	6.1159
0.35	0.81	6.11589
0.35	0.82	6.1159
0.35	0.83	6.11593
0.35	0.84	6.11597
0.35	0.85	6.11601
0.35	0.86	6.11603
0.35	0.87	6.11604
0.35	0.88	6.11605
0.35	0.89	6.11607
0.35	0.9	6.11608
0.35	0.91	6.11608
0.35	0.92	6.1161
0.35	0.93	6.11614
0.35	0.94	6.11616
0.35	0.95	6.11621
0.35	0.96	6.11623
0.35	0.97	6.11629
0.35	0.98	6.11629
0.35	0.99	6.11629


0.36	0	6.11718
0.36	0.01	6.11718
0.36	0.02	6.11718
0.36	0.03	6.11755
0.36	0.04	6.11778
0.36	0.05	6.11806
0.36	0.06	6.11832
0.36	0.07	6.11859
0.36	0.08	6.11885
0.36	0.09	6.1191
0.36	0.1	6.11935
0.36	0.11	6.1196
0.36	0.12	6.11984
0.36	0.13	6.12008
0.36	0.14	6.12029
0.36	0.15	6.12049
0.36	0.16	6.12065
0.36	0.17	6.1208
0.36	0.18	6.1209
0.36	0.19	6.12099
0.36	0.2	6.12103
0.36	0.21	6.12105
0.36	0.22	6.12107
0.36	0.23	6.12107
0.36	0.24	6.12106
0.36	0.25	6.12106
0.36	0.26	6.12106
0.36	0.27	6.12105
0.36	0.28	6.12103
0.36	0.29	6.121
0.36	0.3	6.12097
0.36	0.31	6.12093
0.36	0.32	6.12088
0.36	0.33	6.12081
0.36	0.34	6.12072
0.36	0.35	6.12061
0.36	0.36	6.12047
0.36	0.37	6.12034
0.36	0.38	6.1202
0.36	0.39	6.12008
0.36	0.4	6.11994
0.36	0.41	6.1198
0.36	0.42	6.11966
0.36	0.43	6.11951
0.36	0.44	6.11936
0.36	0.45	6.1192
0.36	0.46	6.11905
0.36	0.47	6.11889
0.36	0.48	6.11873
0.36	0.49	6.11858
0.36	0.5	6.11842
0.36	0.51	6.11827
0.36	0.52	6.11812
0.36	0.53	6.11797
0.36	0.54	6.11782
0.36	0.55	6.11768
0.36	0.56	6.11753
0.36	0.57	6.1174
0.36	0.58	6.11726
0.36	0.59	6.11714
0.36	0.6	6.11701
0.36	0.61	6.11688
0.36	0.62	6.11675
0.36	0.63	6.11661
0.36	0.64	6.11647
0.36	0.65	6.11637
0.36	0.66	6.11626
0.36	0.67	6.11619
0.36	0.68	6.11612
0.36	0.69	6.11608
0.36	0.7	6.11608
0.36	0.71	6.11609
0.36	0.72	6.11609
0.36	0.73	6.1161
0.36	0.74	6.11606
0.36	0.75	6.11603
0.36	0.76	6.11596
0.36	0.77	6.11595
0.36	0.78	6.11592
0.36	0.79	6.11592
0.36	0.8	6.11593
0.36	0.81	6.11594
0.36	0.82	6.11594
0.36	0.83	6.11593
0.36	0.84	6.11592
0.36	0.85	6.11593
0.36	0.86	6.11595
0.36	0.87	6.11597
0.36	0.88	6.11599
0.36	0.89	6.11602
0.36	0.9	6.11604
0.36	0.91	6.11605
0.36	0.92	6.11606
0.36	0.93	6.11607
0.36	0.94	6.11608
0.36	0.95	6.1161
0.36	0.96	6.11612
0.36	0.97	6.11617
0.36	0.98	6.11617
0.36	0.99	6.11617


0.37	0	6.11798
0.37	0.01	6.11798
0.37	0.02	6.11798
0.37	0.03	6.11839
0.37	0.04	6.11863
0.37	0.05	6.1189
0.37	0.06	6.11915
0.37	0.07	6.1194
0.37	0.08	6.11964
0.37	0.09	6.11989
0.37	0.1	6.12011
0.37	0.11	6.12034
0.37	0.12	6.12053
0.37	0.13	6.12073
0.37	0.14	6.1209
0.37	0.15	6.12106
0.37	0.16	6.12119
0.37	0.17	6.12131
0.37	0.18	6.12139
0.37	0.19	6.12144
0.37	0.2	6.12147
0.37	0.21	6.12149
0.37	0.22	6.12148
0.37	0.23	6.12144
0.37	0.24	6.12139
0.37	0.25	6.12132
0.37	0.26	6.12124
0.37	0.27	6.12116
0.37	0.28	6.12108
0.37	0.29	6.121
0.37	0.3	6.12092
0.37	0.31	6.12082
0.37	0.32	6.12073
0.37	0.33	6.12061
0.37	0.34	6.1205
0.37	0.35	6.12039
0.37	0.36	6.12027
0.37	0.37	6.12013
0.37	0.38	6.11998
0.37	0.39	6.11982
0.37	0.4	6.11966
0.37	0.41	6.1195
0.37	0.42	6.11934
0.37	0.43	6.11919
0.37	0.44	6.11905
0.37	0.45	6.1189
0.37	0.46	6.11875
0.37	0.47	6.1186
0.37	0.48	6.11845
0.37	0.49	6.11831
0.37	0.5	6.11816
0.37	0.51	6.11802
0.37	0.52	6.11788
0.37	0.53	6.11775
0.37	0.54	6.11762
0.37	0.55	6.1175
0.37	0.56	6.11738
0.37	0.57	6.11725
0.37	0.58	6.11712
0.37	0.59	6.11699
0.37	0.6	6.11684
0.37	0.61	6.11673
0.37	0.62	6.11661
0.37	0.63	6.11651
0.37	0.64	6.11642
0.37	0.65	6.11636
0.37	0.66	6.11632
0.37	0.67	6.11631
0.37	0.68	6.11631
0.37	0.69	6.1163
0.37	0.7	6.11627
0.37	0.71	6.11622
0.37	0.72	6.11615
0.37	0.73	6.11609
0.37	0.74	6.11603
0.37	0.75	6.11599
0.37	0.76	6.11598
0.37	0.77	6.11596
0.37	0.78	6.11596
0.37	0.79	6.11596
0.37	0.8	6.11596
0.37	0.81	6.11595
0.37	0.82	6.11595
0.37	0.83	6.11595
0.37	0.84	6.11594
0.37	0.85	6.11593
0.37	0.86	6.11592
0.37	0.87	6.11593
0.37	0.88	6.11594
0.37	0.89	6.11594
0.37	0.9	6.11596
0.37	0.91	6.11598
0.37	0.92	6.11601
0.37	0.93	6.11603
0.37	0.94	6.11604
0.37	0.95	6.11606
0.37	0.96	6.11606
0.37	0.97	6.11609
0.37	0.98	6.11609
0.37	0.99	6.11609


0.38	0	6.11882
0.38	0.01	6.11882
0.38	0.02	6.11882
0.38	0.03	6.11922
0.38	0.04	6.11944
0.38	0.05	6.1197
0.38	0.06	6.11993
0.38	0.07	6.12017
0.38	0.08	6.12037
0.38	0.09	6.12058
0.38	0.1	6.12076
0.38	0.11	6.12094
0.38	0.12	6.12107
0.38	0.13	6.12121
0.38	0.14	6.12132
0.38	0.15	6.1214
0.38	0.16	6.12149
0.38	0.17	6.12155
0.38	0.18	6.12161
0.38	0.19	6.12166
0.38	0.2	6.12169
0.38	0.21	6.12169
0.38	0.22	6.12167
0.38	0.23	6.12163
0.38	0.24	6.12156
0.38	0.25	6.12147
0.38	0.26	6.12137
0.38	0.27	6.12124
0.38	0.28	6.1211
0.38	0.29	6.12096
0.38	0.3	6.1208
0.38	0.31	6.12065
0.38	0.32	6.1205
0.38	0.33	6.12037
0.38	0.34	6.12022
0.38	0.35	6.12008
0.38	0.36	6.11994
0.38	0.37	6.11981
0.38	0.38	6.11967
0.38	0.39	6.11953
0.38	0.4	6.11938
0.38	0.41	6.11923
0.38	0.42	6.11907
0.38	0.43	6.1189
0.38	0.44	6.11874
0.38	0.45	6.11859
0.38	0.46	6.11845
0.38	0.47	6.11832
0.38	0.48	6.11819
0.38	0.49	6.11806
0.38	0.5	6.11793
0.38	0.51	6.11781
0.38	0.52	6.11769
0.38	0.53	6.11757
0.38	0.54	6.11745
0.38	0.55	6.11733
0.38	0.56	6.11719
0.38	0.57	6.11708
0.38	0.58	6.11696
0.38	0.59	6.11686
0.38	0.6	6.11676
0.38	0.61	6.11668
0.38	0.62	6.11662
0.38	0.63	6.1166
0.38	0.64	6.11659
0.38	0.65	6.11658
0.38	0.66	6.11655
0.38	0.67	6.11651
0.38	0.68	6.11645
0.38	0.69	6.11637
0.38	0.7	6.1163
0.38	0.71	6.11624
0.38	0.72	6.1162
0.38	0.73	6.11616
0.38	0.74	6.11614
0.38	0.75	6.11612
0.38	0.76	6.11609
0.38	0.77	6.11605
0.38	0.78	6.11603
0.38	0.79	6.116
0.38	0.8	6.11598
0.38	0.81	6.11597
0.38	0.82	6.11596
0.38	0.83	6.11595
0.38	0.84	6.11595
0.38	0.85	6.11595
0.38	0.86	6.11595
0.38	0.87	6.11594
0.38	0.88	6.11593
0.38	0.89	6.11593
0.38	0.9	6.11592
0.38	0.91	6.11593
0.38	0.92	6.11594
0.38	0.93	6.11595
0.38	0.94	6.11597
0.38	0.95	6.116
0.38	0.96	6.11602
0.38	0.97	6.11604
0.38	0.98	6.11604
0.38	0.99	6.11604


0.39	0	6.11963
0.39	0.01	6.11963
0.39	0.02	6.11963
0.39	0.03	6.12
0.39	0.04	6.1202
0.39	0.05	6.12043
0.39	0.06	6.12061
0.39	0.07	6.1208
0.39	0.08	6.12095
0.39	0.09	6.12111
0.39	0.1	6.12122
0.39	0.11	6.12133
0.39	0.12	6.12143
0.39	0.13	6.12149
0.39	0.14	6.12156
0.39	0.15	6.12162
0.39	0.16	6.12165
0.39	0.17	6.12167
0.39	0.18	6.12169
0.39	0.19	6.12169
0.39	0.2	6.12169
0.39	0.21	6.12167
0.39	0.22	6.12163
0.39	0.23	6.12159
0.39	0.24	6.12152
0.39	0.25	6.12143
0.39	0.26	6.12132
0.39	0.27	6.12118
0.39	0.28	6.12103
0.39	0.29	6.12087
0.39	0.3	6.12069
0.39	0.31	6.12051
0.39	0.32	6.12032
0.39	0.33	6.12014
0.39	0.34	6.11996
0.39	0.35	6.11979
0.39	0.36	6.11963
0.39	0.37	6.11947
0.39	0.38	6.11932
0.39	0.39	6.11918
0.39	0.4	6.11904
0.39	0.41	6.11891
0.39	0.42	6.11878
0.39	0.43	6.11864
0.39	0.44	6.11851
0.39	0.45	6.11837
0.39	0.46	6.11822
0.39	0.47	6.11809
0.39	0.48	6.11797
0.39	0.49	6.11785
0.39	0.5	6.11773
0.39	0.51	6.11762
0.39	0.52	6.1175
0.39	0.53	6.11738
0.39	0.54	6.11726
0.39	0.55	6.11716
0.39	0.56	6.11706
0.39	0.57	6.11698
0.39	0.58	6.1169
0.39	0.59	6.11686
0.39	0.6	6.11685
0.39	0.61	6.11685
0.39	0.62	6.11684
0.39	0.63	6.11681
0.39	0.64	6.11677
0.39	0.65	6.1167
0.39	0.66	6.11663
0.39	0.67	6.11656
0.39	0.68	6.1165
0.39	0.69	6.11645
0.39	0.7	6.11642
0.39	0.71	6.11638
0.39	0.72	6.11635
0.39	0.73	6.11631
0.39	0.74	6.11627
0.39	0.75	6.11623
0.39	0.76	6.11619
0.39	0.77	6.11616
0.39	0.78	6.11612
0.39	0.79	6.11608
0.39	0.8	6.11606
0.39	0.81	6.11603
0.39	0.82	6.116
0.39	0.83	6.11598
0.39	0.84	6.11596
0.39	0.85	6.11596
0.39	0.86	6.11595
0.39	0.87	6.11595
0.39	0.88	6.11595
0.39	0.89	6.11594
0.39	0.9	6.11594
0.39	0.91	6.11593
0.39	0.92	6.11592
0.39	0.93	6.11592
0.39	0.94	6.11593
0.39	0.95	6.11593
0.39	0.96	6.11594
0.39	0.97	6.11597
0.39	0.98	6.11597
0.39	0.99	6.11597


0.4	0	6.12036
0.4	0.01	6.12036
0.4	0.02	6.12036
0.4	0.03	6.12067
0.4	0.04	6.12083
0.4	0.05	6.121
0.4	0.06	6.12112
0.4	0.07	6.12125
0.4	0.08	6.12135
0.4	0.09	6.12143
0.4	0.1	6.12151
0.4	0.11	6.12158
0.4	0.12	6.12162
0.4	0.13	6.12165
0.4	0.14	6.12168
0.4	0.15	6.12168
0.4	0.16	6.12168
0.4	0.17	6.12168
0.4	0.18	6.12166
0.4	0.19	6.12161
0.4	0.2	6.12156
0.4	0.21	6.12151
0.4	0.22	6.12144
0.4	0.23	6.12136
0.4	0.24	6.12126
0.4	0.25	6.12117
0.4	0.26	6.12106
0.4	0.27	6.12094
0.4	0.28	6.12081
0.4	0.29	6.12067
0.4	0.3	6.12051
0.4	0.31	6.12034
0.4	0.32	6.12015
0.4	0.33	6.11996
0.4	0.34	6.11977
0.4	0.35	6.11957
0.4	0.36	6.11938
0.4	0.37	6.1192
0.4	0.38	6.11904
0.4	0.39	6.11888
0.4	0.4	6.11874
0.4	0.41	6.1186
0.4	0.42	6.11848
0.4	0.43	6.11837
0.4	0.44	6.11826
0.4	0.45	6.11816
0.4	0.46	6.11805
0.4	0.47	6.11793
0.4	0.48	6.1178
0.4	0.49	6.11766
0.4	0.5	6.11753
0.4	0.51	6.11742
0.4	0.52	6.11731
0.4	0.53	6.11723
0.4	0.54	6.11715
0.4	0.55	6.1171
0.4	0.56	6.11707
0.4	0.57	6.11707
0.4	0.58	6.11707
0.4	0.59	6.11706
0.4	0.6	6.11703
0.4	0.61	6.11699
0.4	0.62	6.11693
0.4	0.63	6.11686
0.4	0.64	6.1168
0.4	0.65	6.11675
0.4	0.66	6.11671
0.4	0.67	6.11668
0.4	0.68	6.11665
0.4	0.69	6.11661
0.4	0.7	6.11657
0.4	0.71	6.11653
0.4	0.72	6.11648
0.4	0.73	6.11644
0.4	0.74	6.1164
0.4	0.75	6.11635
0.4	0.76	6.11631
0.4	0.77	6.11627
0.4	0.78	6.11623
0.4	0.79	6.1162
0.4	0.8	6.11616
0.4	0.81	6.11612
0.4	0.82	6.11609
0.4	0.83	6.11606
0.4	0.84	6.11603
0.4	0.85	6.116
0.4	0.86	6.11598
0.4	0.87	6.11596
0.4	0.88	6.11596
0.4	0.89	6.11595
0.4	0.9	6.11594
0.4	0.91	6.11594
0.4	0.92	6.11594
0.4	0.93	6.11593
0.4	0.94	6.11592
0.4	0.95	6.11592
0.4	0.96	6.11591
0.4	0.97	6.11592
0.4	0.98	6.11592
0.4	0.99	6.11592


0.41	0	6.12094
0.41	0.01	6.12094
0.41	0.02	6.12094
0.41	0.03	6.12116
0.41	0.04	6.12127
0.41	0.05	6.12136
0.41	0.06	6.12146
0.41	0.07	6.12153
0.41	0.08	6.12158
0.41	0.09	6.12163
0.41	0.1	6.12166
0.41	0.11	6.12166
0.41	0.12	6.12168
0.41	0.13	6.12168
0.41	0.14	6.12167
0.41	0.15	6.12165
0.41	0.16	6.1216
0.41	0.17	6.12155
0.41	0.18	6.12149
0.41	0.19	6.12142
0.41	0.2	6.12133
0.41	0.21	6.12123
0.41	0.22	6.12113
0.41	0.23	6.12103
0.41	0.24	6.12092
0.41	0.25	6.12081
0.41	0.26	6.12069
0.41	0.27	6.12057
0.41	0.28	6.12045
0.41	0.29	6.12033
0.41	0.3	6.1202
0.41	0.31	6.12006
0.41	0.32	6.11991
0.41	0.33	6.11975
0.41	0.34	6.11958
0.41	0.35	6.11941
0.41	0.36	6.11922
0.41	0.37	6.11904
0.41	0.38	6.11886
0.41	0.39	6.11869
0.41	0.4	6.11854
0.41	0.41	6.1184
0.41	0.42	6.11827
0.41	0.43	6.11814
0.41	0.44	6.11802
0.41	0.45	6.11791
0.41	0.46	6.1178
0.41	0.47	6.1177
0.41	0.48	6.1176
0.41	0.49	6.11752
0.41	0.5	6.11743
0.41	0.51	6.11735
0.41	0.52	6.11729
0.41	0.53	6.11726
0.41	0.54	6.11725
0.41	0.55	6.11725
0.41	0.56	6.11724
0.41	0.57	6.11721
0.41	0.58	6.11717
0.41	0.59	6.11712
0.41	0.6	6.11706
0.41	0.61	6.11701
0.41	0.62	6.11697
0.41	0.63	6.11694
0.41	0.64	6.11691
0.41	0.65	6.11688
0.41	0.66	6.11685
0.41	0.67	6.11682
0.41	0.68	6.11678
0.41	0.69	6.11674
0.41	0.7	6.1167
0.41	0.71	6.11666
0.41	0.72	6.11662
0.41	0.73	6.11658
0.41	0.74	6.11653
0.41	0.75	6.11649
0.41	0.76	6.11645
0.41	0.77	6.1164
0.41	0.78	6.11636
0.41	0.79	6.11632
0.41	0.8	6.11628
0.41	0.81	6.11624
0.41	0.82	6.1162
0.41	0.83	6.11616
0.41	0.84	6.11612
0.41	0.85	6.11609
0.41	0.86	6.11606
0.41	0.87	6.11603
0.41	0.88	6.116
0.41	0.89	6.11598
0.41	0.9	6.11596
0.41	0.91	6.11595
0.41	0.92	6.11594
0.41	0.93	6.11594
0.41	0.94	6.11593
0.41	0.95	6.11593
0.41	0.96	6.11592
0.41	0.97	6.11591
0.41	0.98	6.11591
0.41	0.99	6.11591


0.42	0	6.12133
0.42	0.01	6.12133
0.42	0.02	6.12133
0.42	0.03	6.12147
0.42	0.04	6.12153
0.42	0.05	6.1216
0.42	0.06	6.12163
0.42	0.07	6.12165
0.42	0.08	6.12167
0.42	0.09	6.12167
0.42	0.1	6.12167
0.42	0.11	6.12166
0.42	0.12	6.12164
0.42	0.13	6.1216
0.42	0.14	6.12153
0.42	0.15	6.12147
0.42	0.16	6.1214
0.42	0.17	6.12132
0.42	0.18	6.12121
0.42	0.19	6.12111
0.42	0.2	6.121
0.42	0.21	6.1209
0.42	0.22	6.12078
0.42	0.23	6.12066
0.42	0.24	6.12054
0.42	0.25	6.12042
0.42	0.26	6.1203
0.42	0.27	6.12017
0.42	0.28	6.12005
0.42	0.29	6.11993
0.42	0.3	6.11981
0.42	0.31	6.11969
0.42	0.32	6.11957
0.42	0.33	6.11945
0.42	0.34	6.11933
0.42	0.35	6.1192
0.42	0.36	6.11907
0.42	0.37	6.11893
0.42	0.38	6.11878
0.42	0.39	6.11862
0.42	0.4	6.11846
0.42	0.41	6.11829
0.42	0.42	6.11813
0.42	0.43	6.11797
0.42	0.44	6.11784
0.42	0.45	6.11772
0.42	0.46	6.11761
0.42	0.47	6.11754
0.42	0.48	6.11748
0.42	0.49	6.11745
0.42	0.5	6.11744
0.42	0.51	6.11746
0.42	0.52	6.11747
0.42	0.53	6.11745
0.42	0.54	6.11742
0.42	0.55	6.11736
0.42	0.56	6.11729
0.42	0.57	6.11723
0.42	0.58	6.11718
0.42	0.59	6.11714
0.42	0.6	6.11712
0.42	0.61	6.1171
0.42	0.62	6.11708
0.42	0.63	6.11706
0.42	0.64	6.11703
0.42	0.65	6.117
0.42	0.66	6.11696
0.42	0.67	6.11693
0.42	0.68	6.11689
0.42	0.69	6.11686
0.42	0.7	6.11682
0.42	0.71	6.11679
0.42	0.72	6.11675
0.42	0.73	6.11671
0.42	0.74	6.11667
0.42	0.75	6.11663
0.42	0.76	6.11658
0.42	0.77	6.11654
0.42	0.78	6.11649
0.42	0.79	6.11645
0.42	0.8	6.11641
0.42	0.81	6.11636
0.42	0.82	6.11632
0.42	0.83	6.11628
0.42	0.84	6.11624
0.42	0.85	6.1162
0.42	0.86	6.11616
0.42	0.87	6.11613
0.42	0.88	6.11609
0.42	0.89	6.11606
0.42	0.9	6.11603
0.42	0.91	6.116
0.42	0.92	6.11597
0.42	0.93	6.11595
0.42	0.94	6.11594
0.42	0.95	6.11594
0.42	0.96	6.11593
0.42	0.97	6.11593
0.42	0.98	6.11593
0.42	0.99	6.11593


0.43	0	6.12157
0.43	0.01	6.12157
0.43	0.02	6.12157
0.43	0.03	6.12163
0.43	0.04	6.12165
0.43	0.05	6.12166
0.43	0.06	6.12166
0.43	0.07	6.12167
0.43	0.08	6.12166
0.43	0.09	6.12163
0.43	0.1	6.12159
0.43	0.11	6.12152
0.43	0.12	6.12145
0.43	0.13	6.12138
0.43	0.14	6.1213
0.43	0.15	6.1212
0.43	0.16	6.12108
0.43	0.17	6.12098
0.43	0.18	6.12087
0.43	0.19	6.12076
0.43	0.2	6.12063
0.43	0.21	6.12051
0.43	0.22	6.12039
0.43	0.23	6.12027
0.43	0.24	6.12014
0.43	0.25	6.12002
0.43	0.26	6.1199
0.43	0.27	6.11977
0.43	0.28	6.11965
0.43	0.29	6.11954
0.43	0.3	6.11943
0.43	0.31	6.11932
0.43	0.32	6.11922
0.43	0.33	6.11912
0.43	0.34	6.11903
0.43	0.35	6.11894
0.43	0.36	6.11884
0.43	0.37	6.11874
0.43	0.38	6.11862
0.43	0.39	6.11849
0.43	0.4	6.11836
0.43	0.41	6.11822
0.43	0.42	6.11808
0.43	0.43	6.11795
0.43	0.44	6.11783
0.43	0.45	6.11773
0.43	0.46	6.11766
0.43	0.47	6.11763
0.43	0.48	6.1176
0.43	0.49	6.11759
0.43	0.5	6.11757
0.43	0.51	6.11754
0.43	0.52	6.1175
0.43	0.53	6.11746
0.43	0.54	6.11742
0.43	0.55	6.11739
0.43	0.56	6.11736
0.43	0.57	6.11733
0.43	0.58	6.11731
0.43	0.59	6.11727
0.43	0.6	6.11723
0.43	0.61	6.1172
0.43	0.62	6.11717
0.43	0.63	6.11714
0.43	0.64	6.11712
0.43	0.65	6.11709
0.43	0.66	6.11706
0.43	0.67	6.11703
0.43	0.68	6.117
0.43	0.69	6.11697
0.43	0.7	6.11693
0.43	0.71	6.1169
0.43	0.72	6.11686
0.43	0.73	6.11683
0.43	0.74	6.11679
0.43	0.75	6.11675
0.43	0.76	6.11671
0.43	0.77	6.11667
0.43	0.78	6.11663
0.43	0.79	6.11659
0.43	0.8	6.11654
0.43	0.81	6.1165
0.43	0.82	6.11645
0.43	0.83	6.11641
0.43	0.84	6.11637
0.43	0.85	6.11632
0.43	0.86	6.11628
0.43	0.87	6.11624
0.43	0.88	6.1162
0.43	0.89	6.11616
0.43	0.9	6.11612
0.43	0.91	6.11609
0.43	0.92	6.11606
0.43	0.93	6.11602
0.43	0.94	6.116
0.43	0.95	6.11597
0.43	0.96	6.11595
0.43	0.97	6.11594
0.43	0.98	6.11594
0.43	0.99	6.11594


0.44	0	6.12165
0.44	0.01	6.12165
0.44	0.02	6.12165
0.44	0.03	6.12166
0.44	0.04	6.12166
0.44	0.05	6.12165
0.44	0.06	6.12162
0.44	0.07	6.12157
0.44	0.08	6.12151
0.44	0.09	6.12143
0.44	0.1	6.12135
0.44	0.11	6.12127
0.44	0.12	6.12117
0.44	0.13	6.12106
0.44	0.14	6.12095
0.44	0.15	6.12084
0.44	0.16	6.12073
0.44	0.17	6.12061
0.44	0.18	6.12049
0.44	0.19	6.12036
0.44	0.2	6.12024
0.44	0.21	6.12011
0.44	0.22	6.11999
0.44	0.23	6.11987
0.44	0.24	6.11975
0.44	0.25	6.11963
0.44	0.26	6.11951
0.44	0.27	6.1194
0.44	0.28	6.11929
0.44	0.29	6.11919
0.44	0.3	6.1191
0.44	0.31	6.119
0.44	0.32	6.11891
0.44	0.33	6.11882
0.44	0.34	6.11873
0.44	0.35	6.11863
0.44	0.36	6.11854
0.44	0.37	6.11845
0.44	0.38	6.11837
0.44	0.39	6.1183
0.44	0.4	6.11823
0.44	0.41	6.11817
0.44	0.42	6.11811
0.44	0.43	6.11807
0.44	0.44	6.11804
0.44	0.45	6.118
0.44	0.46	6.11795
0.44	0.47	6.11787
0.44	0.48	6.11779
0.44	0.49	6.11771
0.44	0.5	6.11763
0.44	0.51	6.11756
0.44	0.52	6.11751
0.44	0.53	6.11748
0.44	0.54	6.11746
0.44	0.55	6.11745
0.44	0.56	6.11744
0.44	0.57	6.11742
0.44	0.58	6.1174
0.44	0.59	6.11738
0.44	0.6	6.11735
0.44	0.61	6.11732
0.44	0.62	6.11728
0.44	0.63	6.11724
0.44	0.64	6.11721
0.44	0.65	6.11718
0.44	0.66	6.11715
0.44	0.67	6.11712
0.44	0.68	6.11709
0.44	0.69	6.11706
0.44	0.7	6.11704
0.44	0.71	6.11701
0.44	0.72	6.11697
0.44	0.73	6.11694
0.44	0.74	6.1169
0.44	0.75	6.11687
0.44	0.76	6.11683
0.44	0.77	6.11679
0.44	0.78	6.11676
0.44	0.79	6.11672
0.44	0.8	6.11667
0.44	0.81	6.11663
0.44	0.82	6.11659
0.44	0.83	6.11654
0.44	0.84	6.1165
0.44	0.85	6.11645
0.44	0.86	6.11641
0.44	0.87	6.11636
0.44	0.88	6.11632
0.44	0.89	6.11628
0.44	0.9	6.11624
0.44	0.91	6.1162
0.44	0.92	6.11616
0.44	0.93	6.11612
0.44	0.94	6.11609
0.44	0.95	6.11605
0.44	0.96	6.11603
0.44	0.97	6.11599
0.44	0.98	6.11599
0.44	0.99	6.11599


0.45	0	6.12164
0.45	0.01	6.12164
0.45	0.02	6.12164
0.45	0.03	6.12161
0.45	0.04	6.12156
0.45	0.05	6.12149
0.45	0.06	6.12141
0.45	0.07	6.12133
0.45	0.08	6.12124
0.45	0.09	6.12115
0.45	0.1	6.12104
0.45	0.11	6.12093
0.45	0.12	6.12081
0.45	0.13	6.1207
0.45	0.14	6.12058
0.45	0.15	6.12046
0.45	0.16	6.12033
0.45	0.17	6.12021
0.45	0.18	6.12009
0.45	0.19	6.11996
0.45	0.2	6.11984
0.45	0.21	6.11972
0.45	0.22	6.1196
0.45	0.23	6.11948
0.45	0.24	6.11938
0.45	0.25	6.11927
0.45	0.26	6.11917
0.45	0.27	6.11908
0.45	0.28	6.11898
0.45	0.29	6.11889
0.45	0.3	6.1188
0.45	0.31	6.1187
0.45	0.32	6.1186
0.45	0.33	6.11851
0.45	0.34	6.11842
0.45	0.35	6.11835
0.45	0.36	6.11827
0.45	0.37	6.11823
0.45	0.38	6.11819
0.45	0.39	6.11818
0.45	0.4	6.11819
0.45	0.41	6.1182
0.45	0.42	6.11822
0.45	0.43	6.11822
0.45	0.44	6.1182
0.45	0.45	6.11816
0.45	0.46	6.1181
0.45	0.47	6.11802
0.45	0.48	6.11795
0.45	0.49	6.11787
0.45	0.5	6.1178
0.45	0.51	6.11774
0.45	0.52	6.11767
0.45	0.53	6.11762
0.45	0.54	6.11757
0.45	0.55	6.11754
0.45	0.56	6.1175
0.45	0.57	6.11748
0.45	0.58	6.11746
0.45	0.59	6.11744
0.45	0.6	6.11743
0.45	0.61	6.11741
0.45	0.62	6.11738
0.45	0.63	6.11736
0.45	0.64	6.11732
0.45	0.65	6.11729
0.45	0.66	6.11725
0.45	0.67	6.11721
0.45	0.68	6.11718
0.45	0.69	6.11715
0.45	0.7	6.11712
0.45	0.71	6.1171
0.45	0.72	6.11707
0.45	0.73	6.11704
0.45	0.74	6.11701
0.45	0.75	6.11698
0.45	0.76	6.11694
0.45	0.77	6.1169
0.45	0.78	6.11687
0.45	0.79	6.11683
0.45	0.8	6.11679
0.45	0.81	6.11675
0.45	0.82	6.11671
0.45	0.83	6.11667
0.45	0.84	6.11663
0.45	0.85	6.11659
0.45	0.86	6.11654
0.45	0.87	6.1165
0.45	0.88	6.11646
0.45	0.89	6.11641
0.45	0.9	6.11637
0.45	0.91	6.11632
0.45	0.92	6.11628
0.45	0.93	6.11624
0.45	0.94	6.1162
0.45	0.95	6.11616
0.45	0.96	6.11613
0.45	0.97	6.11608
0.45	0.98	6.11608
0.45	0.99	6.11608


0.46	0	6.1215
0.46	0.01	6.1215
0.46	0.02	6.1215
0.46	0.03	6.12139
0.46	0.04	6.12132
0.46	0.05	6.12122
0.46	0.06	6.12113
0.46	0.07	6.12102
0.46	0.08	6.1209
0.46	0.09	6.12079
0.46	0.1	6.12067
0.46	0.11	6.12056
0.46	0.12	6.12043
0.46	0.13	6.12031
0.46	0.14	6.12018
0.46	0.15	6.12006
0.46	0.16	6.11993
0.46	0.17	6.11981
0.46	0.18	6.11969
0.46	0.19	6.11957
0.46	0.2	6.11946
0.46	0.21	6.11935
0.46	0.22	6.11925
0.46	0.23	6.11915
0.46	0.24	6.11906
0.46	0.25	6.11896
0.46	0.26	6.11887
0.46	0.27	6.11877
0.46	0.28	6.11868
0.46	0.29	6.11858
0.46	0.3	6.11848
0.46	0.31	6.1184
0.46	0.32	6.11832
0.46	0.33	6.11827
0.46	0.34	6.11822
0.46	0.35	6.1182
0.46	0.36	6.11818
0.46	0.37	6.11818
0.46	0.38	6.1182
0.46	0.39	6.11822
0.46	0.4	6.11822
0.46	0.41	6.11823
0.46	0.42	6.11821
0.46	0.43	6.11819
0.46	0.44	6.11817
0.46	0.45	6.11815
0.46	0.46	6.11813
0.46	0.47	6.11812
0.46	0.48	6.1181
0.46	0.49	6.11807
0.46	0.5	6.11803
0.46	0.51	6.11797
0.46	0.52	6.1179
0.46	0.53	6.11783
0.46	0.54	6.11776
0.46	0.55	6.11769
0.46	0.56	6.11763
0.46	0.57	6.11758
0.46	0.58	6.11754
0.46	0.59	6.11751
0.46	0.6	6.11748
0.46	0.61	6.11746
0.46	0.62	6.11745
0.46	0.63	6.11743
0.46	0.64	6.11741
0.46	0.65	6.11739
0.46	0.66	6.11736
0.46	0.67	6.11733
0.46	0.68	6.11729
0.46	0.69	6.11725
0.46	0.7	6.11721
0.46	0.71	6.11718
0.46	0.72	6.11715
0.46	0.73	6.11712
0.46	0.74	6.1171
0.46	0.75	6.11707
0.46	0.76	6.11704
0.46	0.77	6.11701
0.46	0.78	6.11697
0.46	0.79	6.11694
0.46	0.8	6.1169
0.46	0.81	6.11687
0.46	0.82	6.11683
0.46	0.83	6.11679
0.46	0.84	6.11676
0.46	0.85	6.11672
0.46	0.86	6.11668
0.46	0.87	6.11663
0.46	0.88	6.11659
0.46	0.89	6.11655
0.46	0.9	6.1165
0.46	0.91	6.11646
0.46	0.92	6.11642
0.46	0.93	6.11637
0.46	0.94	6.11633
0.46	0.95	6.11628
0.46	0.96	6.11625
0.46	0.97	6.11619
0.46	0.98	6.11619
0.46	0.99	6.11619


0.47	0	6.12124
0.47	0.01	6.12124
0.47	0.02	6.12124
0.47	0.03	6.12109
0.47	0.04	6.121
0.47	0.05	6.12088
0.47	0.06	6.12076
0.47	0.07	6.12065
0.47	0.08	6.12053
0.47	0.09	6.1204
0.47	0.1	6.12028
0.47	0.11	6.12015
0.47	0.12	6.12003
0.47	0.13	6.1199
0.47	0.14	6.11978
0.47	0.15	6.11966
0.47	0.16	6.11955
0.47	0.17	6.11943
0.47	0.18	6.11933
0.47	0.19	6.11923
0.47	0.2	6.11913
0.47	0.21	6.11903
0.47	0.22	6.11894
0.47	0.23	6.11885
0.47	0.24	6.11875
0.47	0.25	6.11865
0.47	0.26	6.11855
0.47	0.27	6.11847
0.47	0.28	6.11838
0.47	0.29	6.11832
0.47	0.3	6.11825
0.47	0.31	6.11822
0.47	0.32	6.11819
0.47	0.33	6.11819
0.47	0.34	6.11819
0.47	0.35	6.1182
0.47	0.36	6.11821
0.47	0.37	6.11822
0.47	0.38	6.11822
0.47	0.39	6.11821
0.47	0.4	6.11818
0.47	0.41	6.11816
0.47	0.42	6.11815
0.47	0.43	6.11815
0.47	0.44	6.11815
0.47	0.45	6.11815
0.47	0.46	6.11816
0.47	0.47	6.11817
0.47	0.48	6.11816
0.47	0.49	6.11815
0.47	0.5	6.11813
0.47	0.51	6.11812
0.47	0.52	6.11808
0.47	0.53	6.11803
0.47	0.54	6.11798
0.47	0.55	6.11791
0.47	0.56	6.11785
0.47	0.57	6.11777
0.47	0.58	6.1177
0.47	0.59	6.11764
0.47	0.6	6.11759
0.47	0.61	6.11755
0.47	0.62	6.11751
0.47	0.63	6.11749
0.47	0.64	6.11747
0.47	0.65	6.11745
0.47	0.66	6.11743
0.47	0.67	6.11741
0.47	0.68	6.11739
0.47	0.69	6.11736
0.47	0.7	6.11733
0.47	0.71	6.1173
0.47	0.72	6.11726
0.47	0.73	6.11722
0.47	0.74	6.11718
0.47	0.75	6.11715
0.47	0.76	6.11712
0.47	0.77	6.11709
0.47	0.78	6.11707
0.47	0.79	6.11704
0.47	0.8	6.11701
0.47	0.81	6.11697
0.47	0.82	6.11694
0.47	0.83	6.11691
0.47	0.84	6.11687
0.47	0.85	6.11683
0.47	0.86	6.1168
0.47	0.87	6.11676
0.47	0.88	6.11672
0.47	0.89	6.11668
0.47	0.9	6.11664
0.47	0.91	6.1166
0.47	0.92	6.11655
0.47	0.93	6.11651
0.47	0.94	6.11646
0.47	0.95	6.11641
0.47	0.96	6.11638
0.47	0.97	6.11631
0.47	0.98	6.11631
0.47	0.99	6.11631


0.48	0	6.12091
0.48	0.01	6.12091
0.48	0.02	6.12091
0.48	0.03	6.12073
0.48	0.04	6.12063
0.48	0.05	6.1205
0.48	0.06	6.12038
0.48	0.07	6.12025
0.48	0.08	6.12012
0.48	0.09	6.12
0.48	0.1	6.11987
0.48	0.11	6.11975
0.48	0.12	6.11964
0.48	0.13	6.11952
0.48	0.14	6.11941
0.48	0.15	6.11931
0.48	0.16	6.11921
0.48	0.17	6.11911
0.48	0.18	6.11901
0.48	0.19	6.11892
0.48	0.2	6.11882
0.48	0.21	6.11872
0.48	0.22	6.11862
0.48	0.23	6.11853
0.48	0.24	6.11843
0.48	0.25	6.11836
0.48	0.26	6.11829
0.48	0.27	6.11825
0.48	0.28	6.11821
0.48	0.29	6.1182
0.48	0.3	6.11819
0.48	0.31	6.11819
0.48	0.32	6.1182
0.48	0.33	6.11821
0.48	0.34	6.11821
0.48	0.35	6.11821
0.48	0.36	6.1182
0.48	0.37	6.11818
0.48	0.38	6.11816
0.48	0.39	6.11815
0.48	0.4	6.11815
0.48	0.41	6.11815
0.48	0.42	6.11815
0.48	0.43	6.11816
0.48	0.44	6.11816
0.48	0.45	6.11816
0.48	0.46	6.11816
0.48	0.47	6.11816
0.48	0.48	6.11816
0.48	0.49	6.11817
0.48	0.5	6.11817
0.48	0.51	6.11816
0.48	0.52	6.11816
0.48	0.53	6.11814
0.48	0.54	6.11811
0.48	0.55	6.11809
0.48	0.56	6.11804
0.48	0.57	6.11799
0.48	0.58	6.11793
0.48	0.59	6.11786
0.48	0.6	6.11779
0.48	0.61	6.11771
0.48	0.62	6.11765
0.48	0.63	6.11759
0.48	0.64	6.11755
0.48	0.65	6.11752
0.48	0.66	6.11749
0.48	0.67	6.11747
0.48	0.68	6.11744
0.48	0.69	6.11743
0.48	0.7	6.1174
0.48	0.71	6.11738
0.48	0.72	6.11736
0.48	0.73	6.11733
0.48	0.74	6.11729
0.48	0.75	6.11726
0.48	0.76	6.11722
0.48	0.77	6.11718
0.48	0.78	6.11715
0.48	0.79	6.11712
0.48	0.8	6.11709
0.48	0.81	6.11707
0.48	0.82	6.11704
0.48	0.83	6.11701
0.48	0.84	6.11698
0.48	0.85	6.11694
0.48	0.86	6.11691
0.48	0.87	6.11687
0.48	0.88	6.11684
0.48	0.89	6.1168
0.48	0.9	6.11676
0.48	0.91	6.11672
0.48	0.92	6.11668
0.48	0.93	6.11664
0.48	0.94	6.1166
0.48	0.95	6.11655
0.48	0.96	6.11652
0.48	0.97	6.11644
0.48	0.98	6.11644
0.48	0.99	6.11644


0.49	0	6.12053
0.49	0.01	6.12053
0.49	0.02	6.12053
0.49	0.03	6.12034
0.49	0.04	6.12023
0.49	0.05	6.12009
0.49	0.06	6.11997
0.49	0.07	6.11984
0.49	0.08	6.11973
0.49	0.09	6.11961
0.49	0.1	6.1195
0.49	0.11	6.11939
0.49	0.12	6.11929
0.49	0.13	6.11918
0.49	0.14	6.11909
0.49	0.15	6.11899
0.49	0.16	6.11889
0.49	0.17	6.1188
0.49	0.18	6.1187
0.49	0.19	6.1186
0.49	0.2	6.1185
0.49	0.21	6.11842
0.49	0.22	6.11834
0.49	0.23	6.11829
0.49	0.24	6.11824
0.49	0.25	6.11822
0.49	0.26	6.1182
0.49	0.27	6.1182
0.49	0.28	6.1182
0.49	0.29	6.1182
0.49	0.3	6.11821
0.49	0.31	6.11821
0.49	0.32	6.11821
0.49	0.33	6.11819
0.49	0.34	6.11817
0.49	0.35	6.11816
0.49	0.36	6.11815
0.49	0.37	6.11815
0.49	0.38	6.11815
0.49	0.39	6.11815
0.49	0.4	6.11815
0.49	0.41	6.11816
0.49	0.42	6.11816
0.49	0.43	6.11816
0.49	0.44	6.11816
0.49	0.45	6.11816
0.49	0.46	6.11816
0.49	0.47	6.11816
0.49	0.48	6.11816
0.49	0.49	6.11816
0.49	0.5	6.11816
0.49	0.51	6.11816
0.49	0.52	6.11816
0.49	0.53	6.11816
0.49	0.54	6.11816
0.49	0.55	6.11815
0.49	0.56	6.11814
0.49	0.57	6.11811
0.49	0.58	6.11809
0.49	0.59	6.11805
0.49	0.6	6.118
0.49	0.61	6.11794
0.49	0.62	6.11787
0.49	0.63	6.1178
0.49	0.64	6.11772
0.49	0.65	6.11766
0.49	0.66	6.1176
0.49	0.67	6.11755
0.49	0.68	6.11752
0.49	0.69	6.11749
0.49	0.7	6.11746
0.49	0.71	6.11744
0.49	0.72	6.11742
0.49	0.73	6.1174
0.49	0.74	6.11738
0.49	0.75	6.11735
0.49	0.76	6.11733
0.49	0.77	6.1173
0.49	0.78	6.11726
0.49	0.79	6.11723
0.49	0.8	6.11719
0.49	0.81	6.11716
0.49	0.82	6.11713
0.49	0.83	6.1171
0.49	0.84	6.11707
0.49	0.85	6.11704
0.49	0.86	6.11701
0.49	0.87	6.11698
0.49	0.88	6.11694
0.49	0.89	6.11691
0.49	0.9	6.11687
0.49	0.91	6.11684
0.49	0.92	6.1168
0.49	0.93	6.11676
0.49	0.94	6.11673
0.49	0.95	6.11668
0.49	0.96	6.11665
0.49	0.97	6.11658
0.49	0.98	6.11658
0.49	0.99	6.11658


0.5	0	6.12013
0.5	0.01	6.12013
0.5	0.02	6.12013
0.5	0.03	6.11993
0.5	0.04	6.11982
0.5	0.05	6.1197
0.5	0.06	6.11958
0.5	0.07	6.11947
0.5	0.08	6.11937
0.5	0.09	6.11926
0.5	0.1	6.11916
0.5	0.11	6.11907
0.5	0.12	6.11897
0.5	0.13	6.11887
0.5	0.14	6.11877
0.5	0.15	6.11867
0.5	0.16	6.11857
0.5	0.17	6.11848
0.5	0.18	6.11839
0.5	0.19	6.11833
0.5	0.2	6.11827
0.5	0.21	6.11824
0.5	0.22	6.11821
0.5	0.23	6.1182
0.5	0.24	6.1182
0.5	0.25	6.1182
0.5	0.26	6.1182
0.5	0.27	6.1182
0.5	0.28	6.1182
0.5	0.29	6.1182
0.5	0.3	6.11818
0.5	0.31	6.11817
0.5	0.32	6.11815
0.5	0.33	6.11815
0.5	0.34	6.11815
0.5	0.35	6.11815
0.5	0.36	6.11815
0.5	0.37	6.11815
0.5	0.38	6.11816
0.5	0.39	6.11816
0.5	0.4	6.11816
0.5	0.41	6.11816
0.5	0.42	6.11816
0.5	0.43	6.11816
0.5	0.44	6.11816
0.5	0.45	6.11816
0.5	0.46	6.11816
0.5	0.47	6.11816
0.5	0.48	6.11816
0.5	0.49	6.11816
0.5	0.5	6.11816
0.5	0.51	6.11816
0.5	0.52	6.11816
0.5	0.53	6.11816
0.5	0.54	6.11816
0.5	0.55	6.11816
0.5	0.56	6.11816
0.5	0.57	6.11816
0.5	0.58	6.11815
0.5	0.59	6.11814
0.5	0.6	6.11812
0.5	0.61	6.11808
0.5	0.62	6.11805
0.5	0.63	6.11801
0.5	0.64	6.11794
0.5	0.65	6.11789
0.5	0.66	6.11781
0.5	0.67	6.11773
0.5	0.68	6.11766
0.5	0.69	6.1176
0.5	0.7	6.11755
0.5	0.71	6.11752
0.5	0.72	6.11749
0.5	0.73	6.11747
0.5	0.74	6.11745
0.5	0.75	6.11742
0.5	0.76	6.1174
0.5	0.77	6.11738
0.5	0.78	6.11736
0.5	0.79	6.11733
0.5	0.8	6.1173
0.5	0.81	6.11727
0.5	0.82	6.11723
0.5	0.83	6.11719
0.5	0.84	6.11716
0.5	0.85	6.11713
0.5	0.86	6.1171
0.5	0.87	6.11707
0.5	0.88	6.11704
0.5	0.89	6.11701
0.5	0.9	6.11698
0.5	0.91	6.11695
0.5	0.92	6.11691
0.5	0.93	6.11688
0.5	0.94	6.11684
0.5	0.95	6.1168
0.5	0.96	6.11677
0.5	0.97	6.11671
0.5	0.98	6.11671
0.5	0.99	6.11671


