0	0	4
0	0.01	4.03141
0	0.02	4.06279
0	0.03	4.09411
0	0.04	4.12533
0	0.05	4.15643
0	0.06	4.18738
0	0.07	4.21814
0	0.08	4.24869
0	0.09	4.27899
0	0.1	4.30902
0	0.11	4.33874
0	0.12	4.36812
0	0.13	4.39715
0	0.14	4.42578
0	0.15	4.45399
0	0.16	4.48175
0	0.17	4.50904
0	0.18	4.53583
0	0.19	4.56208
0	0.2	4.58779
0	0.21	4.61291
0	0.22	4.63742
0	0.23	4.66131
0	0.24	4.68455
0	0.25	4.70711
0	0.26	4.72897
0	0.27	4.75011
0	0.28	4.77051
0	0.29	4.79016
0	0.3	4.80902
0	0.31	4.82708
0	0.32	4.84433
0	0.33	4.86074
0	0.34	4.87631
0	0.35	4.89101
0	0.36	4.90483
0	0.37	4.91775
0	0.38	4.92978
0	0.39	4.94088
0	0.4	4.95106
0	0.41	4.96029
0	0.42	4.96858
0	0.43	4.97592
0	0.44	4.98229
0	0.45	4.98769
0	0.46	4.99211
0	0.47	4.99556
0	0.48	4.99803
0	0.49	4.99951
0	0.5	5
0	0.51	4.99951
0	0.52	4.99803
0	0.53	4.99556
0	0.54	4.99211
0	0.55	4.98769
0	0.56	4.98229
0	0.57	4.97592
0	0.58	4.96858
0	0.59	4.96029
0	0.6	4.95106
0	0.61	4.94088
0	0.62	4.92978
0	0.63	4.91775
0	0.64	4.90483
0	0.65	4.89101
0	0.66	4.87631
0	0.67	4.86074
0	0.68	4.84433
0	0.69	4.82708
0	0.7	4.80902
0	0.71	4.79016
0	0.72	4.77051
0	0.73	4.75011
0	0.74	4.72897
0	0.75	4.70711
0	0.76	4.68455
0	0.77	4.66131
0	0.78	4.63742
0	0.79	4.61291
0	0.8	4.58779
0	0.81	4.56208
0	0.82	4.53583
0	0.83	4.50904
0	0.84	4.48175
0	0.85	4.45399
0	0.86	4.42578
0	0.87	4.39715
0	0.88	4.36812
0	0.89	4.33874
0	0.9	4.30902
0	0.91	4.27899
0	0.92	4.24869
0	0.93	4.21814
0	0.94	4.18738
0	0.95	4.15643
0	0.96	4.12533
0	0.97	4.09411
0	0.98	4.06279
0	0.99	4.03141


0.01	0	4.10166
0.01	0.01	4.10166
0.01	0.02	4.10166
0.01	0.03	4.12334
0.01	0.04	4.13889
0.01	0.05	4.1593
0.01	0.06	4.1863
0.01	0.07	4.21685
0.01	0.08	4.24812
0.01	0.09	4.2786
0.01	0.1	4.30851
0.01	0.11	4.33804
0.01	0.12	4.36722
0.01	0.13	4.39604
0.01	0.14	4.42447
0.01	0.15	4.45249
0.01	0.16	4.48005
0.01	0.17	4.50713
0.01	0.18	4.53372
0.01	0.19	4.55977
0.01	0.2	4.58528
0.01	0.21	4.6102
0.01	0.22	4.63452
0.01	0.23	4.65821
0.01	0.24	4.68126
0.01	0.25	4.70363
0.01	0.26	4.72531
0.01	0.27	4.74627
0.01	0.28	4.76649
0.01	0.29	4.78596
0.01	0.3	4.80466
0.01	0.31	4.82256
0.01	0.32	4.83965
0.01	0.33	4.85591
0.01	0.34	4.87134
0.01	0.35	4.8859
0.01	0.36	4.89959
0.01	0.37	4.9124
0.01	0.38	4.9243
0.01	0.39	4.9353
0.01	0.4	4.94538
0.01	0.41	4.95453
0.01	0.42	4.96274
0.01	0.43	4.97001
0.01	0.44	4.9763
0.01	0.45	4.98159
0.01	0.46	4.98591
0.01	0.47	4.98934
0.01	0.48	4.99172
0.01	0.49	4.99328
0.01	0.5	4.99383
0.01	0.51	4.99328
0.01	0.52	4.99173
0.01	0.53	4.98935
0.01	0.54	4.98592
0.01	0.55	4.9816
0.01	0.56	4.9763
0.01	0.57	4.97001
0.01	0.58	4.96275
0.01	0.59	4.95453
0.01	0.6	4.94539
0.01	0.61	4.93531
0.01	0.62	4.92431
0.01	0.63	4.9124
0.01	0.64	4.8996
0.01	0.65	4.8859
0.01	0.66	4.87134
0.01	0.67	4.85592
0.01	0.68	4.83965
0.01	0.69	4.82256
0.01	0.7	4.80466
0.01	0.71	4.78597
0.01	0.72	4.7665
0.01	0.73	4.74627
0.01	0.74	4.72531
0.01	0.75	4.70363
0.01	0.76	4.68126
0.01	0.77	4.65822
0.01	0.78	4.63452
0.01	0.79	4.6102
0.01	0.8	4.58528
0.01	0.81	4.55977
0.01	0.82	4.53372
0.01	0.83	4.50713
0.01	0.84	4.48004
0.01	0.85	4.45248
0.01	0.86	4.42447
0.01	0.87	4.39604
0.01	0.88	4.36722
0.01	0.89	4.33803
0.01	0.9	4.30846
0.01	0.91	4.27836
0.01	0.92	4.24762
0.01	0.93	4.21713
0.01	0.94	4.19
0.01	0.95	4.16857
0.01	0.96	4.15603
0.01	0.97	4.1356
0.01	0.98	4.1356
0.01	0.99	4.1356


0.02	0	4.15248
0.02	0.01	4.15248
0.02	0.02	4.15248
0.02	0.03	4.17637
0.02	0.04	4.18943
0.02	0.05	4.20439
0.02	0.06	4.21848
0.02	0.07	4.23374
0.02	0.08	4.25253
0.02	0.09	4.27683
0.02	0.1	4.30487
0.02	0.11	4.33421
0.02	0.12	4.36385
0.02	0.13	4.39251
0.02	0.14	4.42047
0.02	0.15	4.44789
0.02	0.16	4.47483
0.02	0.17	4.50131
0.02	0.18	4.5273
0.02	0.19	4.55277
0.02	0.2	4.57768
0.02	0.21	4.60202
0.02	0.22	4.62576
0.02	0.23	4.64888
0.02	0.24	4.67136
0.02	0.25	4.69318
0.02	0.26	4.71431
0.02	0.27	4.73474
0.02	0.28	4.75445
0.02	0.29	4.77341
0.02	0.3	4.79162
0.02	0.31	4.80904
0.02	0.32	4.82568
0.02	0.33	4.84151
0.02	0.34	4.85651
0.02	0.35	4.87067
0.02	0.36	4.88399
0.02	0.37	4.89644
0.02	0.38	4.90803
0.02	0.39	4.91872
0.02	0.4	4.92849
0.02	0.41	4.93733
0.02	0.42	4.94526
0.02	0.43	4.95228
0.02	0.44	4.95841
0.02	0.45	4.9636
0.02	0.46	4.96786
0.02	0.47	4.97118
0.02	0.48	4.97354
0.02	0.49	4.97505
0.02	0.5	4.97558
0.02	0.51	4.97506
0.02	0.52	4.97355
0.02	0.53	4.9712
0.02	0.54	4.96788
0.02	0.55	4.96362
0.02	0.56	4.95843
0.02	0.57	4.95232
0.02	0.58	4.94529
0.02	0.59	4.93737
0.02	0.6	4.92853
0.02	0.61	4.91875
0.02	0.62	4.90806
0.02	0.63	4.89648
0.02	0.64	4.88403
0.02	0.65	4.87071
0.02	0.66	4.85655
0.02	0.67	4.84155
0.02	0.68	4.82572
0.02	0.69	4.80908
0.02	0.7	4.79166
0.02	0.71	4.77345
0.02	0.72	4.75448
0.02	0.73	4.73477
0.02	0.74	4.71434
0.02	0.75	4.69321
0.02	0.76	4.67139
0.02	0.77	4.64891
0.02	0.78	4.62578
0.02	0.79	4.60204
0.02	0.8	4.57769
0.02	0.81	4.55278
0.02	0.82	4.52731
0.02	0.83	4.50132
0.02	0.84	4.47484
0.02	0.85	4.44789
0.02	0.86	4.42041
0.02	0.87	4.3923
0.02	0.88	4.36329
0.02	0.89	4.33378
0.02	0.9	4.30623
0.02	0.91	4.28112
0.02	0.92	4.26269
0.02	0.93	4.24859
0.02	0.94	4.23695
0.02	0.95	4.222
0.02	0.96	4.21285
0.02	0.97	4.18814
0.02	0.98	4.18814
0.02	0.99	4.18814


0.03	0	4.20304
0.03	0.01	4.20304
0.03	0.02	4.20304
0.03	0.03	4.22639
0.03	0.04	4.23937
0.03	0.05	4.25457
0.03	0.06	4.26841
0.03	0.07	4.2818
0.03	0.08	4.29451
0.03	0.09	4.30733
0.03	0.1	4.32113
0.03	0.11	4.33786
0.03	0.12	4.35979
0.03	0.13	4.38454
0.03	0.14	4.41111
0.03	0.15	4.43842
0.03	0.16	4.46549
0.03	0.17	4.49137
0.03	0.18	4.5165
0.03	0.19	4.54097
0.03	0.2	4.56489
0.03	0.21	4.58827
0.03	0.22	4.61108
0.03	0.23	4.63328
0.03	0.24	4.65486
0.03	0.25	4.67578
0.03	0.26	4.69604
0.03	0.27	4.71562
0.03	0.28	4.7345
0.03	0.29	4.75265
0.03	0.3	4.77008
0.03	0.31	4.78675
0.03	0.32	4.80266
0.03	0.33	4.8178
0.03	0.34	4.83214
0.03	0.35	4.84568
0.03	0.36	4.85838
0.03	0.37	4.87023
0.03	0.38	4.88124
0.03	0.39	4.89141
0.03	0.4	4.90074
0.03	0.41	4.90922
0.03	0.42	4.91682
0.03	0.43	4.92355
0.03	0.44	4.9294
0.03	0.45	4.93437
0.03	0.46	4.93844
0.03	0.47	4.94161
0.03	0.48	4.94388
0.03	0.49	4.94531
0.03	0.5	4.94582
0.03	0.51	4.94533
0.03	0.52	4.94391
0.03	0.53	4.94166
0.03	0.54	4.9385
0.03	0.55	4.93444
0.03	0.56	4.92949
0.03	0.57	4.92365
0.03	0.58	4.91694
0.03	0.59	4.90935
0.03	0.6	4.90088
0.03	0.61	4.89156
0.03	0.62	4.8814
0.03	0.63	4.8704
0.03	0.64	4.85855
0.03	0.65	4.84585
0.03	0.66	4.83232
0.03	0.67	4.81798
0.03	0.68	4.80284
0.03	0.69	4.78693
0.03	0.7	4.77025
0.03	0.71	4.75283
0.03	0.72	4.73466
0.03	0.73	4.71578
0.03	0.74	4.69619
0.03	0.75	4.67592
0.03	0.76	4.65499
0.03	0.77	4.6334
0.03	0.78	4.61118
0.03	0.79	4.58836
0.03	0.8	4.56498
0.03	0.81	4.54104
0.03	0.82	4.51652
0.03	0.83	4.49127
0.03	0.84	4.46511
0.03	0.85	4.43758
0.03	0.86	4.41181
0.03	0.87	4.38588
0.03	0.88	4.36348
0.03	0.89	4.34756
0.03	0.9	4.33507
0.03	0.91	4.32403
0.03	0.92	4.31322
0.03	0.93	4.3005
0.03	0.94	4.28909
0.03	0.95	4.27184
0.03	0.96	4.26286
0.03	0.97	4.23872
0.03	0.98	4.23872
0.03	0.99	4.23872


0.04	0	4.25291
0.04	0.01	4.25291
0.04	0.02	4.25291
0.04	0.03	4.27527
0.04	0.04	4.28753
0.04	0.05	4.30185
0.04	0.06	4.31482
0.04	0.07	4.3277
0.04	0.08	4.34034
0.04	0.09	4.35231
0.04	0.1	4.36337
0.04	0.11	4.37399
0.04	0.12	4.38474
0.04	0.13	4.39654
0.04	0.14	4.41086
0.04	0.15	4.43006
0.04	0.16	4.45115
0.04	0.17	4.47415
0.04	0.18	4.49847
0.04	0.19	4.52307
0.04	0.2	4.54655
0.04	0.21	4.56895
0.04	0.22	4.59054
0.04	0.23	4.61146
0.04	0.24	4.63178
0.04	0.25	4.65151
0.04	0.26	4.67062
0.04	0.27	4.68908
0.04	0.28	4.70686
0.04	0.29	4.72396
0.04	0.3	4.74037
0.04	0.31	4.75606
0.04	0.32	4.771
0.04	0.33	4.78519
0.04	0.34	4.79863
0.04	0.35	4.8113
0.04	0.36	4.82323
0.04	0.37	4.83438
0.04	0.38	4.84474
0.04	0.39	4.85432
0.04	0.4	4.86309
0.04	0.41	4.87106
0.04	0.42	4.87821
0.04	0.43	4.88453
0.04	0.44	4.89002
0.04	0.45	4.89468
0.04	0.46	4.8985
0.04	0.47	4.90149
0.04	0.48	4.90363
0.04	0.49	4.90497
0.04	0.5	4.90547
0.04	0.51	4.90503
0.04	0.52	4.90372
0.04	0.53	4.90163
0.04	0.54	4.89868
0.04	0.55	4.8949
0.04	0.56	4.89028
0.04	0.57	4.88483
0.04	0.58	4.87854
0.04	0.59	4.87143
0.04	0.6	4.86349
0.04	0.61	4.85475
0.04	0.62	4.8452
0.04	0.63	4.83485
0.04	0.64	4.82372
0.04	0.65	4.81181
0.04	0.66	4.79914
0.04	0.67	4.78571
0.04	0.68	4.77153
0.04	0.69	4.75658
0.04	0.7	4.74089
0.04	0.71	4.72447
0.04	0.72	4.70736
0.04	0.73	4.68955
0.04	0.74	4.67108
0.04	0.75	4.65194
0.04	0.76	4.63219
0.04	0.77	4.61184
0.04	0.78	4.59087
0.04	0.79	4.56914
0.04	0.8	4.54647
0.04	0.81	4.52225
0.04	0.82	4.49918
0.04	0.83	4.47395
0.04	0.84	4.45368
0.04	0.85	4.43359
0.04	0.86	4.41875
0.04	0.87	4.40838
0.04	0.88	4.3999
0.04	0.89	4.39131
0.04	0.9	4.38126
0.04	0.91	4.37002
0.04	0.92	4.35876
0.04	0.93	4.34606
0.04	0.94	4.33509
0.04	0.95	4.31919
0.04	0.96	4.31069
0.04	0.97	4.28808
0.04	0.98	4.28808
0.04	0.99	4.28808


0.05	0	4.30102
0.05	0.01	4.30102
0.05	0.02	4.30102
0.05	0.03	4.32202
0.05	0.04	4.33336
0.05	0.05	4.34645
0.05	0.06	4.3585
0.05	0.07	4.37017
0.05	0.08	4.38123
0.05	0.09	4.39202
0.05	0.1	4.40266
0.05	0.11	4.41277
0.05	0.12	4.42196
0.05	0.13	4.43026
0.05	0.14	4.43835
0.05	0.15	4.44637
0.05	0.16	4.4555
0.05	0.17	4.46811
0.05	0.18	4.48313
0.05	0.19	4.50036
0.05	0.2	4.51986
0.05	0.21	4.54051
0.05	0.22	4.56199
0.05	0.23	4.58279
0.05	0.24	4.60222
0.05	0.25	4.62071
0.05	0.26	4.63841
0.05	0.27	4.65545
0.05	0.28	4.67187
0.05	0.29	4.68768
0.05	0.3	4.70284
0.05	0.31	4.71733
0.05	0.32	4.73115
0.05	0.33	4.74429
0.05	0.34	4.75674
0.05	0.35	4.76849
0.05	0.36	4.77953
0.05	0.37	4.78986
0.05	0.38	4.79945
0.05	0.39	4.80831
0.05	0.4	4.81642
0.05	0.41	4.82378
0.05	0.42	4.83039
0.05	0.43	4.83624
0.05	0.44	4.84133
0.05	0.45	4.84564
0.05	0.46	4.84919
0.05	0.47	4.85196
0.05	0.48	4.85396
0.05	0.49	4.85522
0.05	0.5	4.85573
0.05	0.51	4.85534
0.05	0.52	4.85416
0.05	0.53	4.85226
0.05	0.54	4.84958
0.05	0.55	4.84612
0.05	0.56	4.8419
0.05	0.57	4.8369
0.05	0.58	4.83113
0.05	0.59	4.8246
0.05	0.6	4.8173
0.05	0.61	4.80926
0.05	0.62	4.80046
0.05	0.63	4.79092
0.05	0.64	4.78064
0.05	0.65	4.76963
0.05	0.66	4.75791
0.05	0.67	4.74548
0.05	0.68	4.73234
0.05	0.69	4.71853
0.05	0.7	4.70402
0.05	0.71	4.68885
0.05	0.72	4.67302
0.05	0.73	4.65657
0.05	0.74	4.63949
0.05	0.75	4.62165
0.05	0.76	4.60293
0.05	0.77	4.58278
0.05	0.78	4.56255
0.05	0.79	4.54054
0.05	0.8	4.52243
0.05	0.81	4.50188
0.05	0.82	4.4875
0.05	0.83	4.47413
0.05	0.84	4.46607
0.05	0.85	4.4594
0.05	0.86	4.45328
0.05	0.87	4.44657
0.05	0.88	4.43819
0.05	0.89	4.42883
0.05	0.9	4.41915
0.05	0.91	4.40932
0.05	0.92	4.39919
0.05	0.93	4.38801
0.05	0.94	4.378
0.05	0.95	4.36361
0.05	0.96	4.35603
0.05	0.97	4.33538
0.05	0.98	4.33538
0.05	0.99	4.33538


0.06	0	4.34637
0.06	0.01	4.34637
0.06	0.02	4.34637
0.06	0.03	4.36561
0.06	0.04	4.37581
0.06	0.05	4.3876
0.06	0.06	4.39816
0.06	0.07	4.40835
0.06	0.08	4.41833
0.06	0.09	4.42776
0.06	0.1	4.43643
0.06	0.11	4.44462
0.06	0.12	4.45273
0.06	0.13	4.46056
0.06	0.14	4.46757
0.06	0.15	4.47359
0.06	0.16	4.47884
0.06	0.17	4.48376
0.06	0.18	4.48908
0.06	0.19	4.49604
0.06	0.2	4.50512
0.06	0.21	4.51636
0.06	0.22	4.53025
0.06	0.23	4.54492
0.06	0.24	4.56282
0.06	0.25	4.58041
0.06	0.26	4.59837
0.06	0.27	4.61474
0.06	0.28	4.63005
0.06	0.29	4.64452
0.06	0.3	4.65828
0.06	0.31	4.67143
0.06	0.32	4.68402
0.06	0.33	4.69601
0.06	0.34	4.70739
0.06	0.35	4.71811
0.06	0.36	4.72818
0.06	0.37	4.73758
0.06	0.38	4.74633
0.06	0.39	4.7544
0.06	0.4	4.7618
0.06	0.41	4.76852
0.06	0.42	4.77456
0.06	0.43	4.7799
0.06	0.44	4.78456
0.06	0.45	4.78852
0.06	0.46	4.79178
0.06	0.47	4.79434
0.06	0.48	4.7962
0.06	0.49	4.79736
0.06	0.5	4.79791
0.06	0.51	4.79761
0.06	0.52	4.79658
0.06	0.53	4.79489
0.06	0.54	4.79251
0.06	0.55	4.78942
0.06	0.56	4.78563
0.06	0.57	4.78114
0.06	0.58	4.77594
0.06	0.59	4.77005
0.06	0.6	4.76347
0.06	0.61	4.75619
0.06	0.62	4.74823
0.06	0.63	4.73958
0.06	0.64	4.73026
0.06	0.65	4.72027
0.06	0.66	4.7096
0.06	0.67	4.69828
0.06	0.68	4.68631
0.06	0.69	4.67374
0.06	0.7	4.66058
0.06	0.71	4.64676
0.06	0.72	4.63212
0.06	0.73	4.6164
0.06	0.74	4.5996
0.06	0.75	4.58133
0.06	0.76	4.5658
0.06	0.77	4.54723
0.06	0.78	4.53465
0.06	0.79	4.51957
0.06	0.8	4.51165
0.06	0.81	4.50468
0.06	0.82	4.50091
0.06	0.83	4.49736
0.06	0.84	4.49317
0.06	0.85	4.48799
0.06	0.86	4.48169
0.06	0.87	4.47487
0.06	0.88	4.46775
0.06	0.89	4.46027
0.06	0.9	4.45202
0.06	0.91	4.44371
0.06	0.92	4.43528
0.06	0.93	4.42543
0.06	0.94	4.41679
0.06	0.95	4.40431
0.06	0.96	4.39773
0.06	0.97	4.37924
0.06	0.98	4.37924
0.06	0.99	4.37924


0.07	0	4.38796
0.07	0.01	4.38796
0.07	0.02	4.38796
0.07	0.03	4.40506
0.07	0.04	4.41397
0.07	0.05	4.42403
0.07	0.06	4.43319
0.07	0.07	4.44199
0.07	0.08	4.45007
0.07	0.09	4.45761
0.07	0.1	4.46497
0.07	0.11	4.47197
0.07	0.12	4.47806
0.07	0.13	4.48343
0.07	0.14	4.48864
0.07	0.15	4.49373
0.07	0.16	4.4983
0.07	0.17	4.50207
0.07	0.18	4.50479
0.07	0.19	4.50675
0.07	0.2	4.5087
0.07	0.21	4.51159
0.07	0.22	4.5152
0.07	0.23	4.52144
0.07	0.24	4.52864
0.07	0.25	4.53773
0.07	0.26	4.55121
0.07	0.27	4.56313
0.07	0.28	4.57853
0.07	0.29	4.59308
0.07	0.3	4.60681
0.07	0.31	4.61918
0.07	0.32	4.63067
0.07	0.33	4.64141
0.07	0.34	4.65152
0.07	0.35	4.66109
0.07	0.36	4.67013
0.07	0.37	4.67861
0.07	0.38	4.6865
0.07	0.39	4.69379
0.07	0.4	4.70046
0.07	0.41	4.70653
0.07	0.42	4.71198
0.07	0.43	4.71683
0.07	0.44	4.72105
0.07	0.45	4.72466
0.07	0.46	4.72764
0.07	0.47	4.73
0.07	0.48	4.73176
0.07	0.49	4.73285
0.07	0.5	4.73342
0.07	0.51	4.73322
0.07	0.52	4.73235
0.07	0.53	4.73092
0.07	0.54	4.72886
0.07	0.55	4.72616
0.07	0.56	4.72284
0.07	0.57	4.71888
0.07	0.58	4.71429
0.07	0.59	4.70908
0.07	0.6	4.70324
0.07	0.61	4.69677
0.07	0.62	4.68968
0.07	0.63	4.68196
0.07	0.64	4.67364
0.07	0.65	4.66474
0.07	0.66	4.65528
0.07	0.67	4.64522
0.07	0.68	4.63445
0.07	0.69	4.62283
0.07	0.7	4.61006
0.07	0.71	4.59563
0.07	0.72	4.58248
0.07	0.73	4.56701
0.07	0.74	4.5561
0.07	0.75	4.5423
0.07	0.76	4.53583
0.07	0.77	4.52729
0.07	0.78	4.52414
0.07	0.79	4.52186
0.07	0.8	4.52162
0.07	0.81	4.52083
0.07	0.82	4.51811
0.07	0.83	4.51472
0.07	0.84	4.51075
0.07	0.85	4.50685
0.07	0.86	4.50249
0.07	0.87	4.49735
0.07	0.88	4.49141
0.07	0.89	4.48559
0.07	0.9	4.47973
0.07	0.91	4.47296
0.07	0.92	4.4657
0.07	0.93	4.45781
0.07	0.94	4.45062
0.07	0.95	4.44015
0.07	0.96	4.43455
0.07	0.97	4.41851
0.07	0.98	4.41851
0.07	0.99	4.41851


0.08	0	4.42483
0.08	0.01	4.42483
0.08	0.02	4.42483
0.08	0.03	4.43948
0.08	0.04	4.4469
0.08	0.05	4.45524
0.08	0.06	4.46266
0.08	0.07	4.4695
0.08	0.08	4.47603
0.08	0.09	4.48224
0.08	0.1	4.48758
0.08	0.11	4.49217
0.08	0.12	4.49672
0.08	0.13	4.50111
0.08	0.14	4.50459
0.08	0.15	4.5072
0.08	0.16	4.50944
0.08	0.17	4.5115
0.08	0.18	4.51337
0.08	0.19	4.5147
0.08	0.2	4.51531
0.08	0.21	4.51463
0.08	0.22	4.51374
0.08	0.23	4.51276
0.08	0.24	4.51318
0.08	0.25	4.51421
0.08	0.26	4.51514
0.08	0.27	4.52144
0.08	0.28	4.52667
0.08	0.29	4.53522
0.08	0.3	4.54669
0.08	0.31	4.55681
0.08	0.32	4.56893
0.08	0.33	4.58012
0.08	0.34	4.58991
0.08	0.35	4.59872
0.08	0.36	4.60681
0.08	0.37	4.61427
0.08	0.38	4.62119
0.08	0.39	4.62764
0.08	0.4	4.6336
0.08	0.41	4.63906
0.08	0.42	4.64397
0.08	0.43	4.64833
0.08	0.44	4.65215
0.08	0.45	4.65542
0.08	0.46	4.65814
0.08	0.47	4.66032
0.08	0.48	4.66198
0.08	0.49	4.66302
0.08	0.5	4.66364
0.08	0.51	4.66357
0.08	0.52	4.66288
0.08	0.53	4.6617
0.08	0.54	4.65997
0.08	0.55	4.65769
0.08	0.56	4.65484
0.08	0.57	4.65144
0.08	0.58	4.64747
0.08	0.59	4.64293
0.08	0.6	4.63783
0.08	0.61	4.6322
0.08	0.62	4.62606
0.08	0.63	4.6194
0.08	0.64	4.61214
0.08	0.65	4.60415
0.08	0.66	4.59529
0.08	0.67	4.58503
0.08	0.68	4.57429
0.08	0.69	4.56216
0.08	0.7	4.55326
0.08	0.71	4.5416
0.08	0.72	4.53602
0.08	0.73	4.52761
0.08	0.74	4.52553
0.08	0.75	4.5238
0.08	0.76	4.52407
0.08	0.77	4.52558
0.08	0.78	4.52759
0.08	0.79	4.5286
0.08	0.8	4.5279
0.08	0.81	4.5266
0.08	0.82	4.52524
0.08	0.83	4.52412
0.08	0.84	4.52229
0.08	0.85	4.51968
0.08	0.86	4.51628
0.08	0.87	4.5132
0.08	0.88	4.50982
0.08	0.89	4.50559
0.08	0.9	4.50058
0.08	0.91	4.49603
0.08	0.92	4.49053
0.08	0.93	4.4842
0.08	0.94	4.47867
0.08	0.95	4.47019
0.08	0.96	4.46564
0.08	0.97	4.45236
0.08	0.98	4.45236
0.08	0.99	4.45236


0.09	0	4.45615
0.09	0.01	4.45615
0.09	0.02	4.45615
0.09	0.03	4.46808
0.09	0.04	4.47394
0.09	0.05	4.48032
0.09	0.06	4.48583
0.09	0.07	4.4912
0.09	0.08	4.49589
0.09	0.09	4.49972
0.09	0.1	4.50343
0.09	0.11	4.50698
0.09	0.12	4.50958
0.09	0.13	4.51121
0.09	0.14	4.51281
0.09	0.15	4.51433
0.09	0.16	4.51523
0.09	0.17	4.51524
0.09	0.18	4.51477
0.09	0.19	4.51421
0.09	0.2	4.51336
0.09	0.21	4.51215
0.09	0.22	4.51044
0.09	0.23	4.50778
0.09	0.24	4.5048
0.09	0.25	4.50117
0.09	0.26	4.49753
0.09	0.27	4.49488
0.09	0.28	4.49347
0.09	0.29	4.49317
0.09	0.3	4.49405
0.09	0.31	4.49938
0.09	0.32	4.5021
0.09	0.33	4.51082
0.09	0.34	4.51949
0.09	0.35	4.52857
0.09	0.36	4.53748
0.09	0.37	4.54504
0.09	0.38	4.55161
0.09	0.39	4.55746
0.09	0.4	4.56272
0.09	0.41	4.56746
0.09	0.42	4.57176
0.09	0.43	4.57565
0.09	0.44	4.5791
0.09	0.45	4.58208
0.09	0.46	4.58461
0.09	0.47	4.58661
0.09	0.48	4.5882
0.09	0.49	4.58921
0.09	0.5	4.58989
0.09	0.51	4.58996
0.09	0.52	4.58946
0.09	0.53	4.58856
0.09	0.54	4.58716
0.09	0.55	4.58528
0.09	0.56	4.5829
0.09	0.57	4.58004
0.09	0.58	4.57672
0.09	0.59	4.57296
0.09	0.6	4.5687
0.09	0.61	4.56384
0.09	0.62	4.5583
0.09	0.63	4.55183
0.09	0.64	4.54405
0.09	0.65	4.53506
0.09	0.66	4.52814
0.09	0.67	4.51892
0.09	0.68	4.51416
0.09	0.69	4.50715
0.09	0.7	4.5062
0.09	0.71	4.50383
0.09	0.72	4.50489
0.09	0.73	4.50807
0.09	0.74	4.51216
0.09	0.75	4.5159
0.09	0.76	4.51918
0.09	0.77	4.52174
0.09	0.78	4.52377
0.09	0.79	4.52474
0.09	0.8	4.52604
0.09	0.81	4.52714
0.09	0.82	4.52737
0.09	0.83	4.52693
0.09	0.84	4.52634
0.09	0.85	4.52595
0.09	0.86	4.52496
0.09	0.87	4.52307
0.09	0.88	4.52081
0.09	0.89	4.519
0.09	0.9	4.5161
0.09	0.91	4.51233
0.09	0.92	4.50876
0.09	0.93	4.5045
0.09	0.94	4.50026
0.09	0.95	4.49399
0.09	0.96	4.49048
0.09	0.97	4.48006
0.09	0.98	4.48006
0.09	0.99	4.48006


0.1	0	4.48125
0.1	0.01	4.48125
0.1	0.02	4.48125
0.1	0.03	4.4903
0.1	0.04	4.49455
0.1	0.05	4.49892
0.1	0.06	4.50294
0.1	0.07	4.50596
0.1	0.08	4.50866
0.1	0.09	4.51133
0.1	0.1	4.51317
0.1	0.11	4.51395
0.1	0.12	4.51456
0.1	0.13	4.51532
0.1	0.14	4.51547
0.1	0.15	4.51494
0.1	0.16	4.51411
0.1	0.17	4.51272
0.1	0.18	4.51092
0.1	0.19	4.50898
0.1	0.2	4.5061
0.1	0.21	4.50317
0.1	0.22	4.49943
0.1	0.23	4.49587
0.1	0.24	4.49163
0.1	0.25	4.48745
0.1	0.26	4.48243
0.1	0.27	4.47694
0.1	0.28	4.47132
0.1	0.29	4.4653
0.1	0.3	4.46006
0.1	0.31	4.45629
0.1	0.32	4.45424
0.1	0.33	4.45377
0.1	0.34	4.4543
0.1	0.35	4.45825
0.1	0.36	4.46069
0.1	0.37	4.46818
0.1	0.38	4.47453
0.1	0.39	4.48209
0.1	0.4	4.48793
0.1	0.41	4.49269
0.1	0.42	4.49674
0.1	0.43	4.50025
0.1	0.44	4.50329
0.1	0.45	4.50591
0.1	0.46	4.50816
0.1	0.47	4.51005
0.1	0.48	4.51158
0.1	0.49	4.51262
0.1	0.5	4.51332
0.1	0.51	4.51353
0.1	0.52	4.51327
0.1	0.53	4.51263
0.1	0.54	4.5116
0.1	0.55	4.51019
0.1	0.56	4.50838
0.1	0.57	4.50608
0.1	0.58	4.50323
0.1	0.59	4.49971
0.1	0.6	4.49522
0.1	0.61	4.48919
0.1	0.62	4.48379
0.1	0.63	4.47704
0.1	0.64	4.47364
0.1	0.65	4.46835
0.1	0.66	4.46796
0.1	0.67	4.46604
0.1	0.68	4.46698
0.1	0.69	4.47049
0.1	0.7	4.47579
0.1	0.71	4.48154
0.1	0.72	4.48776
0.1	0.73	4.49325
0.1	0.74	4.49828
0.1	0.75	4.50236
0.1	0.76	4.50638
0.1	0.77	4.51062
0.1	0.78	4.51353
0.1	0.79	4.51637
0.1	0.8	4.51896
0.1	0.81	4.52145
0.1	0.82	4.52321
0.1	0.83	4.5246
0.1	0.84	4.52598
0.1	0.85	4.52647
0.1	0.86	4.52652
0.1	0.87	4.52692
0.1	0.88	4.52625
0.1	0.89	4.52499
0.1	0.9	4.52426
0.1	0.91	4.52285
0.1	0.92	4.52048
0.1	0.93	4.51805
0.1	0.94	4.5155
0.1	0.95	4.51109
0.1	0.96	4.50876
0.1	0.97	4.50122
0.1	0.98	4.50122
0.1	0.99	4.50122


0.11	0	4.49982
0.11	0.01	4.49982
0.11	0.02	4.49982
0.11	0.03	4.50588
0.11	0.04	4.50846
0.11	0.05	4.51092
0.11	0.06	4.51252
0.11	0.07	4.51415
0.11	0.08	4.5151
0.11	0.09	4.51513
0.11	0.1	4.5152
0.11	0.11	4.51523
0.11	0.12	4.5149
0.11	0.13	4.51383
0.11	0.14	4.51175
0.11	0.15	4.50968
0.11	0.16	4.50712
0.11	0.17	4.5044
0.11	0.18	4.50128
0.11	0.19	4.49722
0.11	0.2	4.49341
0.11	0.21	4.48888
0.11	0.22	4.48418
0.11	0.23	4.47931
0.11	0.24	4.47356
0.11	0.25	4.46797
0.11	0.26	4.46165
0.11	0.27	4.45559
0.11	0.28	4.44891
0.11	0.29	4.44214
0.11	0.3	4.43443
0.11	0.31	4.42686
0.11	0.32	4.41929
0.11	0.33	4.41232
0.11	0.34	4.40649
0.11	0.35	4.4023
0.11	0.36	4.40015
0.11	0.37	4.39986
0.11	0.38	4.40037
0.11	0.39	4.40369
0.11	0.4	4.40569
0.11	0.41	4.41151
0.11	0.42	4.41673
0.11	0.43	4.42175
0.11	0.44	4.42528
0.11	0.45	4.42799
0.11	0.46	4.43016
0.11	0.47	4.43188
0.11	0.48	4.43321
0.11	0.49	4.43424
0.11	0.5	4.43492
0.11	0.51	4.43547
0.11	0.52	4.43551
0.11	0.53	4.43519
0.11	0.54	4.43447
0.11	0.55	4.43323
0.11	0.56	4.4313
0.11	0.57	4.42821
0.11	0.58	4.42436
0.11	0.59	4.41976
0.11	0.6	4.41791
0.11	0.61	4.41431
0.11	0.62	4.41395
0.11	0.63	4.41298
0.11	0.64	4.41409
0.11	0.65	4.41744
0.11	0.66	4.42271
0.11	0.67	4.42954
0.11	0.68	4.43735
0.11	0.69	4.4454
0.11	0.7	4.45301
0.11	0.71	4.45978
0.11	0.72	4.46616
0.11	0.73	4.47282
0.11	0.74	4.47836
0.11	0.75	4.48391
0.11	0.76	4.48936
0.11	0.77	4.49414
0.11	0.78	4.4985
0.11	0.79	4.50289
0.11	0.8	4.50739
0.11	0.81	4.51072
0.11	0.82	4.51347
0.11	0.83	4.51678
0.11	0.84	4.51971
0.11	0.85	4.52146
0.11	0.86	4.52307
0.11	0.87	4.52484
0.11	0.88	4.52591
0.11	0.89	4.52639
0.11	0.9	4.52632
0.11	0.91	4.52597
0.11	0.92	4.52583
0.11	0.93	4.52478
0.11	0.94	4.52364
0.11	0.95	4.52165
0.11	0.96	4.52031
0.11	0.97	4.51566
0.11	0.98	4.51566
0.11	0.99	4.51566


0.12	0	4.51144
0.12	0.01	4.51144
0.12	0.02	4.51144
0.12	0.03	4.51439
0.12	0.04	4.51484
0.12	0.05	4.51534
0.12	0.06	4.51567
0.12	0.07	4.51544
0.12	0.08	4.5152
0.12	0.09	4.5144
0.12	0.1	4.51295
0.12	0.11	4.51097
0.12	0.12	4.50817
0.12	0.13	4.50547
0.12	0.14	4.50249
0.12	0.15	4.49881
0.12	0.16	4.49491
0.12	0.17	4.49075
0.12	0.18	4.48587
0.12	0.19	4.48121
0.12	0.2	4.47565
0.12	0.21	4.47025
0.12	0.22	4.46428
0.12	0.23	4.45784
0.12	0.24	4.45162
0.12	0.25	4.44462
0.12	0.26	4.43753
0.12	0.27	4.43024
0.12	0.28	4.42238
0.12	0.29	4.41478
0.12	0.3	4.40657
0.12	0.31	4.39841
0.12	0.32	4.38965
0.12	0.33	4.381
0.12	0.34	4.37186
0.12	0.35	4.36289
0.12	0.36	4.35446
0.12	0.37	4.34725
0.12	0.38	4.34171
0.12	0.39	4.33804
0.12	0.4	4.33623
0.12	0.41	4.33597
0.12	0.42	4.33659
0.12	0.43	4.33945
0.12	0.44	4.34098
0.12	0.45	4.3454
0.12	0.46	4.34926
0.12	0.47	4.35233
0.12	0.48	4.35406
0.12	0.49	4.35542
0.12	0.5	4.35622
0.12	0.51	4.35662
0.12	0.52	4.35659
0.12	0.53	4.35566
0.12	0.54	4.35373
0.12	0.55	4.35101
0.12	0.56	4.3502
0.12	0.57	4.34816
0.12	0.58	4.34803
0.12	0.59	4.34814
0.12	0.6	4.34943
0.12	0.61	4.35239
0.12	0.62	4.35729
0.12	0.63	4.36419
0.12	0.64	4.37284
0.12	0.65	4.38232
0.12	0.66	4.39162
0.12	0.67	4.4006
0.12	0.68	4.40927
0.12	0.69	4.41794
0.12	0.7	4.42567
0.12	0.71	4.4332
0.12	0.72	4.44109
0.12	0.73	4.4481
0.12	0.74	4.45475
0.12	0.75	4.46163
0.12	0.76	4.46815
0.12	0.77	4.47395
0.12	0.78	4.47953
0.12	0.79	4.48545
0.12	0.8	4.49063
0.12	0.81	4.49512
0.12	0.82	4.49951
0.12	0.83	4.50425
0.12	0.84	4.50782
0.12	0.85	4.51099
0.12	0.86	4.51457
0.12	0.87	4.51713
0.12	0.88	4.51963
0.12	0.89	4.52151
0.12	0.9	4.52327
0.12	0.91	4.52468
0.12	0.92	4.52557
0.12	0.93	4.52573
0.12	0.94	4.52567
0.12	0.95	4.52505
0.12	0.96	4.52495
0.12	0.97	4.52316
0.12	0.98	4.52316
0.12	0.99	4.52316


0.13	0	4.51554
0.13	0.01	4.51554
0.13	0.02	4.51554
0.13	0.03	4.51594
0.13	0.04	4.51568
0.13	0.05	4.51512
0.13	0.06	4.514
0.13	0.07	4.51192
0.13	0.08	4.50943
0.13	0.09	4.50664
0.13	0.1	4.50381
0.13	0.11	4.50027
0.13	0.12	4.49673
0.13	0.13	4.49218
0.13	0.14	4.48785
0.13	0.15	4.48326
0.13	0.16	4.47775
0.13	0.17	4.47221
0.13	0.18	4.46665
0.13	0.19	4.46035
0.13	0.2	4.45398
0.13	0.21	4.44745
0.13	0.22	4.44031
0.13	0.23	4.43327
0.13	0.24	4.42559
0.13	0.25	4.4181
0.13	0.26	4.41002
0.13	0.27	4.40179
0.13	0.28	4.39356
0.13	0.29	4.38474
0.13	0.3	4.37605
0.13	0.31	4.36705
0.13	0.32	4.35771
0.13	0.33	4.34852
0.13	0.34	4.33893
0.13	0.35	4.32936
0.13	0.36	4.31929
0.13	0.37	4.30936
0.13	0.38	4.29942
0.13	0.39	4.29005
0.13	0.4	4.28176
0.13	0.41	4.27499
0.13	0.42	4.27011
0.13	0.43	4.26727
0.13	0.44	4.26609
0.13	0.45	4.26614
0.13	0.46	4.26667
0.13	0.47	4.26902
0.13	0.48	4.27035
0.13	0.49	4.27292
0.13	0.5	4.27457
0.13	0.51	4.27427
0.13	0.52	4.27416
0.13	0.53	4.27343
0.13	0.54	4.27387
0.13	0.55	4.27457
0.13	0.56	4.27592
0.13	0.57	4.27864
0.13	0.58	4.28321
0.13	0.59	4.28976
0.13	0.6	4.29818
0.13	0.61	4.30803
0.13	0.62	4.31858
0.13	0.63	4.32906
0.13	0.64	4.33944
0.13	0.65	4.34962
0.13	0.66	4.3592
0.13	0.67	4.36858
0.13	0.68	4.37816
0.13	0.69	4.38694
0.13	0.7	4.39547
0.13	0.71	4.40431
0.13	0.72	4.41276
0.13	0.73	4.42058
0.13	0.74	4.42835
0.13	0.75	4.43624
0.13	0.76	4.44336
0.13	0.77	4.45029
0.13	0.78	4.45734
0.13	0.79	4.46391
0.13	0.8	4.46974
0.13	0.81	4.47545
0.13	0.82	4.48177
0.13	0.83	4.48679
0.13	0.84	4.49172
0.13	0.85	4.49609
0.13	0.86	4.50088
0.13	0.87	4.50465
0.13	0.88	4.50835
0.13	0.89	4.51139
0.13	0.9	4.51453
0.13	0.91	4.51735
0.13	0.92	4.51921
0.13	0.93	4.52092
0.13	0.94	4.52275
0.13	0.95	4.5242
0.13	0.96	4.52434
0.13	0.97	4.52432
0.13	0.98	4.52432
0.13	0.99	4.52432


0.14	0	4.51509
0.14	0.01	4.51509
0.14	0.02	4.51509
0.14	0.03	4.51321
0.14	0.04	4.51073
0.14	0.05	4.50802
0.14	0.06	4.50488
0.14	0.07	4.5019
0.14	0.08	4.49831
0.14	0.09	4.49405
0.14	0.1	4.48971
0.14	0.11	4.48488
0.14	0.12	4.48008
0.14	0.13	4.47443
0.14	0.14	4.46889
0.14	0.15	4.46275
0.14	0.16	4.4568
0.14	0.17	4.44995
0.14	0.18	4.44321
0.14	0.19	4.43632
0.14	0.2	4.42867
0.14	0.21	4.42108
0.14	0.22	4.41349
0.14	0.23	4.40531
0.14	0.24	4.39704
0.14	0.25	4.38871
0.14	0.26	4.37993
0.14	0.27	4.37123
0.14	0.28	4.36206
0.14	0.29	4.35302
0.14	0.3	4.34345
0.14	0.31	4.33401
0.14	0.32	4.32442
0.14	0.33	4.31438
0.14	0.34	4.30449
0.14	0.35	4.29439
0.14	0.36	4.28411
0.14	0.37	4.27383
0.14	0.38	4.26319
0.14	0.39	4.25272
0.14	0.4	4.24214
0.14	0.41	4.23165
0.14	0.42	4.22165
0.14	0.43	4.21272
0.14	0.44	4.20522
0.14	0.45	4.19914
0.14	0.46	4.19442
0.14	0.47	4.19122
0.14	0.48	4.18945
0.14	0.49	4.18855
0.14	0.5	4.18902
0.14	0.51	4.19074
0.14	0.52	4.19375
0.14	0.53	4.19806
0.14	0.54	4.20324
0.14	0.55	4.20947
0.14	0.56	4.21725
0.14	0.57	4.22678
0.14	0.58	4.23762
0.14	0.59	4.24898
0.14	0.6	4.26025
0.14	0.61	4.27165
0.14	0.62	4.28266
0.14	0.63	4.29347
0.14	0.64	4.30425
0.14	0.65	4.31446
0.14	0.66	4.32458
0.14	0.67	4.33489
0.14	0.68	4.34468
0.14	0.69	4.35416
0.14	0.7	4.36376
0.14	0.71	4.37317
0.14	0.72	4.38196
0.14	0.73	4.39074
0.14	0.74	4.39972
0.14	0.75	4.40802
0.14	0.76	4.41583
0.14	0.77	4.42373
0.14	0.78	4.43183
0.14	0.79	4.43882
0.14	0.8	4.44601
0.14	0.81	4.45273
0.14	0.82	4.45971
0.14	0.83	4.46561
0.14	0.84	4.47165
0.14	0.85	4.47721
0.14	0.86	4.48273
0.14	0.87	4.48798
0.14	0.88	4.49233
0.14	0.89	4.49687
0.14	0.9	4.50108
0.14	0.91	4.50495
0.14	0.92	4.50783
0.14	0.93	4.5114
0.14	0.94	4.5138
0.14	0.95	4.51657
0.14	0.96	4.51771
0.14	0.97	4.52054
0.14	0.98	4.52054
0.14	0.99	4.52054


0.15	0	4.5077
0.15	0.01	4.5077
0.15	0.02	4.5077
0.15	0.03	4.50309
0.15	0.04	4.50011
0.15	0.05	4.49583
0.15	0.06	4.49178
0.15	0.07	4.48673
0.15	0.08	4.48202
0.15	0.09	4.47693
0.15	0.1	4.47107
0.15	0.11	4.46531
0.15	0.12	4.45929
0.15	0.13	4.45267
0.15	0.14	4.44614
0.15	0.15	4.43899
0.15	0.16	4.43199
0.15	0.17	4.4243
0.15	0.18	4.41676
0.15	0.19	4.40878
0.15	0.2	4.40092
0.15	0.21	4.39234
0.15	0.22	4.38385
0.15	0.23	4.37531
0.15	0.24	4.36626
0.15	0.25	4.35716
0.15	0.26	4.34811
0.15	0.27	4.33861
0.15	0.28	4.32912
0.15	0.29	4.31955
0.15	0.3	4.30962
0.15	0.31	4.29977
0.15	0.32	4.28962
0.15	0.33	4.27954
0.15	0.34	4.26906
0.15	0.35	4.25868
0.15	0.36	4.24824
0.15	0.37	4.23763
0.15	0.38	4.2271
0.15	0.39	4.21635
0.15	0.4	4.20551
0.15	0.41	4.19455
0.15	0.42	4.1829
0.15	0.43	4.17102
0.15	0.44	4.15919
0.15	0.45	4.14779
0.15	0.46	4.13759
0.15	0.47	4.12933
0.15	0.48	4.12349
0.15	0.49	4.12025
0.15	0.5	4.11984
0.15	0.51	4.12267
0.15	0.52	4.12837
0.15	0.53	4.13682
0.15	0.54	4.14762
0.15	0.55	4.16015
0.15	0.56	4.17328
0.15	0.57	4.18687
0.15	0.58	4.19943
0.15	0.59	4.21129
0.15	0.6	4.22306
0.15	0.61	4.23433
0.15	0.62	4.24546
0.15	0.63	4.25666
0.15	0.64	4.26751
0.15	0.65	4.27831
0.15	0.66	4.28924
0.15	0.67	4.29972
0.15	0.68	4.30986
0.15	0.69	4.3202
0.15	0.7	4.33052
0.15	0.71	4.34017
0.15	0.72	4.34962
0.15	0.73	4.35927
0.15	0.74	4.36866
0.15	0.75	4.37735
0.15	0.76	4.38638
0.15	0.77	4.3949
0.15	0.78	4.4035
0.15	0.79	4.41135
0.15	0.8	4.41931
0.15	0.81	4.42704
0.15	0.82	4.43417
0.15	0.83	4.44152
0.15	0.84	4.44809
0.15	0.85	4.45496
0.15	0.86	4.46105
0.15	0.87	4.46718
0.15	0.88	4.47254
0.15	0.89	4.47837
0.15	0.9	4.4832
0.15	0.91	4.48817
0.15	0.92	4.49219
0.15	0.93	4.49696
0.15	0.94	4.50025
0.15	0.95	4.50452
0.15	0.96	4.5065
0.15	0.97	4.51128
0.15	0.98	4.51128
0.15	0.99	4.51128


0.16	0	4.49546
0.16	0.01	4.49546
0.16	0.02	4.49546
0.16	0.03	4.48872
0.16	0.04	4.48452
0.16	0.05	4.47894
0.16	0.06	4.47378
0.16	0.07	4.46771
0.16	0.08	4.46184
0.16	0.09	4.4554
0.16	0.1	4.44907
0.16	0.11	4.44192
0.16	0.12	4.43493
0.16	0.13	4.42778
0.16	0.14	4.42001
0.16	0.15	4.41231
0.16	0.16	4.40443
0.16	0.17	4.39609
0.16	0.18	4.38784
0.16	0.19	4.37913
0.16	0.2	4.37056
0.16	0.21	4.3615
0.16	0.22	4.35254
0.16	0.23	4.34322
0.16	0.24	4.33402
0.16	0.25	4.32436
0.16	0.26	4.31468
0.16	0.27	4.30501
0.16	0.28	4.29496
0.16	0.29	4.28492
0.16	0.3	4.2749
0.16	0.31	4.26454
0.16	0.32	4.25423
0.16	0.33	4.2439
0.16	0.34	4.23339
0.16	0.35	4.22292
0.16	0.36	4.21221
0.16	0.37	4.20152
0.16	0.38	4.19031
0.16	0.39	4.17888
0.16	0.4	4.16696
0.16	0.41	4.15476
0.16	0.42	4.14293
0.16	0.43	4.13131
0.16	0.44	4.12023
0.16	0.45	4.10973
0.16	0.46	4.1003
0.16	0.47	4.0919
0.16	0.48	4.08632
0.16	0.49	4.08241
0.16	0.5	4.08231
0.16	0.51	4.08589
0.16	0.52	4.09158
0.16	0.53	4.09999
0.16	0.54	4.10967
0.16	0.55	4.12057
0.16	0.56	4.13225
0.16	0.57	4.14468
0.16	0.58	4.15719
0.16	0.59	4.1705
0.16	0.6	4.18344
0.16	0.61	4.19597
0.16	0.62	4.20804
0.16	0.63	4.2194
0.16	0.64	4.23057
0.16	0.65	4.24189
0.16	0.66	4.25294
0.16	0.67	4.26374
0.16	0.68	4.27451
0.16	0.69	4.28532
0.16	0.7	4.29568
0.16	0.71	4.30579
0.16	0.72	4.31625
0.16	0.73	4.32611
0.16	0.74	4.33596
0.16	0.75	4.34539
0.16	0.76	4.35483
0.16	0.77	4.36422
0.16	0.78	4.37287
0.16	0.79	4.38178
0.16	0.8	4.39017
0.16	0.81	4.3987
0.16	0.82	4.40652
0.16	0.83	4.41455
0.16	0.84	4.42191
0.16	0.85	4.42946
0.16	0.86	4.43626
0.16	0.87	4.44325
0.16	0.88	4.44952
0.16	0.89	4.4561
0.16	0.9	4.46176
0.16	0.91	4.46776
0.16	0.92	4.4728
0.16	0.93	4.47854
0.16	0.94	4.48265
0.16	0.95	4.48823
0.16	0.96	4.49088
0.16	0.97	4.49745
0.16	0.98	4.49745
0.16	0.99	4.49745


0.17	0	4.47854
0.17	0.01	4.47854
0.17	0.02	4.47854
0.17	0.03	4.47
0.17	0.04	4.46488
0.17	0.05	4.45814
0.17	0.06	4.45197
0.17	0.07	4.445
0.17	0.08	4.43821
0.17	0.09	4.43083
0.17	0.1	4.42359
0.17	0.11	4.41573
0.17	0.12	4.408
0.17	0.13	4.39985
0.17	0.14	4.3918
0.17	0.15	4.38315
0.17	0.16	4.37459
0.17	0.17	4.36597
0.17	0.18	4.35689
0.17	0.19	4.34782
0.17	0.2	4.33866
0.17	0.21	4.32918
0.17	0.22	4.31977
0.17	0.23	4.31002
0.17	0.24	4.30039
0.17	0.25	4.29042
0.17	0.26	4.28051
0.17	0.27	4.27034
0.17	0.28	4.26025
0.17	0.29	4.24989
0.17	0.3	4.23956
0.17	0.31	4.22926
0.17	0.32	4.21874
0.17	0.33	4.20812
0.17	0.34	4.19747
0.17	0.35	4.18634
0.17	0.36	4.17484
0.17	0.37	4.163
0.17	0.38	4.15101
0.17	0.39	4.1392
0.17	0.4	4.12804
0.17	0.41	4.11667
0.17	0.42	4.10712
0.17	0.43	4.09712
0.17	0.44	4.09074
0.17	0.45	4.08351
0.17	0.46	4.08027
0.17	0.47	4.07657
0.17	0.48	4.07589
0.17	0.49	4.07501
0.17	0.5	4.07541
0.17	0.51	4.07682
0.17	0.52	4.0779
0.17	0.53	4.08173
0.17	0.54	4.08502
0.17	0.55	4.0922
0.17	0.56	4.09834
0.17	0.57	4.10845
0.17	0.58	4.11817
0.17	0.59	4.13009
0.17	0.6	4.14165
0.17	0.61	4.15447
0.17	0.62	4.16706
0.17	0.63	4.18026
0.17	0.64	4.19309
0.17	0.65	4.20488
0.17	0.66	4.21617
0.17	0.67	4.22745
0.17	0.68	4.23873
0.17	0.69	4.24946
0.17	0.7	4.26028
0.17	0.71	4.27091
0.17	0.72	4.28154
0.17	0.73	4.29193
0.17	0.74	4.30189
0.17	0.75	4.31212
0.17	0.76	4.32186
0.17	0.77	4.33165
0.17	0.78	4.3409
0.17	0.79	4.35037
0.17	0.8	4.35929
0.17	0.81	4.3683
0.17	0.82	4.37672
0.17	0.83	4.38532
0.17	0.84	4.39332
0.17	0.85	4.40147
0.17	0.86	4.40896
0.17	0.87	4.41668
0.17	0.88	4.42371
0.17	0.89	4.43098
0.17	0.9	4.43743
0.17	0.91	4.44428
0.17	0.92	4.4501
0.17	0.93	4.45669
0.17	0.94	4.46155
0.17	0.95	4.4683
0.17	0.96	4.47155
0.17	0.97	4.47973
0.17	0.98	4.47973
0.17	0.99	4.47973


0.18	0	4.45777
0.18	0.01	4.45777
0.18	0.02	4.45777
0.18	0.03	4.44767
0.18	0.04	4.44175
0.18	0.05	4.43407
0.18	0.06	4.42703
0.18	0.07	4.41929
0.18	0.08	4.41172
0.18	0.09	4.40364
0.18	0.1	4.39568
0.18	0.11	4.38722
0.18	0.12	4.37886
0.18	0.13	4.37009
0.18	0.14	4.36143
0.18	0.15	4.35233
0.18	0.16	4.34332
0.18	0.17	4.334
0.18	0.18	4.32479
0.18	0.19	4.31517
0.18	0.2	4.30556
0.18	0.21	4.29594
0.18	0.22	4.28599
0.18	0.23	4.27604
0.18	0.24	4.26604
0.18	0.25	4.25585
0.18	0.26	4.24574
0.18	0.27	4.23544
0.18	0.28	4.22522
0.18	0.29	4.21478
0.18	0.3	4.2043
0.18	0.31	4.1934
0.18	0.32	4.18253
0.18	0.33	4.17097
0.18	0.34	4.15895
0.18	0.35	4.14707
0.18	0.36	4.13573
0.18	0.37	4.12412
0.18	0.38	4.11404
0.18	0.39	4.10353
0.18	0.4	4.09621
0.18	0.41	4.08806
0.18	0.42	4.0837
0.18	0.43	4.07877
0.18	0.44	4.07739
0.18	0.45	4.07553
0.18	0.46	4.07533
0.18	0.47	4.07524
0.18	0.48	4.07544
0.18	0.49	4.07575
0.18	0.5	4.0759
0.18	0.51	4.07602
0.18	0.52	4.07621
0.18	0.53	4.07666
0.18	0.54	4.07726
0.18	0.55	4.07939
0.18	0.56	4.08106
0.18	0.57	4.08609
0.18	0.58	4.09052
0.18	0.59	4.09878
0.18	0.6	4.10617
0.18	0.61	4.11718
0.18	0.62	4.1273
0.18	0.63	4.13965
0.18	0.64	4.15165
0.18	0.65	4.16441
0.18	0.66	4.17744
0.18	0.67	4.19007
0.18	0.68	4.20186
0.18	0.69	4.21339
0.18	0.7	4.22441
0.18	0.71	4.23554
0.18	0.72	4.24615
0.18	0.73	4.25681
0.18	0.74	4.26719
0.18	0.75	4.27775
0.18	0.76	4.28781
0.18	0.77	4.29793
0.18	0.78	4.30765
0.18	0.79	4.31752
0.18	0.8	4.32686
0.18	0.81	4.33629
0.18	0.82	4.34522
0.18	0.83	4.35431
0.18	0.84	4.36286
0.18	0.85	4.37155
0.18	0.86	4.37966
0.18	0.87	4.38796
0.18	0.88	4.39562
0.18	0.89	4.4035
0.18	0.9	4.41063
0.18	0.91	4.41817
0.18	0.92	4.42468
0.18	0.93	4.43203
0.18	0.94	4.4376
0.18	0.95	4.44535
0.18	0.96	4.44911
0.18	0.97	4.45869
0.18	0.98	4.45869
0.18	0.99	4.45869


0.19	0	4.43378
0.19	0.01	4.43378
0.19	0.02	4.43378
0.19	0.03	4.42238
0.19	0.04	4.41579
0.19	0.05	4.40736
0.19	0.06	4.39963
0.19	0.07	4.39126
0.19	0.08	4.38306
0.19	0.09	4.37441
0.19	0.1	4.36586
0.19	0.11	4.35692
0.19	0.12	4.34807
0.19	0.13	4.33885
0.19	0.14	4.32973
0.19	0.15	4.32027
0.19	0.16	4.31087
0.19	0.17	4.30117
0.19	0.18	4.29157
0.19	0.19	4.28167
0.19	0.2	4.27183
0.19	0.21	4.26178
0.19	0.22	4.25183
0.19	0.23	4.24166
0.19	0.24	4.23148
0.19	0.25	4.22131
0.19	0.26	4.2109
0.19	0.27	4.20038
0.19	0.28	4.18967
0.19	0.29	4.17848
0.19	0.3	4.16717
0.19	0.31	4.1551
0.19	0.32	4.14357
0.19	0.33	4.1318
0.19	0.34	4.1213
0.19	0.35	4.1104
0.19	0.36	4.10216
0.19	0.37	4.09318
0.19	0.38	4.08774
0.19	0.39	4.08176
0.19	0.4	4.07946
0.19	0.41	4.07665
0.19	0.42	4.07597
0.19	0.43	4.07529
0.19	0.44	4.07532
0.19	0.45	4.07541
0.19	0.46	4.07567
0.19	0.47	4.07579
0.19	0.48	4.07591
0.19	0.49	4.07603
0.19	0.5	4.07613
0.19	0.51	4.07623
0.19	0.52	4.07633
0.19	0.53	4.07647
0.19	0.54	4.07668
0.19	0.55	4.077
0.19	0.56	4.07736
0.19	0.57	4.07859
0.19	0.58	4.07959
0.19	0.59	4.08273
0.19	0.6	4.08549
0.19	0.61	4.09175
0.19	0.62	4.09717
0.19	0.63	4.1065
0.19	0.64	4.1148
0.19	0.65	4.1262
0.19	0.66	4.13692
0.19	0.67	4.14956
0.19	0.68	4.16153
0.19	0.69	4.17466
0.19	0.7	4.18686
0.19	0.71	4.19903
0.19	0.72	4.21017
0.19	0.73	4.22136
0.19	0.74	4.23202
0.19	0.75	4.24272
0.19	0.76	4.25301
0.19	0.77	4.2634
0.19	0.78	4.27343
0.19	0.79	4.28357
0.19	0.8	4.29326
0.19	0.81	4.30308
0.19	0.82	4.31246
0.19	0.83	4.32198
0.19	0.84	4.33098
0.19	0.85	4.34011
0.19	0.86	4.34872
0.19	0.87	4.3575
0.19	0.88	4.36569
0.19	0.89	4.3741
0.19	0.9	4.38182
0.19	0.91	4.38996
0.19	0.92	4.39708
0.19	0.93	4.40513
0.19	0.94	4.41129
0.19	0.95	4.41988
0.19	0.96	4.4241
0.19	0.97	4.43492
0.19	0.98	4.43492
0.19	0.99	4.43492


0.2	0	4.40721
0.2	0.01	4.40721
0.2	0.02	4.40721
0.2	0.03	4.39477
0.2	0.04	4.38765
0.2	0.05	4.37861
0.2	0.06	4.37032
0.2	0.07	4.36145
0.2	0.08	4.35275
0.2	0.09	4.34366
0.2	0.1	4.33467
0.2	0.11	4.32535
0.2	0.12	4.3161
0.2	0.13	4.30655
0.2	0.14	4.29707
0.2	0.15	4.28732
0.2	0.16	4.27763
0.2	0.17	4.26769
0.2	0.18	4.25783
0.2	0.19	4.24778
0.2	0.2	4.23779
0.2	0.21	4.22761
0.2	0.22	4.2175
0.2	0.23	4.20714
0.2	0.24	4.19674
0.2	0.25	4.18585
0.2	0.26	4.17492
0.2	0.27	4.1633
0.2	0.28	4.15144
0.2	0.29	4.13967
0.2	0.3	4.12884
0.2	0.31	4.11763
0.2	0.32	4.10847
0.2	0.33	4.09887
0.2	0.34	4.09254
0.2	0.35	4.0856
0.2	0.36	4.08231
0.2	0.37	4.07844
0.2	0.38	4.0771
0.2	0.39	4.07564
0.2	0.4	4.07554
0.2	0.41	4.0753
0.2	0.42	4.07529
0.2	0.43	4.07549
0.2	0.44	4.07573
0.2	0.45	4.07583
0.2	0.46	4.07593
0.2	0.47	4.07606
0.2	0.48	4.07619
0.2	0.49	4.0763
0.2	0.5	4.07641
0.2	0.51	4.07656
0.2	0.52	4.07674
0.2	0.53	4.07691
0.2	0.54	4.07708
0.2	0.55	4.07723
0.2	0.56	4.07737
0.2	0.57	4.07765
0.2	0.58	4.07811
0.2	0.59	4.07861
0.2	0.6	4.07929
0.2	0.61	4.08124
0.2	0.62	4.08286
0.2	0.63	4.08718
0.2	0.64	4.09081
0.2	0.65	4.09807
0.2	0.66	4.10441
0.2	0.67	4.11447
0.2	0.68	4.12365
0.2	0.69	4.13545
0.2	0.7	4.14633
0.2	0.71	4.159
0.2	0.72	4.17116
0.2	0.73	4.18392
0.2	0.74	4.19544
0.2	0.75	4.20695
0.2	0.76	4.21764
0.2	0.77	4.22839
0.2	0.78	4.23867
0.2	0.79	4.24901
0.2	0.8	4.259
0.2	0.81	4.26909
0.2	0.82	4.27879
0.2	0.83	4.2886
0.2	0.84	4.29797
0.2	0.85	4.30748
0.2	0.86	4.31652
0.2	0.87	4.32571
0.2	0.88	4.33436
0.2	0.89	4.34324
0.2	0.9	4.35146
0.2	0.91	4.3601
0.2	0.92	4.36775
0.2	0.93	4.37638
0.2	0.94	4.38307
0.2	0.95	4.39239
0.2	0.96	4.39704
0.2	0.97	4.40892
0.2	0.98	4.40892
0.2	0.99	4.40892


0.21	0	4.37864
0.21	0.01	4.37864
0.21	0.02	4.37864
0.21	0.03	4.36538
0.21	0.04	4.35783
0.21	0.05	4.34832
0.21	0.06	4.3396
0.21	0.07	4.33035
0.21	0.08	4.32126
0.21	0.09	4.31184
0.21	0.1	4.3025
0.21	0.11	4.29289
0.21	0.12	4.28334
0.21	0.13	4.27354
0.21	0.14	4.26382
0.21	0.15	4.25389
0.21	0.16	4.24403
0.21	0.17	4.234
0.21	0.18	4.22401
0.21	0.19	4.21381
0.21	0.2	4.20362
0.21	0.21	4.19306
0.21	0.22	4.18242
0.21	0.23	4.17109
0.21	0.24	4.15963
0.21	0.25	4.14766
0.21	0.26	4.13657
0.21	0.27	4.12513
0.21	0.28	4.11533
0.21	0.29	4.10519
0.21	0.3	4.09804
0.21	0.31	4.09019
0.21	0.32	4.08575
0.21	0.33	4.08085
0.21	0.34	4.07885
0.21	0.35	4.07655
0.21	0.36	4.07603
0.21	0.37	4.0754
0.21	0.38	4.07529
0.21	0.39	4.07535
0.21	0.4	4.07549
0.21	0.41	4.07564
0.21	0.42	4.07578
0.21	0.43	4.07589
0.21	0.44	4.07598
0.21	0.45	4.07606
0.21	0.46	4.07617
0.21	0.47	4.07632
0.21	0.48	4.07651
0.21	0.49	4.07668
0.21	0.5	4.07686
0.21	0.51	4.07703
0.21	0.52	4.0772
0.21	0.53	4.07737
0.21	0.54	4.07758
0.21	0.55	4.07776
0.21	0.56	4.07795
0.21	0.57	4.0781
0.21	0.58	4.07832
0.21	0.59	4.07853
0.21	0.6	4.07874
0.21	0.61	4.07895
0.21	0.62	4.07967
0.21	0.63	4.08051
0.21	0.64	4.08162
0.21	0.65	4.08437
0.21	0.66	4.08657
0.21	0.67	4.0919
0.21	0.68	4.09659
0.21	0.69	4.10481
0.21	0.7	4.11186
0.21	0.71	4.12242
0.21	0.72	4.13222
0.21	0.73	4.14418
0.21	0.74	4.15528
0.21	0.75	4.16793
0.21	0.76	4.17984
0.21	0.77	4.19201
0.21	0.78	4.20297
0.21	0.79	4.21394
0.21	0.8	4.22425
0.21	0.81	4.23461
0.21	0.82	4.24455
0.21	0.83	4.25457
0.21	0.84	4.26424
0.21	0.85	4.27403
0.21	0.86	4.2834
0.21	0.87	4.29293
0.21	0.88	4.30197
0.21	0.89	4.31125
0.21	0.9	4.3199
0.21	0.91	4.32898
0.21	0.92	4.33708
0.21	0.93	4.34621
0.21	0.94	4.35335
0.21	0.95	4.36329
0.21	0.96	4.36831
0.21	0.97	4.38111
0.21	0.98	4.38111
0.21	0.99	4.38111


0.22	0	4.34859
0.22	0.01	4.34859
0.22	0.02	4.34859
0.22	0.03	4.33468
0.22	0.04	4.32681
0.22	0.05	4.31694
0.22	0.06	4.30789
0.22	0.07	4.29834
0.22	0.08	4.28895
0.22	0.09	4.27929
0.22	0.1	4.26971
0.22	0.11	4.25991
0.22	0.12	4.25018
0.22	0.13	4.24028
0.22	0.14	4.23042
0.22	0.15	4.22038
0.22	0.16	4.21036
0.22	0.17	4.20005
0.22	0.18	4.1897
0.22	0.19	4.1788
0.22	0.2	4.16772
0.22	0.21	4.15585
0.22	0.22	4.14445
0.22	0.23	4.13287
0.22	0.24	4.12266
0.22	0.25	4.11204
0.22	0.26	4.10397
0.22	0.27	4.09537
0.22	0.28	4.08991
0.22	0.29	4.08404
0.22	0.3	4.08132
0.22	0.31	4.07814
0.22	0.32	4.07702
0.22	0.33	4.07583
0.22	0.34	4.07563
0.22	0.35	4.07541
0.22	0.36	4.07534
0.22	0.37	4.07541
0.22	0.38	4.07561
0.22	0.39	4.07571
0.22	0.4	4.0758
0.22	0.41	4.07592
0.22	0.42	4.07604
0.22	0.43	4.07617
0.22	0.44	4.07631
0.22	0.45	4.07647
0.22	0.46	4.07664
0.22	0.47	4.07679
0.22	0.48	4.07694
0.22	0.49	4.0771
0.22	0.5	4.07729
0.22	0.51	4.0775
0.22	0.52	4.07771
0.22	0.53	4.07789
0.22	0.54	4.07809
0.22	0.55	4.0783
0.22	0.56	4.07847
0.22	0.57	4.07857
0.22	0.58	4.07872
0.22	0.59	4.07893
0.22	0.6	4.07913
0.22	0.61	4.07916
0.22	0.62	4.07929
0.22	0.63	4.07962
0.22	0.64	4.08002
0.22	0.65	4.08017
0.22	0.66	4.08111
0.22	0.67	4.0824
0.22	0.68	4.08411
0.22	0.69	4.08771
0.22	0.7	4.09054
0.22	0.71	4.0968
0.22	0.72	4.10239
0.22	0.73	4.11138
0.22	0.74	4.11925
0.22	0.75	4.13023
0.22	0.76	4.14034
0.22	0.77	4.15237
0.22	0.78	4.16374
0.22	0.79	4.17623
0.22	0.8	4.18763
0.22	0.81	4.19914
0.22	0.82	4.20962
0.22	0.83	4.22013
0.22	0.84	4.23009
0.22	0.85	4.24012
0.22	0.86	4.24976
0.22	0.87	4.25953
0.22	0.88	4.26888
0.22	0.89	4.27846
0.22	0.9	4.28746
0.22	0.91	4.2969
0.22	0.92	4.30539
0.22	0.93	4.31495
0.22	0.94	4.32249
0.22	0.95	4.33296
0.22	0.96	4.33832
0.22	0.97	4.3519
0.22	0.98	4.3519
0.22	0.99	4.3519


0.23	0	4.31749
0.23	0.01	4.31749
0.23	0.02	4.31749
0.23	0.03	4.30309
0.23	0.04	4.29496
0.23	0.05	4.28482
0.23	0.06	4.27552
0.23	0.07	4.26578
0.23	0.08	4.2562
0.23	0.09	4.24642
0.23	0.1	4.2367
0.23	0.11	4.22681
0.23	0.12	4.21695
0.23	0.13	4.20685
0.23	0.14	4.19673
0.23	0.15	4.18618
0.23	0.16	4.17551
0.23	0.17	4.16404
0.23	0.18	4.15249
0.23	0.19	4.1408
0.23	0.2	4.13026
0.23	0.21	4.11932
0.23	0.22	4.11044
0.23	0.23	4.10119
0.23	0.24	4.09487
0.23	0.25	4.08806
0.23	0.26	4.08442
0.23	0.27	4.08033
0.23	0.28	4.07857
0.23	0.29	4.07668
0.23	0.3	4.07623
0.23	0.31	4.0756
0.23	0.32	4.07544
0.23	0.33	4.07545
0.23	0.34	4.07549
0.23	0.35	4.07562
0.23	0.36	4.07575
0.23	0.37	4.07587
0.23	0.38	4.07596
0.23	0.39	4.07604
0.23	0.4	4.07614
0.23	0.41	4.07627
0.23	0.42	4.07642
0.23	0.43	4.07658
0.23	0.44	4.07674
0.23	0.45	4.07692
0.23	0.46	4.0771
0.23	0.47	4.07729
0.23	0.48	4.07748
0.23	0.49	4.07767
0.23	0.5	4.07785
0.23	0.51	4.07802
0.23	0.52	4.07819
0.23	0.53	4.07833
0.23	0.54	4.07851
0.23	0.55	4.0787
0.23	0.56	4.07888
0.23	0.57	4.07899
0.23	0.58	4.07913
0.23	0.59	4.07931
0.23	0.6	4.07946
0.23	0.61	4.0795
0.23	0.62	4.07958
0.23	0.63	4.0797
0.23	0.64	4.07982
0.23	0.65	4.07989
0.23	0.66	4.07988
0.23	0.67	4.08029
0.23	0.68	4.0808
0.23	0.69	4.08103
0.23	0.7	4.08247
0.23	0.71	4.08424
0.23	0.72	4.08666
0.23	0.73	4.09115
0.23	0.74	4.09486
0.23	0.75	4.10202
0.23	0.76	4.10828
0.23	0.77	4.11788
0.23	0.78	4.12656
0.23	0.79	4.13782
0.23	0.8	4.1481
0.23	0.81	4.16016
0.23	0.82	4.17165
0.23	0.83	4.18376
0.23	0.84	4.19462
0.23	0.85	4.20555
0.23	0.86	4.21562
0.23	0.87	4.22578
0.23	0.88	4.2354
0.23	0.89	4.24522
0.23	0.9	4.2545
0.23	0.91	4.26421
0.23	0.92	4.27301
0.23	0.93	4.28291
0.23	0.94	4.29079
0.23	0.95	4.3017
0.23	0.96	4.30735
0.23	0.97	4.32161
0.23	0.98	4.32161
0.23	0.99	4.32161


0.24	0	4.28567
0.24	0.01	4.28567
0.24	0.02	4.28567
0.24	0.03	4.27093
0.24	0.04	4.26262
0.24	0.05	4.25233
0.24	0.06	4.24289
0.24	0.07	4.23306
0.24	0.08	4.22336
0.24	0.09	4.21343
0.24	0.1	4.20352
0.24	0.11	4.19325
0.24	0.12	4.18292
0.24	0.13	4.17192
0.24	0.14	4.16065
0.24	0.15	4.14886
0.24	0.16	4.13799
0.24	0.17	4.12683
0.24	0.18	4.11733
0.24	0.19	4.10753
0.24	0.2	4.10042
0.24	0.21	4.09277
0.24	0.22	4.08814
0.24	0.23	4.08317
0.24	0.24	4.08079
0.24	0.25	4.07813
0.24	0.26	4.07722
0.24	0.27	4.07616
0.24	0.28	4.07583
0.24	0.29	4.07569
0.24	0.3	4.07557
0.24	0.31	4.07558
0.24	0.32	4.07572
0.24	0.33	4.07584
0.24	0.34	4.0759
0.24	0.35	4.07597
0.24	0.36	4.07608
0.24	0.37	4.0762
0.24	0.38	4.07633
0.24	0.39	4.07648
0.24	0.4	4.07664
0.24	0.41	4.07679
0.24	0.42	4.07695
0.24	0.43	4.07709
0.24	0.44	4.07726
0.24	0.45	4.07744
0.24	0.46	4.07762
0.24	0.47	4.0778
0.24	0.48	4.07799
0.24	0.49	4.07817
0.24	0.5	4.07834
0.24	0.51	4.07851
0.24	0.52	4.07866
0.24	0.53	4.07879
0.24	0.54	4.07892
0.24	0.55	4.07907
0.24	0.56	4.07921
0.24	0.57	4.0793
0.24	0.58	4.07943
0.24	0.59	4.07955
0.24	0.6	4.07963
0.24	0.61	4.07971
0.24	0.62	4.07977
0.24	0.63	4.0798
0.24	0.64	4.07984
0.24	0.65	4.07987
0.24	0.66	4.07987
0.24	0.67	4.0799
0.24	0.68	4.08005
0.24	0.69	4.08006
0.24	0.7	4.08011
0.24	0.71	4.08073
0.24	0.72	4.08132
0.24	0.73	4.08179
0.24	0.74	4.08394
0.24	0.75	4.08625
0.24	0.76	4.08942
0.24	0.77	4.09478
0.24	0.78	4.09951
0.24	0.79	4.10747
0.24	0.8	4.11434
0.24	0.81	4.12444
0.24	0.82	4.13374
0.24	0.83	4.14517
0.24	0.84	4.15569
0.24	0.85	4.1678
0.24	0.86	4.17906
0.24	0.87	4.19066
0.24	0.88	4.20101
0.24	0.89	4.21151
0.24	0.9	4.22115
0.24	0.91	4.23119
0.24	0.92	4.24026
0.24	0.93	4.25041
0.24	0.94	4.25856
0.24	0.95	4.26981
0.24	0.96	4.27571
0.24	0.97	4.29052
0.24	0.98	4.29052
0.24	0.99	4.29052


0.25	0	4.25351
0.25	0.01	4.25351
0.25	0.02	4.25351
0.25	0.03	4.23859
0.25	0.04	4.23017
0.25	0.05	4.21976
0.25	0.06	4.21016
0.25	0.07	4.20003
0.25	0.08	4.19
0.25	0.09	4.17939
0.25	0.1	4.16863
0.25	0.11	4.15694
0.25	0.12	4.14576
0.25	0.13	4.13446
0.25	0.14	4.12456
0.25	0.15	4.1143
0.25	0.16	4.10637
0.25	0.17	4.09803
0.25	0.18	4.09251
0.25	0.19	4.08665
0.25	0.2	4.08357
0.25	0.21	4.0801
0.25	0.22	4.07862
0.25	0.23	4.07703
0.25	0.24	4.07652
0.25	0.25	4.07605
0.25	0.26	4.07578
0.25	0.27	4.07579
0.25	0.28	4.07582
0.25	0.29	4.07587
0.25	0.3	4.07595
0.25	0.31	4.07605
0.25	0.32	4.07615
0.25	0.33	4.07622
0.25	0.34	4.07631
0.25	0.35	4.07643
0.25	0.36	4.07657
0.25	0.37	4.07671
0.25	0.38	4.07684
0.25	0.39	4.07699
0.25	0.4	4.07715
0.25	0.41	4.07733
0.25	0.42	4.07752
0.25	0.43	4.07769
0.25	0.44	4.07786
0.25	0.45	4.07802
0.25	0.46	4.07817
0.25	0.47	4.07831
0.25	0.48	4.07845
0.25	0.49	4.07859
0.25	0.5	4.07874
0.25	0.51	4.0789
0.25	0.52	4.07905
0.25	0.53	4.07917
0.25	0.54	4.07929
0.25	0.55	4.07939
0.25	0.56	4.07946
0.25	0.57	4.07954
0.25	0.58	4.07959
0.25	0.59	4.07963
0.25	0.6	4.07968
0.25	0.61	4.07973
0.25	0.62	4.07977
0.25	0.63	4.0798
0.25	0.64	4.07984
0.25	0.65	4.07985
0.25	0.66	4.07983
0.25	0.67	4.07981
0.25	0.68	4.07981
0.25	0.69	4.07979
0.25	0.7	4.07967
0.25	0.71	4.07977
0.25	0.72	4.07998
0.25	0.73	4.07983
0.25	0.74	4.08007
0.25	0.75	4.08106
0.25	0.76	4.08184
0.25	0.77	4.08271
0.25	0.78	4.08556
0.25	0.79	4.08867
0.25	0.8	4.09263
0.25	0.81	4.09889
0.25	0.82	4.10458
0.25	0.83	4.11319
0.25	0.84	4.12072
0.25	0.85	4.13125
0.25	0.86	4.14087
0.25	0.87	4.1524
0.25	0.88	4.1632
0.25	0.89	4.17525
0.25	0.9	4.186
0.25	0.91	4.19722
0.25	0.92	4.20686
0.25	0.93	4.21756
0.25	0.94	4.22601
0.25	0.95	4.23759
0.25	0.96	4.24369
0.25	0.97	4.25894
0.25	0.98	4.25894
0.25	0.99	4.25894


0.26	0	4.22126
0.26	0.01	4.22126
0.26	0.02	4.22126
0.26	0.03	4.20606
0.26	0.04	4.1974
0.26	0.05	4.18644
0.26	0.06	4.17624
0.26	0.07	4.16486
0.26	0.08	4.15368
0.26	0.09	4.14222
0.26	0.1	4.13196
0.26	0.11	4.12135
0.26	0.12	4.11267
0.26	0.13	4.10374
0.26	0.14	4.09746
0.26	0.15	4.09075
0.26	0.16	4.08682
0.26	0.17	4.08256
0.26	0.18	4.08049
0.26	0.19	4.07828
0.26	0.2	4.07749
0.26	0.21	4.07655
0.26	0.22	4.0762
0.26	0.23	4.07613
0.26	0.24	4.076
0.26	0.25	4.07596
0.26	0.26	4.07606
0.26	0.27	4.07618
0.26	0.28	4.07625
0.26	0.29	4.0763
0.26	0.3	4.07639
0.26	0.31	4.07651
0.26	0.32	4.07663
0.26	0.33	4.07675
0.26	0.34	4.07687
0.26	0.35	4.077
0.26	0.36	4.07715
0.26	0.37	4.07729
0.26	0.38	4.07745
0.26	0.39	4.07761
0.26	0.4	4.07777
0.26	0.41	4.07792
0.26	0.42	4.07807
0.26	0.43	4.07822
0.26	0.44	4.07837
0.26	0.45	4.07852
0.26	0.46	4.07866
0.26	0.47	4.0788
0.26	0.48	4.07893
0.26	0.49	4.07904
0.26	0.5	4.07915
0.26	0.51	4.07924
0.26	0.52	4.07931
0.26	0.53	4.0794
0.26	0.54	4.07948
0.26	0.55	4.07953
0.26	0.56	4.0796
0.26	0.57	4.07965
0.26	0.58	4.07967
0.26	0.59	4.07969
0.26	0.6	4.07971
0.26	0.61	4.07971
0.26	0.62	4.07971
0.26	0.63	4.0797
0.26	0.64	4.07969
0.26	0.65	4.07969
0.26	0.66	4.07966
0.26	0.67	4.07963
0.26	0.68	4.07961
0.26	0.69	4.07957
0.26	0.7	4.07947
0.26	0.71	4.07942
0.26	0.72	4.07943
0.26	0.73	4.0794
0.26	0.74	4.07917
0.26	0.75	4.07938
0.26	0.76	4.0798
0.26	0.77	4.07965
0.26	0.78	4.08001
0.26	0.79	4.08141
0.26	0.8	4.0828
0.26	0.81	4.08401
0.26	0.82	4.08756
0.26	0.83	4.09172
0.26	0.84	4.09652
0.26	0.85	4.10366
0.26	0.86	4.11008
0.26	0.87	4.11919
0.26	0.88	4.12742
0.26	0.89	4.13828
0.26	0.9	4.14802
0.26	0.91	4.15981
0.26	0.92	4.17054
0.26	0.93	4.18281
0.26	0.94	4.19217
0.26	0.95	4.2047
0.26	0.96	4.21121
0.26	0.97	4.22704
0.26	0.98	4.22704
0.26	0.99	4.22704


0.27	0	4.18829
0.27	0.01	4.18829
0.27	0.02	4.18829
0.27	0.03	4.17191
0.27	0.04	4.16222
0.27	0.05	4.15003
0.27	0.06	4.1394
0.27	0.07	4.12855
0.27	0.08	4.11942
0.27	0.09	4.10993
0.27	0.1	4.10284
0.27	0.11	4.09537
0.27	0.12	4.09058
0.27	0.13	4.08554
0.27	0.14	4.08289
0.27	0.15	4.07995
0.27	0.16	4.07868
0.27	0.17	4.07729
0.27	0.18	4.07678
0.27	0.19	4.07648
0.27	0.2	4.07621
0.27	0.21	4.07619
0.27	0.22	4.07619
0.27	0.23	4.07626
0.27	0.24	4.07633
0.27	0.25	4.07643
0.27	0.26	4.07652
0.27	0.27	4.07661
0.27	0.28	4.0767
0.27	0.29	4.07682
0.27	0.3	4.07695
0.27	0.31	4.07708
0.27	0.32	4.0772
0.27	0.33	4.07733
0.27	0.34	4.07748
0.27	0.35	4.07764
0.27	0.36	4.0778
0.27	0.37	4.07794
0.27	0.38	4.07808
0.27	0.39	4.07823
0.27	0.4	4.07836
0.27	0.41	4.07848
0.27	0.42	4.07861
0.27	0.43	4.07874
0.27	0.44	4.07886
0.27	0.45	4.07897
0.27	0.46	4.07909
0.27	0.47	4.07919
0.27	0.48	4.07928
0.27	0.49	4.07937
0.27	0.5	4.07944
0.27	0.51	4.07949
0.27	0.52	4.07953
0.27	0.53	4.07955
0.27	0.54	4.07956
0.27	0.55	4.07959
0.27	0.56	4.07961
0.27	0.57	4.07963
0.27	0.58	4.07964
0.27	0.59	4.07966
0.27	0.6	4.07965
0.27	0.61	4.07963
0.27	0.62	4.0796
0.27	0.63	4.07956
0.27	0.64	4.0795
0.27	0.65	4.07946
0.27	0.66	4.07941
0.27	0.67	4.07935
0.27	0.68	4.07931
0.27	0.69	4.07928
0.27	0.7	4.07921
0.27	0.71	4.07914
0.27	0.72	4.07911
0.27	0.73	4.07906
0.27	0.74	4.07892
0.27	0.75	4.07883
0.27	0.76	4.0789
0.27	0.77	4.07897
0.27	0.78	4.07865
0.27	0.79	4.07894
0.27	0.8	4.07965
0.27	0.81	4.07983
0.27	0.82	4.08019
0.27	0.83	4.08201
0.27	0.84	4.08426
0.27	0.85	4.08598
0.27	0.86	4.09036
0.27	0.87	4.09535
0.27	0.88	4.10111
0.27	0.89	4.10902
0.27	0.9	4.11607
0.27	0.91	4.12577
0.27	0.92	4.13419
0.27	0.93	4.14545
0.27	0.94	4.15513
0.27	0.95	4.16886
0.27	0.96	4.17638
0.27	0.97	4.19393
0.27	0.98	4.19393
0.27	0.99	4.19393


0.28	0	4.15253
0.28	0.01	4.15253
0.28	0.02	4.15253
0.28	0.03	4.13554
0.28	0.04	4.12636
0.28	0.05	4.11635
0.28	0.06	4.10865
0.28	0.07	4.10051
0.28	0.08	4.095
0.28	0.09	4.08911
0.28	0.1	4.08567
0.28	0.11	4.08202
0.28	0.12	4.08025
0.28	0.13	4.07836
0.28	0.14	4.07761
0.28	0.15	4.07688
0.28	0.16	4.07648
0.28	0.17	4.07649
0.28	0.18	4.07639
0.28	0.19	4.07634
0.28	0.2	4.07637
0.28	0.21	4.07651
0.28	0.22	4.07661
0.28	0.23	4.07669
0.28	0.24	4.07678
0.28	0.25	4.07689
0.28	0.26	4.07702
0.28	0.27	4.07716
0.28	0.28	4.07728
0.28	0.29	4.07741
0.28	0.3	4.07755
0.28	0.31	4.0777
0.28	0.32	4.07785
0.28	0.33	4.078
0.28	0.34	4.07815
0.28	0.35	4.07829
0.28	0.36	4.07841
0.28	0.37	4.07854
0.28	0.38	4.07867
0.28	0.39	4.07879
0.28	0.4	4.0789
0.28	0.41	4.07902
0.28	0.42	4.07913
0.28	0.43	4.07922
0.28	0.44	4.07929
0.28	0.45	4.07937
0.28	0.46	4.07943
0.28	0.47	4.07947
0.28	0.48	4.07952
0.28	0.49	4.07955
0.28	0.5	4.07958
0.28	0.51	4.07961
0.28	0.52	4.07962
0.28	0.53	4.07964
0.28	0.54	4.07964
0.28	0.55	4.07963
0.28	0.56	4.07961
0.28	0.57	4.07957
0.28	0.58	4.07954
0.28	0.59	4.0795
0.28	0.6	4.07947
0.28	0.61	4.07943
0.28	0.62	4.07939
0.28	0.63	4.07935
0.28	0.64	4.07929
0.28	0.65	4.07923
0.28	0.66	4.07916
0.28	0.67	4.07908
0.28	0.68	4.07901
0.28	0.69	4.07895
0.28	0.7	4.07888
0.28	0.71	4.07881
0.28	0.72	4.07876
0.28	0.73	4.07873
0.28	0.74	4.07866
0.28	0.75	4.07856
0.28	0.76	4.07851
0.28	0.77	4.0785
0.28	0.78	4.07842
0.28	0.79	4.07823
0.28	0.8	4.07838
0.28	0.81	4.07864
0.28	0.82	4.07839
0.28	0.83	4.0787
0.28	0.84	4.07964
0.28	0.85	4.08024
0.28	0.86	4.08094
0.28	0.87	4.08343
0.28	0.88	4.08611
0.28	0.89	4.08868
0.28	0.9	4.09417
0.28	0.91	4.09955
0.28	0.92	4.10633
0.28	0.93	4.11487
0.28	0.94	4.12216
0.28	0.95	4.13354
0.28	0.96	4.14003
0.28	0.97	4.15803
0.28	0.98	4.15803
0.28	0.99	4.15803


0.29	0	4.11904
0.29	0.01	4.11904
0.29	0.02	4.11904
0.29	0.03	4.1056
0.29	0.04	4.09978
0.29	0.05	4.09306
0.29	0.06	4.08899
0.29	0.07	4.08458
0.29	0.08	4.08229
0.29	0.09	4.0798
0.29	0.1	4.0787
0.29	0.11	4.07749
0.29	0.12	4.07706
0.29	0.13	4.07679
0.29	0.14	4.07653
0.29	0.15	4.07646
0.29	0.16	4.0765
0.29	0.17	4.07658
0.29	0.18	4.07664
0.29	0.19	4.07672
0.29	0.2	4.07683
0.29	0.21	4.07696
0.29	0.22	4.07707
0.29	0.23	4.07719
0.29	0.24	4.07732
0.29	0.25	4.07746
0.29	0.26	4.0776
0.29	0.27	4.07775
0.29	0.28	4.0779
0.29	0.29	4.07806
0.29	0.3	4.07821
0.29	0.31	4.07836
0.29	0.32	4.07849
0.29	0.33	4.07863
0.29	0.34	4.07876
0.29	0.35	4.07887
0.29	0.36	4.07899
0.29	0.37	4.07911
0.29	0.38	4.07922
0.29	0.39	4.07931
0.29	0.4	4.0794
0.29	0.41	4.07948
0.29	0.42	4.07953
0.29	0.43	4.07958
0.29	0.44	4.07963
0.29	0.45	4.07965
0.29	0.46	4.07966
0.29	0.47	4.07968
0.29	0.48	4.07968
0.29	0.49	4.07968
0.29	0.5	4.07967
0.29	0.51	4.07966
0.29	0.52	4.07964
0.29	0.53	4.07962
0.29	0.54	4.0796
0.29	0.55	4.07956
0.29	0.56	4.07952
0.29	0.57	4.07947
0.29	0.58	4.07941
0.29	0.59	4.07934
0.29	0.6	4.07927
0.29	0.61	4.0792
0.29	0.62	4.07913
0.29	0.63	4.07906
0.29	0.64	4.079
0.29	0.65	4.07894
0.29	0.66	4.07888
0.29	0.67	4.07881
0.29	0.68	4.07874
0.29	0.69	4.07866
0.29	0.7	4.07859
0.29	0.71	4.0785
0.29	0.72	4.07843
0.29	0.73	4.07838
0.29	0.74	4.07833
0.29	0.75	4.07825
0.29	0.76	4.07819
0.29	0.77	4.07819
0.29	0.78	4.07815
0.29	0.79	4.07804
0.29	0.8	4.07797
0.29	0.81	4.078
0.29	0.82	4.07801
0.29	0.83	4.07785
0.29	0.84	4.07811
0.29	0.85	4.07849
0.29	0.86	4.0782
0.29	0.87	4.07892
0.29	0.88	4.08019
0.29	0.89	4.08076
0.29	0.9	4.08225
0.29	0.91	4.08552
0.29	0.92	4.08821
0.29	0.93	4.0928
0.29	0.94	4.09835
0.29	0.95	4.10564
0.29	0.96	4.11103
0.29	0.97	4.12545
0.29	0.98	4.12545
0.29	0.99	4.12545


0.3	0	4.09543
0.3	0.01	4.09543
0.3	0.02	4.09543
0.3	0.03	4.08746
0.3	0.04	4.08479
0.3	0.05	4.08154
0.3	0.06	4.08005
0.3	0.07	4.07837
0.3	0.08	4.07774
0.3	0.09	4.0771
0.3	0.1	4.07678
0.3	0.11	4.07677
0.3	0.12	4.07668
0.3	0.13	4.07664
0.3	0.14	4.07669
0.3	0.15	4.07682
0.3	0.16	4.07691
0.3	0.17	4.07698
0.3	0.18	4.07706
0.3	0.19	4.0772
0.3	0.2	4.07735
0.3	0.21	4.07749
0.3	0.22	4.07762
0.3	0.23	4.07775
0.3	0.24	4.07791
0.3	0.25	4.07808
0.3	0.26	4.07824
0.3	0.27	4.07839
0.3	0.28	4.07853
0.3	0.29	4.07868
0.3	0.3	4.07882
0.3	0.31	4.07895
0.3	0.32	4.07908
0.3	0.33	4.0792
0.3	0.34	4.07931
0.3	0.35	4.07942
0.3	0.36	4.07952
0.3	0.37	4.0796
0.3	0.38	4.07966
0.3	0.39	4.07973
0.3	0.4	4.07978
0.3	0.41	4.07979
0.3	0.42	4.07981
0.3	0.43	4.07983
0.3	0.44	4.07983
0.3	0.45	4.07983
0.3	0.46	4.07982
0.3	0.47	4.07981
0.3	0.48	4.07978
0.3	0.49	4.07975
0.3	0.5	4.07971
0.3	0.51	4.07967
0.3	0.52	4.07961
0.3	0.53	4.07954
0.3	0.54	4.07949
0.3	0.55	4.07942
0.3	0.56	4.07934
0.3	0.57	4.07928
0.3	0.58	4.07921
0.3	0.59	4.07914
0.3	0.6	4.07906
0.3	0.61	4.07898
0.3	0.62	4.0789
0.3	0.63	4.07881
0.3	0.64	4.07872
0.3	0.65	4.07864
0.3	0.66	4.07856
0.3	0.67	4.07849
0.3	0.68	4.07842
0.3	0.69	4.07837
0.3	0.7	4.0783
0.3	0.71	4.07823
0.3	0.72	4.07816
0.3	0.73	4.0781
0.3	0.74	4.07804
0.3	0.75	4.07797
0.3	0.76	4.07791
0.3	0.77	4.07787
0.3	0.78	4.07784
0.3	0.79	4.0778
0.3	0.8	4.07779
0.3	0.81	4.07776
0.3	0.82	4.07773
0.3	0.83	4.07763
0.3	0.84	4.07761
0.3	0.85	4.07769
0.3	0.86	4.07767
0.3	0.87	4.07755
0.3	0.88	4.07803
0.3	0.89	4.07857
0.3	0.9	4.07842
0.3	0.91	4.07968
0.3	0.92	4.08145
0.3	0.93	4.08239
0.3	0.94	4.08437
0.3	0.95	4.08861
0.3	0.96	4.0907
0.3	0.97	4.10024
0.3	0.98	4.10024
0.3	0.99	4.10024


0.31	0	4.08306
0.31	0.01	4.08306
0.31	0.02	4.08306
0.31	0.03	4.07966
0.31	0.04	4.07881
0.31	0.05	4.07774
0.31	0.06	4.07732
0.31	0.07	4.07706
0.31	0.08	4.07683
0.31	0.09	4.07677
0.31	0.1	4.07677
0.31	0.11	4.07682
0.31	0.12	4.07689
0.31	0.13	4.07699
0.31	0.14	4.07712
0.31	0.15	4.07725
0.31	0.16	4.07738
0.31	0.17	4.07751
0.31	0.18	4.07765
0.31	0.19	4.07779
0.31	0.2	4.07793
0.31	0.21	4.07807
0.31	0.22	4.07822
0.31	0.23	4.07839
0.31	0.24	4.07855
0.31	0.25	4.0787
0.31	0.26	4.07884
0.31	0.27	4.07897
0.31	0.28	4.07912
0.31	0.29	4.07925
0.31	0.3	4.07937
0.31	0.31	4.07949
0.31	0.32	4.0796
0.31	0.33	4.07969
0.31	0.34	4.07978
0.31	0.35	4.07986
0.31	0.36	4.07991
0.31	0.37	4.07995
0.31	0.38	4.07999
0.31	0.39	4.08001
0.31	0.4	4.08
0.31	0.41	4.08001
0.31	0.42	4.08001
0.31	0.43	4.08
0.31	0.44	4.07997
0.31	0.45	4.07994
0.31	0.46	4.0799
0.31	0.47	4.07986
0.31	0.48	4.0798
0.31	0.49	4.07975
0.31	0.5	4.07967
0.31	0.51	4.0796
0.31	0.52	4.07952
0.31	0.53	4.07943
0.31	0.54	4.07934
0.31	0.55	4.07926
0.31	0.56	4.07916
0.31	0.57	4.07907
0.31	0.58	4.07898
0.31	0.59	4.07889
0.31	0.6	4.07881
0.31	0.61	4.07873
0.31	0.62	4.07864
0.31	0.63	4.07856
0.31	0.64	4.07848
0.31	0.65	4.07839
0.31	0.66	4.0783
0.31	0.67	4.07821
0.31	0.68	4.07813
0.31	0.69	4.07806
0.31	0.7	4.07801
0.31	0.71	4.07795
0.31	0.72	4.0779
0.31	0.73	4.07785
0.31	0.74	4.0778
0.31	0.75	4.07775
0.31	0.76	4.07771
0.31	0.77	4.07766
0.31	0.78	4.07761
0.31	0.79	4.07756
0.31	0.8	4.07752
0.31	0.81	4.07749
0.31	0.82	4.07747
0.31	0.83	4.07744
0.31	0.84	4.07742
0.31	0.85	4.07744
0.31	0.86	4.07747
0.31	0.87	4.07747
0.31	0.88	4.0776
0.31	0.89	4.07792
0.31	0.9	4.07799
0.31	0.91	4.07777
0.31	0.92	4.07829
0.31	0.93	4.07909
0.31	0.94	4.07928
0.31	0.95	4.08087
0.31	0.96	4.08166
0.31	0.97	4.08586
0.31	0.98	4.08586
0.31	0.99	4.08586


0.32	0	4.07841
0.32	0.01	4.07841
0.32	0.02	4.07841
0.32	0.03	4.0775
0.32	0.04	4.07728
0.32	0.05	4.0772
0.32	0.06	4.07709
0.32	0.07	4.07702
0.32	0.08	4.07703
0.32	0.09	4.07711
0.32	0.1	4.0772
0.32	0.11	4.07727
0.32	0.12	4.07736
0.32	0.13	4.07749
0.32	0.14	4.07763
0.32	0.15	4.07777
0.32	0.16	4.0779
0.32	0.17	4.07806
0.32	0.18	4.07823
0.32	0.19	4.07841
0.32	0.2	4.07857
0.32	0.21	4.07872
0.32	0.22	4.07887
0.32	0.23	4.079
0.32	0.24	4.07913
0.32	0.25	4.07926
0.32	0.26	4.07939
0.32	0.27	4.07953
0.32	0.28	4.07965
0.32	0.29	4.07975
0.32	0.3	4.07985
0.32	0.31	4.07994
0.32	0.32	4.08001
0.32	0.33	4.08007
0.32	0.34	4.08011
0.32	0.35	4.08013
0.32	0.36	4.08016
0.32	0.37	4.08018
0.32	0.38	4.08018
0.32	0.39	4.08018
0.32	0.4	4.08017
0.32	0.41	4.08015
0.32	0.42	4.08012
0.32	0.43	4.08007
0.32	0.44	4.08002
0.32	0.45	4.07997
0.32	0.46	4.07991
0.32	0.47	4.07984
0.32	0.48	4.07975
0.32	0.49	4.07966
0.32	0.5	4.07957
0.32	0.51	4.07948
0.32	0.52	4.07938
0.32	0.53	4.07928
0.32	0.54	4.07918
0.32	0.55	4.07908
0.32	0.56	4.07898
0.32	0.57	4.07887
0.32	0.58	4.07877
0.32	0.59	4.07867
0.32	0.6	4.07857
0.32	0.61	4.07848
0.32	0.62	4.07839
0.32	0.63	4.0783
0.32	0.64	4.07822
0.32	0.65	4.07814
0.32	0.66	4.07807
0.32	0.67	4.078
0.32	0.68	4.07792
0.32	0.69	4.07784
0.32	0.7	4.07777
0.32	0.71	4.07771
0.32	0.72	4.07766
0.32	0.73	4.07762
0.32	0.74	4.07758
0.32	0.75	4.07754
0.32	0.76	4.0775
0.32	0.77	4.07745
0.32	0.78	4.07741
0.32	0.79	4.07737
0.32	0.8	4.07732
0.32	0.81	4.0773
0.32	0.82	4.07731
0.32	0.83	4.07735
0.32	0.84	4.0774
0.32	0.85	4.0775
0.32	0.86	4.07757
0.32	0.87	4.07756
0.32	0.88	4.07746
0.32	0.89	4.07746
0.32	0.9	4.07754
0.32	0.91	4.07757
0.32	0.92	4.0775
0.32	0.93	4.0778
0.32	0.94	4.07803
0.32	0.95	4.0784
0.32	0.96	4.07857
0.32	0.97	4.08002
0.32	0.98	4.08002
0.32	0.99	4.08002


0.33	0	4.07731
0.33	0.01	4.07731
0.33	0.02	4.07731
0.33	0.03	4.07721
0.33	0.04	4.07723
0.33	0.05	4.07726
0.33	0.06	4.07735
0.33	0.07	4.07747
0.33	0.08	4.07758
0.33	0.09	4.07769
0.33	0.1	4.07778
0.33	0.11	4.07788
0.33	0.12	4.07799
0.33	0.13	4.07812
0.33	0.14	4.07824
0.33	0.15	4.07838
0.33	0.16	4.07853
0.33	0.17	4.07868
0.33	0.18	4.07884
0.33	0.19	4.07899
0.33	0.2	4.07913
0.33	0.21	4.07928
0.33	0.22	4.07943
0.33	0.23	4.07958
0.33	0.24	4.0797
0.33	0.25	4.07982
0.33	0.26	4.07991
0.33	0.27	4.07999
0.33	0.28	4.08006
0.33	0.29	4.08014
0.33	0.3	4.08021
0.33	0.31	4.08024
0.33	0.32	4.08028
0.33	0.33	4.0803
0.33	0.34	4.08031
0.33	0.35	4.08033
0.33	0.36	4.08033
0.33	0.37	4.08031
0.33	0.38	4.08029
0.33	0.39	4.08027
0.33	0.4	4.08023
0.33	0.41	4.08018
0.33	0.42	4.08013
0.33	0.43	4.08007
0.33	0.44	4.08
0.33	0.45	4.07992
0.33	0.46	4.07983
0.33	0.47	4.07974
0.33	0.48	4.07964
0.33	0.49	4.07954
0.33	0.5	4.07943
0.33	0.51	4.07933
0.33	0.52	4.07922
0.33	0.53	4.07911
0.33	0.54	4.07901
0.33	0.55	4.0789
0.33	0.56	4.07879
0.33	0.57	4.07868
0.33	0.58	4.07858
0.33	0.59	4.07847
0.33	0.6	4.07837
0.33	0.61	4.07827
0.33	0.62	4.07818
0.33	0.63	4.07809
0.33	0.64	4.078
0.33	0.65	4.07792
0.33	0.66	4.07785
0.33	0.67	4.07778
0.33	0.68	4.07772
0.33	0.69	4.07767
0.33	0.7	4.07762
0.33	0.71	4.07756
0.33	0.72	4.07749
0.33	0.73	4.07742
0.33	0.74	4.07736
0.33	0.75	4.07731
0.33	0.76	4.07727
0.33	0.77	4.07725
0.33	0.78	4.07725
0.33	0.79	4.07727
0.33	0.8	4.0773
0.33	0.81	4.07737
0.33	0.82	4.07741
0.33	0.83	4.07743
0.33	0.84	4.07741
0.33	0.85	4.07736
0.33	0.86	4.07735
0.33	0.87	4.07737
0.33	0.88	4.07738
0.33	0.89	4.07739
0.33	0.9	4.07743
0.33	0.91	4.0775
0.33	0.92	4.07751
0.33	0.93	4.0775
0.33	0.94	4.07754
0.33	0.95	4.07769
0.33	0.96	4.07771
0.33	0.97	4.07813
0.33	0.98	4.07813
0.33	0.99	4.07813


0.34	0	4.07727
0.34	0.01	4.07727
0.34	0.02	4.07727
0.34	0.03	4.07738
0.34	0.04	4.07754
0.34	0.05	4.07767
0.34	0.06	4.07782
0.34	0.07	4.07796
0.34	0.08	4.07811
0.34	0.09	4.07826
0.34	0.1	4.0784
0.34	0.11	4.07855
0.34	0.12	4.0787
0.34	0.13	4.07884
0.34	0.14	4.07896
0.34	0.15	4.07908
0.34	0.16	4.0792
0.34	0.17	4.07931
0.34	0.18	4.07943
0.34	0.19	4.07956
0.34	0.2	4.07969
0.34	0.21	4.07981
0.34	0.22	4.07992
0.34	0.23	4.08003
0.34	0.24	4.08013
0.34	0.25	4.08023
0.34	0.26	4.0803
0.34	0.27	4.08036
0.34	0.28	4.0804
0.34	0.29	4.08042
0.34	0.3	4.08042
0.34	0.31	4.08043
0.34	0.32	4.08044
0.34	0.33	4.08045
0.34	0.34	4.08044
0.34	0.35	4.08042
0.34	0.36	4.08039
0.34	0.37	4.08036
0.34	0.38	4.08031
0.34	0.39	4.08027
0.34	0.4	4.08021
0.34	0.41	4.08013
0.34	0.42	4.08006
0.34	0.43	4.07997
0.34	0.44	4.07988
0.34	0.45	4.07979
0.34	0.46	4.0797
0.34	0.47	4.07959
0.34	0.48	4.07949
0.34	0.49	4.07939
0.34	0.5	4.07928
0.34	0.51	4.07916
0.34	0.52	4.07905
0.34	0.53	4.07894
0.34	0.54	4.07883
0.34	0.55	4.07872
0.34	0.56	4.07861
0.34	0.57	4.0785
0.34	0.58	4.0784
0.34	0.59	4.0783
0.34	0.6	4.0782
0.34	0.61	4.07811
0.34	0.62	4.07801
0.34	0.63	4.07793
0.34	0.64	4.07784
0.34	0.65	4.07777
0.34	0.66	4.07769
0.34	0.67	4.07763
0.34	0.68	4.07756
0.34	0.69	4.07749
0.34	0.7	4.07742
0.34	0.71	4.07737
0.34	0.72	4.07731
0.34	0.73	4.07728
0.34	0.74	4.07724
0.34	0.75	4.07723
0.34	0.76	4.07722
0.34	0.77	4.07724
0.34	0.78	4.07729
0.34	0.79	4.07732
0.34	0.8	4.07734
0.34	0.81	4.07733
0.34	0.82	4.0773
0.34	0.83	4.0773
0.34	0.84	4.0773
0.34	0.85	4.0773
0.34	0.86	4.0773
0.34	0.87	4.07733
0.34	0.88	4.07736
0.34	0.89	4.07737
0.34	0.9	4.07737
0.34	0.91	4.0774
0.34	0.92	4.07742
0.34	0.93	4.07745
0.34	0.94	4.07746
0.34	0.95	4.07749
0.34	0.96	4.0775
0.34	0.97	4.0776
0.34	0.98	4.0776
0.34	0.99	4.0776


0.35	0	4.07763
0.35	0.01	4.07763
0.35	0.02	4.07763
0.35	0.03	4.07785
0.35	0.04	4.07798
0.35	0.05	4.07814
0.35	0.06	4.0783
0.35	0.07	4.07847
0.35	0.08	4.07865
0.35	0.09	4.07883
0.35	0.1	4.07901
0.35	0.11	4.07918
0.35	0.12	4.07934
0.35	0.13	4.07948
0.35	0.14	4.07962
0.35	0.15	4.07975
0.35	0.16	4.07986
0.35	0.17	4.07996
0.35	0.18	4.08005
0.35	0.19	4.08014
0.35	0.2	4.08021
0.35	0.21	4.08028
0.35	0.22	4.08034
0.35	0.23	4.0804
0.35	0.24	4.08045
0.35	0.25	4.08048
0.35	0.26	4.08052
0.35	0.27	4.08055
0.35	0.28	4.08057
0.35	0.29	4.08059
0.35	0.3	4.0806
0.35	0.31	4.08058
0.35	0.32	4.08055
0.35	0.33	4.08051
0.35	0.34	4.08046
0.35	0.35	4.08042
0.35	0.36	4.08037
0.35	0.37	4.08032
0.35	0.38	4.08025
0.35	0.39	4.08018
0.35	0.4	4.08009
0.35	0.41	4.08001
0.35	0.42	4.07992
0.35	0.43	4.07982
0.35	0.44	4.07973
0.35	0.45	4.07962
0.35	0.46	4.07952
0.35	0.47	4.07942
0.35	0.48	4.07931
0.35	0.49	4.07921
0.35	0.5	4.0791
0.35	0.51	4.07899
0.35	0.52	4.07888
0.35	0.53	4.07877
0.35	0.54	4.07866
0.35	0.55	4.07856
0.35	0.56	4.07845
0.35	0.57	4.07835
0.35	0.58	4.07825
0.35	0.59	4.07816
0.35	0.6	4.07806
0.35	0.61	4.07798
0.35	0.62	4.0779
0.35	0.63	4.07782
0.35	0.64	4.07774
0.35	0.65	4.07765
0.35	0.66	4.07757
0.35	0.67	4.07749
0.35	0.68	4.0774
0.35	0.69	4.07735
0.35	0.7	4.07729
0.35	0.71	4.07727
0.35	0.72	4.07725
0.35	0.73	4.07725
0.35	0.74	4.07728
0.35	0.75	4.07732
0.35	0.76	4.07733
0.35	0.77	4.07733
0.35	0.78	4.0773
0.35	0.79	4.07726
0.35	0.8	4.07722
0.35	0.81	4.07721
0.35	0.82	4.07722
0.35	0.83	4.07724
0.35	0.84	4.07727
0.35	0.85	4.07729
0.35	0.86	4.07731
0.35	0.87	4.07731
0.35	0.88	4.07732
0.35	0.89	4.07733
0.35	0.9	4.07734
0.35	0.91	4.07734
0.35	0.92	4.07735
0.35	0.93	4.07737
0.35	0.94	4.07739
0.35	0.95	4.07742
0.35	0.96	4.07743
0.35	0.97	4.07747
0.35	0.98	4.07747
0.35	0.99	4.07747


0.36	0	4.0781
0.36	0.01	4.0781
0.36	0.02	4.0781
0.36	0.03	4.07835
0.36	0.04	4.0785
0.36	0.05	4.07869
0.36	0.06	4.07886
0.36	0.07	4.07904
0.36	0.08	4.07921
0.36	0.09	4.07938
0.36	0.1	4.07954
0.36	0.11	4.07971
0.36	0.12	4.07987
0.36	0.13	4.08003
0.36	0.14	4.08017
0.36	0.15	4.0803
0.36	0.16	4.08041
0.36	0.17	4.0805
0.36	0.18	4.08057
0.36	0.19	4.08063
0.36	0.2	4.08066
0.36	0.21	4.08067
0.36	0.22	4.08069
0.36	0.23	4.08068
0.36	0.24	4.08068
0.36	0.25	4.08068
0.36	0.26	4.08068
0.36	0.27	4.08067
0.36	0.28	4.08066
0.36	0.29	4.08064
0.36	0.3	4.08062
0.36	0.31	4.08059
0.36	0.32	4.08056
0.36	0.33	4.08051
0.36	0.34	4.08045
0.36	0.35	4.08038
0.36	0.36	4.08028
0.36	0.37	4.08019
0.36	0.38	4.0801
0.36	0.39	4.08002
0.36	0.4	4.07993
0.36	0.41	4.07984
0.36	0.42	4.07974
0.36	0.43	4.07964
0.36	0.44	4.07954
0.36	0.45	4.07944
0.36	0.46	4.07933
0.36	0.47	4.07923
0.36	0.48	4.07912
0.36	0.49	4.07902
0.36	0.5	4.07891
0.36	0.51	4.07881
0.36	0.52	4.07871
0.36	0.53	4.07861
0.36	0.54	4.07851
0.36	0.55	4.07842
0.36	0.56	4.07832
0.36	0.57	4.07823
0.36	0.58	4.07814
0.36	0.59	4.07806
0.36	0.6	4.07797
0.36	0.61	4.07788
0.36	0.62	4.07779
0.36	0.63	4.0777
0.36	0.64	4.07761
0.36	0.65	4.07755
0.36	0.66	4.07747
0.36	0.67	4.07742
0.36	0.68	4.07738
0.36	0.69	4.07735
0.36	0.7	4.07734
0.36	0.71	4.07735
0.36	0.72	4.07735
0.36	0.73	4.07736
0.36	0.74	4.07733
0.36	0.75	4.07731
0.36	0.76	4.07726
0.36	0.77	4.07726
0.36	0.78	4.07724
0.36	0.79	4.07723
0.36	0.8	4.07724
0.36	0.81	4.07725
0.36	0.82	4.07725
0.36	0.83	4.07724
0.36	0.84	4.07723
0.36	0.85	4.07724
0.36	0.86	4.07725
0.36	0.87	4.07726
0.36	0.88	4.07728
0.36	0.89	4.07729
0.36	0.9	4.07731
0.36	0.91	4.07732
0.36	0.92	4.07732
0.36	0.93	4.07733
0.36	0.94	4.07734
0.36	0.95	4.07735
0.36	0.96	4.07736
0.36	0.97	4.07739
0.36	0.98	4.07739
0.36	0.99	4.07739


0.37	0	4.07864
0.37	0.01	4.07864
0.37	0.02	4.07864
0.37	0.03	4.07891
0.37	0.04	4.07907
0.37	0.05	4.07925
0.37	0.06	4.07941
0.37	0.07	4.07958
0.37	0.08	4.07974
0.37	0.09	4.0799
0.37	0.1	4.08005
0.37	0.11	4.0802
0.37	0.12	4.08033
0.37	0.13	4.08046
0.37	0.14	4.08057
0.37	0.15	4.08068
0.37	0.16	4.08077
0.37	0.17	4.08084
0.37	0.18	4.0809
0.37	0.19	4.08093
0.37	0.2	4.08096
0.37	0.21	4.08097
0.37	0.22	4.08096
0.37	0.23	4.08093
0.37	0.24	4.08089
0.37	0.25	4.08085
0.37	0.26	4.0808
0.37	0.27	4.08074
0.37	0.28	4.08069
0.37	0.29	4.08064
0.37	0.3	4.08058
0.37	0.31	4.08052
0.37	0.32	4.08045
0.37	0.33	4.08037
0.37	0.34	4.0803
0.37	0.35	4.08023
0.37	0.36	4.08015
0.37	0.37	4.08006
0.37	0.38	4.07996
0.37	0.39	4.07985
0.37	0.4	4.07974
0.37	0.41	4.07964
0.37	0.42	4.07953
0.37	0.43	4.07943
0.37	0.44	4.07933
0.37	0.45	4.07923
0.37	0.46	4.07913
0.37	0.47	4.07903
0.37	0.48	4.07893
0.37	0.49	4.07884
0.37	0.5	4.07874
0.37	0.51	4.07865
0.37	0.52	4.07855
0.37	0.53	4.07847
0.37	0.54	4.07838
0.37	0.55	4.0783
0.37	0.56	4.07822
0.37	0.57	4.07813
0.37	0.58	4.07805
0.37	0.59	4.07796
0.37	0.6	4.07786
0.37	0.61	4.07779
0.37	0.62	4.0777
0.37	0.63	4.07764
0.37	0.64	4.07758
0.37	0.65	4.07753
0.37	0.66	4.07751
0.37	0.67	4.0775
0.37	0.68	4.0775
0.37	0.69	4.07749
0.37	0.7	4.07747
0.37	0.71	4.07744
0.37	0.72	4.0774
0.37	0.73	4.07735
0.37	0.74	4.07731
0.37	0.75	4.07729
0.37	0.76	4.07728
0.37	0.77	4.07726
0.37	0.78	4.07726
0.37	0.79	4.07726
0.37	0.8	4.07726
0.37	0.81	4.07726
0.37	0.82	4.07725
0.37	0.83	4.07725
0.37	0.84	4.07725
0.37	0.85	4.07724
0.37	0.86	4.07723
0.37	0.87	4.07724
0.37	0.88	4.07724
0.37	0.89	4.07724
0.37	0.9	4.07726
0.37	0.91	4.07727
0.37	0.92	4.07729
0.37	0.93	4.0773
0.37	0.94	4.07731
0.37	0.95	4.07732
0.37	0.96	4.07732
0.37	0.97	4.07734
0.37	0.98	4.07734
0.37	0.99	4.07734


0.38	0	4.0792
0.38	0.01	4.0792
0.38	0.02	4.0792
0.38	0.03	4.07946
0.38	0.04	4.07961
0.38	0.05	4.07978
0.38	0.06	4.07993
0.38	0.07	4.08009
0.38	0.08	4.08022
0.38	0.09	4.08036
0.38	0.1	4.08048
0.38	0.11	4.0806
0.38	0.12	4.08069
0.38	0.13	4.08078
0.38	0.14	4.08085
0.38	0.15	4.08091
0.38	0.16	4.08096
0.38	0.17	4.08101
0.38	0.18	4.08105
0.38	0.19	4.08108
0.38	0.2	4.0811
0.38	0.21	4.0811
0.38	0.22	4.08109
0.38	0.23	4.08106
0.38	0.24	4.08101
0.38	0.25	4.08095
0.38	0.26	4.08088
0.38	0.27	4.0808
0.38	0.28	4.0807
0.38	0.29	4.08061
0.38	0.3	4.0805
0.38	0.31	4.0804
0.38	0.32	4.08031
0.38	0.33	4.08021
0.38	0.34	4.08012
0.38	0.35	4.08002
0.38	0.36	4.07993
0.38	0.37	4.07984
0.38	0.38	4.07975
0.38	0.39	4.07966
0.38	0.4	4.07956
0.38	0.41	4.07946
0.38	0.42	4.07935
0.38	0.43	4.07924
0.38	0.44	4.07913
0.38	0.45	4.07903
0.38	0.46	4.07893
0.38	0.47	4.07885
0.38	0.48	4.07876
0.38	0.49	4.07868
0.38	0.5	4.07859
0.38	0.51	4.07851
0.38	0.52	4.07843
0.38	0.53	4.07835
0.38	0.54	4.07827
0.38	0.55	4.07818
0.38	0.56	4.07809
0.38	0.57	4.07802
0.38	0.58	4.07794
0.38	0.59	4.07787
0.38	0.6	4.07781
0.38	0.61	4.07775
0.38	0.62	4.07771
0.38	0.63	4.07769
0.38	0.64	4.07769
0.38	0.65	4.07768
0.38	0.66	4.07766
0.38	0.67	4.07763
0.38	0.68	4.07759
0.38	0.69	4.07754
0.38	0.7	4.07749
0.38	0.71	4.07745
0.38	0.72	4.07742
0.38	0.73	4.0774
0.38	0.74	4.07739
0.38	0.75	4.07737
0.38	0.76	4.07735
0.38	0.77	4.07732
0.38	0.78	4.07731
0.38	0.79	4.07729
0.38	0.8	4.07727
0.38	0.81	4.07726
0.38	0.82	4.07726
0.38	0.83	4.07726
0.38	0.84	4.07726
0.38	0.85	4.07725
0.38	0.86	4.07725
0.38	0.87	4.07724
0.38	0.88	4.07724
0.38	0.89	4.07723
0.38	0.9	4.07723
0.38	0.91	4.07723
0.38	0.92	4.07724
0.38	0.93	4.07725
0.38	0.94	4.07726
0.38	0.95	4.07728
0.38	0.96	4.07729
0.38	0.97	4.07731
0.38	0.98	4.07731
0.38	0.99	4.07731


0.39	0	4.07973
0.39	0.01	4.07973
0.39	0.02	4.07973
0.39	0.03	4.07998
0.39	0.04	4.08011
0.39	0.05	4.08026
0.39	0.06	4.08039
0.39	0.07	4.08051
0.39	0.08	4.08061
0.39	0.09	4.08071
0.39	0.1	4.08079
0.39	0.11	4.08086
0.39	0.12	4.08092
0.39	0.13	4.08097
0.39	0.14	4.08101
0.39	0.15	4.08105
0.39	0.16	4.08108
0.39	0.17	4.08109
0.39	0.18	4.0811
0.39	0.19	4.0811
0.39	0.2	4.0811
0.39	0.21	4.08108
0.39	0.22	4.08106
0.39	0.23	4.08103
0.39	0.24	4.08098
0.39	0.25	4.08093
0.39	0.26	4.08085
0.39	0.27	4.08076
0.39	0.28	4.08066
0.39	0.29	4.08055
0.39	0.3	4.08043
0.39	0.31	4.08031
0.39	0.32	4.08018
0.39	0.33	4.08006
0.39	0.34	4.07994
0.39	0.35	4.07983
0.39	0.36	4.07972
0.39	0.37	4.07962
0.39	0.38	4.07952
0.39	0.39	4.07942
0.39	0.4	4.07933
0.39	0.41	4.07924
0.39	0.42	4.07916
0.39	0.43	4.07907
0.39	0.44	4.07897
0.39	0.45	4.07888
0.39	0.46	4.07878
0.39	0.47	4.07869
0.39	0.48	4.07861
0.39	0.49	4.07853
0.39	0.5	4.07846
0.39	0.51	4.07838
0.39	0.52	4.0783
0.39	0.53	4.07822
0.39	0.54	4.07814
0.39	0.55	4.07807
0.39	0.56	4.078
0.39	0.57	4.07795
0.39	0.58	4.0779
0.39	0.59	4.07787
0.39	0.6	4.07786
0.39	0.61	4.07786
0.39	0.62	4.07786
0.39	0.63	4.07784
0.39	0.64	4.07781
0.39	0.65	4.07776
0.39	0.66	4.07771
0.39	0.67	4.07767
0.39	0.68	4.07763
0.39	0.69	4.0776
0.39	0.7	4.07757
0.39	0.71	4.07755
0.39	0.72	4.07752
0.39	0.73	4.0775
0.39	0.74	4.07747
0.39	0.75	4.07744
0.39	0.76	4.07742
0.39	0.77	4.0774
0.39	0.78	4.07737
0.39	0.79	4.07735
0.39	0.8	4.07733
0.39	0.81	4.07731
0.39	0.82	4.07729
0.39	0.83	4.07727
0.39	0.84	4.07726
0.39	0.85	4.07726
0.39	0.86	4.07725
0.39	0.87	4.07725
0.39	0.88	4.07725
0.39	0.89	4.07724
0.39	0.9	4.07724
0.39	0.91	4.07723
0.39	0.92	4.07723
0.39	0.93	4.07723
0.39	0.94	4.07723
0.39	0.95	4.07723
0.39	0.96	4.07724
0.39	0.97	4.07726
0.39	0.98	4.07726
0.39	0.99	4.07726


0.4	0	4.08022
0.4	0.01	4.08022
0.4	0.02	4.08022
0.4	0.03	4.08043
0.4	0.04	4.08053
0.4	0.05	4.08064
0.4	0.06	4.08073
0.4	0.07	4.08081
0.4	0.08	4.08088
0.4	0.09	4.08093
0.4	0.1	4.08098
0.4	0.11	4.08103
0.4	0.12	4.08105
0.4	0.13	4.08108
0.4	0.14	4.08109
0.4	0.15	4.08109
0.4	0.16	4.08109
0.4	0.17	4.08109
0.4	0.18	4.08108
0.4	0.19	4.08105
0.4	0.2	4.08101
0.4	0.21	4.08098
0.4	0.22	4.08093
0.4	0.23	4.08088
0.4	0.24	4.08081
0.4	0.25	4.08075
0.4	0.26	4.08068
0.4	0.27	4.0806
0.4	0.28	4.08051
0.4	0.29	4.08042
0.4	0.3	4.08031
0.4	0.31	4.0802
0.4	0.32	4.08007
0.4	0.33	4.07995
0.4	0.34	4.07982
0.4	0.35	4.07969
0.4	0.36	4.07956
0.4	0.37	4.07944
0.4	0.38	4.07933
0.4	0.39	4.07922
0.4	0.4	4.07913
0.4	0.41	4.07904
0.4	0.42	4.07896
0.4	0.43	4.07888
0.4	0.44	4.07881
0.4	0.45	4.07874
0.4	0.46	4.07867
0.4	0.47	4.07859
0.4	0.48	4.0785
0.4	0.49	4.07841
0.4	0.5	4.07832
0.4	0.51	4.07825
0.4	0.52	4.07817
0.4	0.53	4.07812
0.4	0.54	4.07807
0.4	0.55	4.07803
0.4	0.56	4.07802
0.4	0.57	4.07801
0.4	0.58	4.07801
0.4	0.59	4.07801
0.4	0.6	4.07799
0.4	0.61	4.07796
0.4	0.62	4.07792
0.4	0.63	4.07787
0.4	0.64	4.07783
0.4	0.65	4.0778
0.4	0.66	4.07777
0.4	0.67	4.07775
0.4	0.68	4.07773
0.4	0.69	4.0777
0.4	0.7	4.07767
0.4	0.71	4.07765
0.4	0.72	4.07762
0.4	0.73	4.07759
0.4	0.74	4.07756
0.4	0.75	4.07753
0.4	0.76	4.0775
0.4	0.77	4.07747
0.4	0.78	4.07745
0.4	0.79	4.07742
0.4	0.8	4.0774
0.4	0.81	4.07737
0.4	0.82	4.07735
0.4	0.83	4.07733
0.4	0.84	4.07731
0.4	0.85	4.07729
0.4	0.86	4.07727
0.4	0.87	4.07726
0.4	0.88	4.07725
0.4	0.89	4.07725
0.4	0.9	4.07725
0.4	0.91	4.07724
0.4	0.92	4.07724
0.4	0.93	4.07723
0.4	0.94	4.07723
0.4	0.95	4.07722
0.4	0.96	4.07722
0.4	0.97	4.07723
0.4	0.98	4.07723
0.4	0.99	4.07723


0.41	0	4.0806
0.41	0.01	4.0806
0.41	0.02	4.0806
0.41	0.03	4.08075
0.41	0.04	4.08082
0.41	0.05	4.08088
0.41	0.06	4.08095
0.41	0.07	4.08099
0.41	0.08	4.08103
0.41	0.09	4.08106
0.41	0.1	4.08108
0.41	0.11	4.08108
0.41	0.12	4.08109
0.41	0.13	4.08109
0.41	0.14	4.08109
0.41	0.15	4.08107
0.41	0.16	4.08104
0.41	0.17	4.081
0.41	0.18	4.08097
0.41	0.19	4.08092
0.41	0.2	4.08086
0.41	0.21	4.08079
0.41	0.22	4.08073
0.41	0.23	4.08066
0.41	0.24	4.08059
0.41	0.25	4.08051
0.41	0.26	4.08043
0.41	0.27	4.08036
0.41	0.28	4.08027
0.41	0.29	4.08019
0.41	0.3	4.08011
0.41	0.31	4.08001
0.41	0.32	4.07991
0.41	0.33	4.07981
0.41	0.34	4.07969
0.41	0.35	4.07958
0.41	0.36	4.07946
0.41	0.37	4.07933
0.41	0.38	4.07921
0.41	0.39	4.0791
0.41	0.4	4.079
0.41	0.41	4.0789
0.41	0.42	4.07881
0.41	0.43	4.07873
0.41	0.44	4.07865
0.41	0.45	4.07857
0.41	0.46	4.0785
0.41	0.47	4.07843
0.41	0.48	4.07837
0.41	0.49	4.07831
0.41	0.5	4.07825
0.41	0.51	4.07821
0.41	0.52	4.07816
0.41	0.53	4.07814
0.41	0.54	4.07813
0.41	0.55	4.07813
0.41	0.56	4.07813
0.41	0.57	4.07811
0.41	0.58	4.07808
0.41	0.59	4.07805
0.41	0.6	4.07801
0.41	0.61	4.07797
0.41	0.62	4.07794
0.41	0.63	4.07792
0.41	0.64	4.0779
0.41	0.65	4.07789
0.41	0.66	4.07786
0.41	0.67	4.07784
0.41	0.68	4.07782
0.41	0.69	4.07779
0.41	0.7	4.07776
0.41	0.71	4.07774
0.41	0.72	4.07771
0.41	0.73	4.07768
0.41	0.74	4.07765
0.41	0.75	4.07762
0.41	0.76	4.07759
0.41	0.77	4.07756
0.41	0.78	4.07753
0.41	0.79	4.0775
0.41	0.8	4.07747
0.41	0.81	4.07745
0.41	0.82	4.07742
0.41	0.83	4.0774
0.41	0.84	4.07737
0.41	0.85	4.07735
0.41	0.86	4.07733
0.41	0.87	4.07731
0.41	0.88	4.07728
0.41	0.89	4.07727
0.41	0.9	4.07726
0.41	0.91	4.07725
0.41	0.92	4.07724
0.41	0.93	4.07724
0.41	0.94	4.07724
0.41	0.95	4.07723
0.41	0.96	4.07723
0.41	0.97	4.07722
0.41	0.98	4.07722
0.41	0.99	4.07722


0.42	0	4.08087
0.42	0.01	4.08087
0.42	0.02	4.08087
0.42	0.03	4.08096
0.42	0.04	4.081
0.42	0.05	4.08104
0.42	0.06	4.08106
0.42	0.07	4.08107
0.42	0.08	4.08109
0.42	0.09	4.08109
0.42	0.1	4.08109
0.42	0.11	4.08108
0.42	0.12	4.08107
0.42	0.13	4.08104
0.42	0.14	4.081
0.42	0.15	4.08095
0.42	0.16	4.08091
0.42	0.17	4.08085
0.42	0.18	4.08078
0.42	0.19	4.08071
0.42	0.2	4.08064
0.42	0.21	4.08057
0.42	0.22	4.08049
0.42	0.23	4.08041
0.42	0.24	4.08033
0.42	0.25	4.08025
0.42	0.26	4.08017
0.42	0.27	4.08009
0.42	0.28	4.08001
0.42	0.29	4.07992
0.42	0.3	4.07984
0.42	0.31	4.07977
0.42	0.32	4.07969
0.42	0.33	4.07961
0.42	0.34	4.07952
0.42	0.35	4.07944
0.42	0.36	4.07935
0.42	0.37	4.07926
0.42	0.38	4.07916
0.42	0.39	4.07905
0.42	0.4	4.07894
0.42	0.41	4.07883
0.42	0.42	4.07872
0.42	0.43	4.07862
0.42	0.44	4.07853
0.42	0.45	4.07845
0.42	0.46	4.07838
0.42	0.47	4.07833
0.42	0.48	4.07829
0.42	0.49	4.07827
0.42	0.5	4.07827
0.42	0.51	4.07827
0.42	0.52	4.07828
0.42	0.53	4.07827
0.42	0.54	4.07824
0.42	0.55	4.07821
0.42	0.56	4.07816
0.42	0.57	4.07812
0.42	0.58	4.07809
0.42	0.59	4.07806
0.42	0.6	4.07805
0.42	0.61	4.07803
0.42	0.62	4.07802
0.42	0.63	4.078
0.42	0.64	4.07798
0.42	0.65	4.07796
0.42	0.66	4.07794
0.42	0.67	4.07791
0.42	0.68	4.07789
0.42	0.69	4.07787
0.42	0.7	4.07784
0.42	0.71	4.07782
0.42	0.72	4.07779
0.42	0.73	4.07777
0.42	0.74	4.07774
0.42	0.75	4.07771
0.42	0.76	4.07768
0.42	0.77	4.07765
0.42	0.78	4.07762
0.42	0.79	4.07759
0.42	0.8	4.07756
0.42	0.81	4.07753
0.42	0.82	4.0775
0.42	0.83	4.07747
0.42	0.84	4.07745
0.42	0.85	4.07742
0.42	0.86	4.07739
0.42	0.87	4.07737
0.42	0.88	4.07735
0.42	0.89	4.07732
0.42	0.9	4.0773
0.42	0.91	4.07728
0.42	0.92	4.07726
0.42	0.93	4.07725
0.42	0.94	4.07724
0.42	0.95	4.07724
0.42	0.96	4.07723
0.42	0.97	4.07723
0.42	0.98	4.07723
0.42	0.99	4.07723


0.43	0	4.08102
0.43	0.01	4.08102
0.43	0.02	4.08102
0.43	0.03	4.08107
0.43	0.04	4.08108
0.43	0.05	4.08108
0.43	0.06	4.08108
0.43	0.07	4.08109
0.43	0.08	4.08108
0.43	0.09	4.08106
0.43	0.1	4.08103
0.43	0.11	4.08099
0.43	0.12	4.08094
0.43	0.13	4.08089
0.43	0.14	4.08084
0.43	0.15	4.08077
0.43	0.16	4.0807
0.43	0.17	4.08063
0.43	0.18	4.08055
0.43	0.19	4.08048
0.43	0.2	4.0804
0.43	0.21	4.08032
0.43	0.22	4.08024
0.43	0.23	4.08015
0.43	0.24	4.08007
0.43	0.25	4.07999
0.43	0.26	4.0799
0.43	0.27	4.07982
0.43	0.28	4.07974
0.43	0.29	4.07967
0.43	0.3	4.07959
0.43	0.31	4.07952
0.43	0.32	4.07945
0.43	0.33	4.07939
0.43	0.34	4.07933
0.43	0.35	4.07927
0.43	0.36	4.0792
0.43	0.37	4.07913
0.43	0.38	4.07905
0.43	0.39	4.07897
0.43	0.4	4.07888
0.43	0.41	4.07879
0.43	0.42	4.07869
0.43	0.43	4.0786
0.43	0.44	4.07852
0.43	0.45	4.07846
0.43	0.46	4.07841
0.43	0.47	4.07839
0.43	0.48	4.07837
0.43	0.49	4.07836
0.43	0.5	4.07835
0.43	0.51	4.07833
0.43	0.52	4.0783
0.43	0.53	4.07827
0.43	0.54	4.07825
0.43	0.55	4.07822
0.43	0.56	4.07821
0.43	0.57	4.07819
0.43	0.58	4.07817
0.43	0.59	4.07815
0.43	0.6	4.07812
0.43	0.61	4.0781
0.43	0.62	4.07808
0.43	0.63	4.07806
0.43	0.64	4.07804
0.43	0.65	4.07802
0.43	0.66	4.07801
0.43	0.67	4.07799
0.43	0.68	4.07796
0.43	0.69	4.07794
0.43	0.7	4.07792
0.43	0.71	4.07789
0.43	0.72	4.07787
0.43	0.73	4.07785
0.43	0.74	4.07782
0.43	0.75	4.07779
0.43	0.76	4.07777
0.43	0.77	4.07774
0.43	0.78	4.07771
0.43	0.79	4.07768
0.43	0.8	4.07765
0.43	0.81	4.07762
0.43	0.82	4.07759
0.43	0.83	4.07756
0.43	0.84	4.07753
0.43	0.85	4.0775
0.43	0.86	4.07747
0.43	0.87	4.07744
0.43	0.88	4.07742
0.43	0.89	4.07739
0.43	0.9	4.07737
0.43	0.91	4.07734
0.43	0.92	4.07732
0.43	0.93	4.0773
0.43	0.94	4.07728
0.43	0.95	4.07726
0.43	0.96	4.07725
0.43	0.97	4.07724
0.43	0.98	4.07724
0.43	0.99	4.07724


0.44	0	4.08108
0.44	0.01	4.08108
0.44	0.02	4.08108
0.44	0.03	4.08108
0.44	0.04	4.08108
0.44	0.05	4.08107
0.44	0.06	4.08106
0.44	0.07	4.08102
0.44	0.08	4.08098
0.44	0.09	4.08093
0.44	0.1	4.08088
0.44	0.11	4.08082
0.44	0.12	4.08076
0.44	0.13	4.08068
0.44	0.14	4.08061
0.44	0.15	4.08054
0.44	0.16	4.08046
0.44	0.17	4.08038
0.44	0.18	4.0803
0.44	0.19	4.08022
0.44	0.2	4.08013
0.44	0.21	4.08005
0.44	0.22	4.07997
0.44	0.23	4.07989
0.44	0.24	4.07981
0.44	0.25	4.07973
0.44	0.26	4.07965
0.44	0.27	4.07957
0.44	0.28	4.0795
0.44	0.29	4.07944
0.44	0.3	4.07937
0.44	0.31	4.07931
0.44	0.32	4.07925
0.44	0.33	4.07919
0.44	0.34	4.07912
0.44	0.35	4.07906
0.44	0.36	4.079
0.44	0.37	4.07894
0.44	0.38	4.07889
0.44	0.39	4.07884
0.44	0.4	4.07879
0.44	0.41	4.07875
0.44	0.42	4.07871
0.44	0.43	4.07869
0.44	0.44	4.07866
0.44	0.45	4.07864
0.44	0.46	4.0786
0.44	0.47	4.07855
0.44	0.48	4.0785
0.44	0.49	4.07844
0.44	0.5	4.07839
0.44	0.51	4.07834
0.44	0.52	4.07831
0.44	0.53	4.07829
0.44	0.54	4.07828
0.44	0.55	4.07827
0.44	0.56	4.07826
0.44	0.57	4.07825
0.44	0.58	4.07824
0.44	0.59	4.07822
0.44	0.6	4.0782
0.44	0.61	4.07818
0.44	0.62	4.07815
0.44	0.63	4.07813
0.44	0.64	4.0781
0.44	0.65	4.07808
0.44	0.66	4.07806
0.44	0.67	4.07804
0.44	0.68	4.07803
0.44	0.69	4.07801
0.44	0.7	4.07799
0.44	0.71	4.07796
0.44	0.72	4.07794
0.44	0.73	4.07792
0.44	0.74	4.07789
0.44	0.75	4.07787
0.44	0.76	4.07785
0.44	0.77	4.07782
0.44	0.78	4.07779
0.44	0.79	4.07777
0.44	0.8	4.07774
0.44	0.81	4.07771
0.44	0.82	4.07768
0.44	0.83	4.07765
0.44	0.84	4.07762
0.44	0.85	4.07759
0.44	0.86	4.07756
0.44	0.87	4.07753
0.44	0.88	4.0775
0.44	0.89	4.07747
0.44	0.9	4.07744
0.44	0.91	4.07742
0.44	0.92	4.07739
0.44	0.93	4.07736
0.44	0.94	4.07734
0.44	0.95	4.07732
0.44	0.96	4.0773
0.44	0.97	4.07727
0.44	0.98	4.07727
0.44	0.99	4.07727


0.45	0	4.08107
0.45	0.01	4.08107
0.45	0.02	4.08107
0.45	0.03	4.08105
0.45	0.04	4.08102
0.45	0.05	4.08097
0.45	0.06	4.08092
0.45	0.07	4.08086
0.45	0.08	4.0808
0.45	0.09	4.08074
0.45	0.1	4.08067
0.45	0.11	4.08059
0.45	0.12	4.08052
0.45	0.13	4.08044
0.45	0.14	4.08036
0.45	0.15	4.08028
0.45	0.16	4.0802
0.45	0.17	4.08012
0.45	0.18	4.08003
0.45	0.19	4.07995
0.45	0.2	4.07987
0.45	0.21	4.07979
0.45	0.22	4.07971
0.45	0.23	4.07963
0.45	0.24	4.07956
0.45	0.25	4.07949
0.45	0.26	4.07942
0.45	0.27	4.07936
0.45	0.28	4.0793
0.45	0.29	4.07923
0.45	0.3	4.07917
0.45	0.31	4.07911
0.45	0.32	4.07904
0.45	0.33	4.07898
0.45	0.34	4.07892
0.45	0.35	4.07887
0.45	0.36	4.07882
0.45	0.37	4.0788
0.45	0.38	4.07877
0.45	0.39	4.07876
0.45	0.4	4.07876
0.45	0.41	4.07877
0.45	0.42	4.07879
0.45	0.43	4.07879
0.45	0.44	4.07877
0.45	0.45	4.07874
0.45	0.46	4.0787
0.45	0.47	4.07865
0.45	0.48	4.0786
0.45	0.49	4.07855
0.45	0.5	4.07851
0.45	0.51	4.07846
0.45	0.52	4.07842
0.45	0.53	4.07838
0.45	0.54	4.07835
0.45	0.55	4.07833
0.45	0.56	4.0783
0.45	0.57	4.07829
0.45	0.58	4.07827
0.45	0.59	4.07826
0.45	0.6	4.07825
0.45	0.61	4.07824
0.45	0.62	4.07822
0.45	0.63	4.07821
0.45	0.64	4.07818
0.45	0.65	4.07816
0.45	0.66	4.07813
0.45	0.67	4.0781
0.45	0.68	4.07808
0.45	0.69	4.07806
0.45	0.7	4.07804
0.45	0.71	4.07803
0.45	0.72	4.07801
0.45	0.73	4.07799
0.45	0.74	4.07796
0.45	0.75	4.07794
0.45	0.76	4.07792
0.45	0.77	4.07789
0.45	0.78	4.07787
0.45	0.79	4.07784
0.45	0.8	4.07782
0.45	0.81	4.07779
0.45	0.82	4.07777
0.45	0.83	4.07774
0.45	0.84	4.07771
0.45	0.85	4.07768
0.45	0.86	4.07765
0.45	0.87	4.07762
0.45	0.88	4.07759
0.45	0.89	4.07756
0.45	0.9	4.07753
0.45	0.91	4.0775
0.45	0.92	4.07747
0.45	0.93	4.07744
0.45	0.94	4.07742
0.45	0.95	4.07739
0.45	0.96	4.07737
0.45	0.97	4.07733
0.45	0.98	4.07733
0.45	0.99	4.07733


0.46	0	4.08098
0.46	0.01	4.08098
0.46	0.02	4.08098
0.46	0.03	4.0809
0.46	0.04	4.08085
0.46	0.05	4.08079
0.46	0.06	4.08073
0.46	0.07	4.08065
0.46	0.08	4.08058
0.46	0.09	4.0805
0.46	0.1	4.08042
0.46	0.11	4.08035
0.46	0.12	4.08026
0.46	0.13	4.08018
0.46	0.14	4.0801
0.46	0.15	4.08001
0.46	0.16	4.07993
0.46	0.17	4.07985
0.46	0.18	4.07977
0.46	0.19	4.07969
0.46	0.2	4.07962
0.46	0.21	4.07954
0.46	0.22	4.07948
0.46	0.23	4.07941
0.46	0.24	4.07935
0.46	0.25	4.07928
0.46	0.26	4.07922
0.46	0.27	4.07916
0.46	0.28	4.07909
0.46	0.29	4.07903
0.46	0.3	4.07896
0.46	0.31	4.07891
0.46	0.32	4.07886
0.46	0.33	4.07882
0.46	0.34	4.07878
0.46	0.35	4.07877
0.46	0.36	4.07876
0.46	0.37	4.07876
0.46	0.38	4.07877
0.46	0.39	4.07879
0.46	0.4	4.07879
0.46	0.41	4.07879
0.46	0.42	4.07878
0.46	0.43	4.07877
0.46	0.44	4.07875
0.46	0.45	4.07874
0.46	0.46	4.07873
0.46	0.47	4.07872
0.46	0.48	4.0787
0.46	0.49	4.07868
0.46	0.5	4.07865
0.46	0.51	4.07861
0.46	0.52	4.07857
0.46	0.53	4.07853
0.46	0.54	4.07848
0.46	0.55	4.07843
0.46	0.56	4.07839
0.46	0.57	4.07836
0.46	0.58	4.07833
0.46	0.59	4.07831
0.46	0.6	4.07829
0.46	0.61	4.07827
0.46	0.62	4.07826
0.46	0.63	4.07825
0.46	0.64	4.07824
0.46	0.65	4.07822
0.46	0.66	4.0782
0.46	0.67	4.07819
0.46	0.68	4.07816
0.46	0.69	4.07813
0.46	0.7	4.07811
0.46	0.71	4.07808
0.46	0.72	4.07806
0.46	0.73	4.07804
0.46	0.74	4.07802
0.46	0.75	4.078
0.46	0.76	4.07798
0.46	0.77	4.07796
0.46	0.78	4.07794
0.46	0.79	4.07792
0.46	0.8	4.07789
0.46	0.81	4.07787
0.46	0.82	4.07784
0.46	0.83	4.07782
0.46	0.84	4.07779
0.46	0.85	4.07776
0.46	0.86	4.07774
0.46	0.87	4.07771
0.46	0.88	4.07768
0.46	0.89	4.07765
0.46	0.9	4.07762
0.46	0.91	4.07759
0.46	0.92	4.07756
0.46	0.93	4.07753
0.46	0.94	4.0775
0.46	0.95	4.07747
0.46	0.96	4.07745
0.46	0.97	4.0774
0.46	0.98	4.0774
0.46	0.99	4.0774


0.47	0	4.08081
0.47	0.01	4.08081
0.47	0.02	4.08081
0.47	0.03	4.0807
0.47	0.04	4.08064
0.47	0.05	4.08056
0.47	0.06	4.08049
0.47	0.07	4.08041
0.47	0.08	4.08033
0.47	0.09	4.08024
0.47	0.1	4.08016
0.47	0.11	4.08008
0.47	0.12	4.07999
0.47	0.13	4.07991
0.47	0.14	4.07983
0.47	0.15	4.07975
0.47	0.16	4.07967
0.47	0.17	4.0796
0.47	0.18	4.07953
0.47	0.19	4.07946
0.47	0.2	4.0794
0.47	0.21	4.07933
0.47	0.22	4.07927
0.47	0.23	4.07921
0.47	0.24	4.07914
0.47	0.25	4.07908
0.47	0.26	4.07901
0.47	0.27	4.07895
0.47	0.28	4.07889
0.47	0.29	4.07885
0.47	0.3	4.07881
0.47	0.31	4.07879
0.47	0.32	4.07877
0.47	0.33	4.07877
0.47	0.34	4.07877
0.47	0.35	4.07877
0.47	0.36	4.07878
0.47	0.37	4.07879
0.47	0.38	4.07879
0.47	0.39	4.07878
0.47	0.4	4.07876
0.47	0.41	4.07875
0.47	0.42	4.07874
0.47	0.43	4.07874
0.47	0.44	4.07874
0.47	0.45	4.07874
0.47	0.46	4.07875
0.47	0.47	4.07875
0.47	0.48	4.07875
0.47	0.49	4.07874
0.47	0.5	4.07872
0.47	0.51	4.07871
0.47	0.52	4.07869
0.47	0.53	4.07866
0.47	0.54	4.07862
0.47	0.55	4.07858
0.47	0.56	4.07854
0.47	0.57	4.07848
0.47	0.58	4.07843
0.47	0.59	4.07839
0.47	0.6	4.07836
0.47	0.61	4.07833
0.47	0.62	4.07831
0.47	0.63	4.07829
0.47	0.64	4.07828
0.47	0.65	4.07826
0.47	0.66	4.07825
0.47	0.67	4.07823
0.47	0.68	4.07822
0.47	0.69	4.0782
0.47	0.7	4.07818
0.47	0.71	4.07816
0.47	0.72	4.07813
0.47	0.73	4.07811
0.47	0.74	4.07808
0.47	0.75	4.07806
0.47	0.76	4.07804
0.47	0.77	4.07802
0.47	0.78	4.078
0.47	0.79	4.07798
0.47	0.8	4.07796
0.47	0.81	4.07794
0.47	0.82	4.07792
0.47	0.83	4.07789
0.47	0.84	4.07787
0.47	0.85	4.07784
0.47	0.86	4.07782
0.47	0.87	4.07779
0.47	0.88	4.07777
0.47	0.89	4.07774
0.47	0.9	4.07771
0.47	0.91	4.07768
0.47	0.92	4.07765
0.47	0.93	4.07762
0.47	0.94	4.07759
0.47	0.95	4.07755
0.47	0.96	4.07753
0.47	0.97	4.07749
0.47	0.98	4.07749
0.47	0.99	4.07749


0.48	0	4.08058
0.48	0.01	4.08058
0.48	0.02	4.08058
0.48	0.03	4.08046
0.48	0.04	4.08039
0.48	0.05	4.08031
0.48	0.06	4.08023
0.48	0.07	4.08014
0.48	0.08	4.08006
0.48	0.09	4.07997
0.48	0.1	4.07989
0.48	0.11	4.07981
0.48	0.12	4.07973
0.48	0.13	4.07966
0.48	0.14	4.07958
0.48	0.15	4.07951
0.48	0.16	4.07945
0.48	0.17	4.07938
0.48	0.18	4.07932
0.48	0.19	4.07925
0.48	0.2	4.07919
0.48	0.21	4.07912
0.48	0.22	4.07906
0.48	0.23	4.079
0.48	0.24	4.07893
0.48	0.25	4.07888
0.48	0.26	4.07884
0.48	0.27	4.07881
0.48	0.28	4.07878
0.48	0.29	4.07878
0.48	0.3	4.07877
0.48	0.31	4.07877
0.48	0.32	4.07878
0.48	0.33	4.07878
0.48	0.34	4.07878
0.48	0.35	4.07878
0.48	0.36	4.07877
0.48	0.37	4.07876
0.48	0.38	4.07874
0.48	0.39	4.07874
0.48	0.4	4.07874
0.48	0.41	4.07874
0.48	0.42	4.07874
0.48	0.43	4.07874
0.48	0.44	4.07874
0.48	0.45	4.07874
0.48	0.46	4.07875
0.48	0.47	4.07875
0.48	0.48	4.07875
0.48	0.49	4.07875
0.48	0.5	4.07875
0.48	0.51	4.07874
0.48	0.52	4.07874
0.48	0.53	4.07873
0.48	0.54	4.07871
0.48	0.55	4.0787
0.48	0.56	4.07866
0.48	0.57	4.07863
0.48	0.58	4.07859
0.48	0.59	4.07854
0.48	0.6	4.07849
0.48	0.61	4.07844
0.48	0.62	4.0784
0.48	0.63	4.07836
0.48	0.64	4.07833
0.48	0.65	4.07831
0.48	0.66	4.07829
0.48	0.67	4.07827
0.48	0.68	4.07826
0.48	0.69	4.07825
0.48	0.7	4.07823
0.48	0.71	4.07822
0.48	0.72	4.0782
0.48	0.73	4.07818
0.48	0.74	4.07816
0.48	0.75	4.07813
0.48	0.76	4.07811
0.48	0.77	4.07808
0.48	0.78	4.07806
0.48	0.79	4.07804
0.48	0.8	4.07802
0.48	0.81	4.078
0.48	0.82	4.07798
0.48	0.83	4.07796
0.48	0.84	4.07794
0.48	0.85	4.07792
0.48	0.86	4.07789
0.48	0.87	4.07787
0.48	0.88	4.07784
0.48	0.89	4.07782
0.48	0.9	4.07779
0.48	0.91	4.07776
0.48	0.92	4.07774
0.48	0.93	4.07771
0.48	0.94	4.07768
0.48	0.95	4.07765
0.48	0.96	4.07762
0.48	0.97	4.07758
0.48	0.98	4.07758
0.48	0.99	4.07758


0.49	0	4.08033
0.49	0.01	4.08033
0.49	0.02	4.08033
0.49	0.03	4.0802
0.49	0.04	4.08013
0.49	0.05	4.08004
0.49	0.06	4.07996
0.49	0.07	4.07987
0.49	0.08	4.07979
0.49	0.09	4.07971
0.49	0.1	4.07964
0.49	0.11	4.07957
0.49	0.12	4.0795
0.49	0.13	4.07943
0.49	0.14	4.07937
0.49	0.15	4.0793
0.49	0.16	4.07924
0.49	0.17	4.07917
0.49	0.18	4.07911
0.49	0.19	4.07904
0.49	0.2	4.07897
0.49	0.21	4.07892
0.49	0.22	4.07887
0.49	0.23	4.07884
0.49	0.24	4.0788
0.49	0.25	4.07879
0.49	0.26	4.07877
0.49	0.27	4.07877
0.49	0.28	4.07877
0.49	0.29	4.07878
0.49	0.3	4.07878
0.49	0.31	4.07878
0.49	0.32	4.07878
0.49	0.33	4.07877
0.49	0.34	4.07875
0.49	0.35	4.07875
0.49	0.36	4.07874
0.49	0.37	4.07874
0.49	0.38	4.07874
0.49	0.39	4.07874
0.49	0.4	4.07874
0.49	0.41	4.07874
0.49	0.42	4.07874
0.49	0.43	4.07875
0.49	0.44	4.07874
0.49	0.45	4.07874
0.49	0.46	4.07875
0.49	0.47	4.07875
0.49	0.48	4.07875
0.49	0.49	4.07875
0.49	0.5	4.07875
0.49	0.51	4.07875
0.49	0.52	4.07875
0.49	0.53	4.07875
0.49	0.54	4.07874
0.49	0.55	4.07874
0.49	0.56	4.07873
0.49	0.57	4.07871
0.49	0.58	4.07869
0.49	0.59	4.07867
0.49	0.6	4.07863
0.49	0.61	4.0786
0.49	0.62	4.07855
0.49	0.63	4.0785
0.49	0.64	4.07845
0.49	0.65	4.0784
0.49	0.66	4.07836
0.49	0.67	4.07833
0.49	0.68	4.07831
0.49	0.69	4.07829
0.49	0.7	4.07827
0.49	0.71	4.07826
0.49	0.72	4.07824
0.49	0.73	4.07823
0.49	0.74	4.07822
0.49	0.75	4.0782
0.49	0.76	4.07818
0.49	0.77	4.07816
0.49	0.78	4.07813
0.49	0.79	4.07811
0.49	0.8	4.07808
0.49	0.81	4.07806
0.49	0.82	4.07804
0.49	0.83	4.07802
0.49	0.84	4.078
0.49	0.85	4.07798
0.49	0.86	4.07796
0.49	0.87	4.07794
0.49	0.88	4.07792
0.49	0.89	4.07789
0.49	0.9	4.07787
0.49	0.91	4.07784
0.49	0.92	4.07782
0.49	0.93	4.07779
0.49	0.94	4.07777
0.49	0.95	4.07773
0.49	0.96	4.07771
0.49	0.97	4.07767
0.49	0.98	4.07767
0.49	0.99	4.07767


0.5	0	4.08006
0.5	0.01	4.08006
0.5	0.02	4.08006
0.5	0.03	4.07993
0.5	0.04	4.07986
0.5	0.05	4.07978
0.5	0.06	4.0797
0.5	0.07	4.07962
0.5	0.08	4.07956
0.5	0.09	4.07949
0.5	0.1	4.07942
0.5	0.11	4.07935
0.5	0.12	4.07929
0.5	0.13	4.07923
0.5	0.14	4.07916
0.5	0.15	4.07909
0.5	0.16	4.07902
0.5	0.17	4.07896
0.5	0.18	4.0789
0.5	0.19	4.07886
0.5	0.2	4.07882
0.5	0.21	4.0788
0.5	0.22	4.07878
0.5	0.23	4.07878
0.5	0.24	4.07877
0.5	0.25	4.07877
0.5	0.26	4.07878
0.5	0.27	4.07878
0.5	0.28	4.07878
0.5	0.29	4.07877
0.5	0.3	4.07876
0.5	0.31	4.07875
0.5	0.32	4.07874
0.5	0.33	4.07874
0.5	0.34	4.07874
0.5	0.35	4.07874
0.5	0.36	4.07874
0.5	0.37	4.07874
0.5	0.38	4.07875
0.5	0.39	4.07875
0.5	0.4	4.07874
0.5	0.41	4.07875
0.5	0.42	4.07875
0.5	0.43	4.07875
0.5	0.44	4.07875
0.5	0.45	4.07875
0.5	0.46	4.07875
0.5	0.47	4.07874
0.5	0.48	4.07874
0.5	0.49	4.07874
0.5	0.5	4.07874
0.5	0.51	4.07874
0.5	0.52	4.07874
0.5	0.53	4.07874
0.5	0.54	4.07874
0.5	0.55	4.07874
0.5	0.56	4.07874
0.5	0.57	4.07874
0.5	0.58	4.07873
0.5	0.59	4.07873
0.5	0.6	4.07871
0.5	0.61	4.07869
0.5	0.62	4.07867
0.5	0.63	4.07864
0.5	0.64	4.07859
0.5	0.65	4.07856
0.5	0.66	4.0785
0.5	0.67	4.07845
0.5	0.68	4.0784
0.5	0.69	4.07836
0.5	0.7	4.07833
0.5	0.71	4.07831
0.5	0.72	4.07829
0.5	0.73	4.07827
0.5	0.74	4.07826
0.5	0.75	4.07824
0.5	0.76	4.07823
0.5	0.77	4.07821
0.5	0.78	4.0782
0.5	0.79	4.07818
0.5	0.8	4.07816
0.5	0.81	4.07814
0.5	0.82	4.07811
0.5	0.83	4.07808
0.5	0.84	4.07806
0.5	0.85	4.07804
0.5	0.86	4.07802
0.5	0.87	4.078
0.5	0.88	4.07798
0.5	0.89	4.07796
0.5	0.9	4.07794
0.5	0.91	4.07792
0.5	0.92	4.07789
0.5	0.93	4.07787
0.5	0.94	4.07784
0.5	0.95	4.07781
0.5	0.96	4.07779
0.5	0.97	4.07775
0.5	0.98	4.07775
0.5	0.99	4.07775


