0	0	3
0	0.01	3
0	0.02	3
0	0.03	3
0	0.04	3
0	0.05	3
0	0.06	3
0	0.07	3
0	0.08	3
0	0.09	3
0	0.1	3
0	0.11	3
0	0.12	3
0	0.13	3
0	0.14	3
0	0.15	3
0	0.16	3
0	0.17	3
0	0.18	3
0	0.19	3
0	0.2	3
0	0.21	3
0	0.22	3
0	0.23	3
0	0.24	3
0	0.25	3
0	0.26	3
0	0.27	3
0	0.28	3
0	0.29	3
0	0.3	3
0	0.31	3
0	0.32	3
0	0.33	3
0	0.34	3
0	0.35	3
0	0.36	3
0	0.37	3
0	0.38	3
0	0.39	3
0	0.4	3
0	0.41	3
0	0.42	3
0	0.43	3
0	0.44	3
0	0.45	3
0	0.46	3
0	0.47	3
0	0.48	3
0	0.49	3
0	0.5	3
0	0.51	3
0	0.52	3
0	0.53	3
0	0.54	3
0	0.55	3
0	0.56	3
0	0.57	3
0	0.58	3
0	0.59	3
0	0.6	3
0	0.61	3
0	0.62	3
0	0.63	3
0	0.64	3
0	0.65	3
0	0.66	3
0	0.67	3
0	0.68	3
0	0.69	3
0	0.7	3
0	0.71	3
0	0.72	3
0	0.73	3
0	0.74	3
0	0.75	3
0	0.76	3
0	0.77	3
0	0.78	3
0	0.79	3
0	0.8	3
0	0.81	3
0	0.82	3
0	0.83	3
0	0.84	3
0	0.85	3
0	0.86	3
0	0.87	3
0	0.88	3
0	0.89	3
0	0.9	3
0	0.91	3
0	0.92	3
0	0.93	3
0	0.94	3
0	0.95	3
0	0.96	3
0	0.97	3
0	0.98	3
0	0.99	3


0.01	0	3.00001
0.01	0.01	3.00001
0.01	0.02	3.00001
0.01	0.03	3.00001
0.01	0.04	3.00001
0.01	0.05	3.00002
0.01	0.06	3.00002
0.01	0.07	3.00003
0.01	0.08	3.00005
0.01	0.09	3.00007
0.01	0.1	3.0001
0.01	0.11	3.00014
0.01	0.12	3.00019
0.01	0.13	3.00026
0.01	0.14	3.00034
0.01	0.15	3.00046
0.01	0.16	3.0006
0.01	0.17	3.00077
0.01	0.18	3.00099
0.01	0.19	3.00125
0.01	0.2	3.00156
0.01	0.21	3.00192
0.01	0.22	3.00233
0.01	0.23	3.00279
0.01	0.24	3.00329
0.01	0.25	3.00383
0.01	0.26	3.00439
0.01	0.27	3.00494
0.01	0.28	3.00547
0.01	0.29	3.00594
0.01	0.3	3.00632
0.01	0.31	3.00659
0.01	0.32	3.00667
0.01	0.33	3.00654
0.01	0.34	3.00616
0.01	0.35	3.00553
0.01	0.36	3.00463
0.01	0.37	3.00347
0.01	0.38	3.00206
0.01	0.39	3.00051
0.01	0.4	2.99893
0.01	0.41	2.99702
0.01	0.42	2.99506
0.01	0.43	2.99311
0.01	0.44	2.99117
0.01	0.45	2.98923
0.01	0.46	2.98759
0.01	0.47	2.98649
0.01	0.48	2.98588
0.01	0.49	2.98529
0.01	0.5	2.98529
0.01	0.51	2.98588
0.01	0.52	2.98649
0.01	0.53	2.98759
0.01	0.54	2.98923
0.01	0.55	2.99117
0.01	0.56	2.99311
0.01	0.57	2.99506
0.01	0.58	2.99702
0.01	0.59	2.99893
0.01	0.6	3.00051
0.01	0.61	3.00206
0.01	0.62	3.00347
0.01	0.63	3.00463
0.01	0.64	3.00553
0.01	0.65	3.00616
0.01	0.66	3.00654
0.01	0.67	3.00667
0.01	0.68	3.00659
0.01	0.69	3.00632
0.01	0.7	3.00594
0.01	0.71	3.00547
0.01	0.72	3.00494
0.01	0.73	3.00439
0.01	0.74	3.00383
0.01	0.75	3.00329
0.01	0.76	3.00279
0.01	0.77	3.00233
0.01	0.78	3.00192
0.01	0.79	3.00156
0.01	0.8	3.00125
0.01	0.81	3.00099
0.01	0.82	3.00077
0.01	0.83	3.0006
0.01	0.84	3.00046
0.01	0.85	3.00034
0.01	0.86	3.00026
0.01	0.87	3.00019
0.01	0.88	3.00014
0.01	0.89	3.0001
0.01	0.9	3.00007
0.01	0.91	3.00005
0.01	0.92	3.00003
0.01	0.93	3.00002
0.01	0.94	3.00002
0.01	0.95	3.00001
0.01	0.96	3.00001
0.01	0.97	3.00001
0.01	0.98	3.00001
0.01	0.99	3.00001


0.02	0	3.00003
0.02	0.01	3.00003
0.02	0.02	3.00003
0.02	0.03	3.00004
0.02	0.04	3.00006
0.02	0.05	3.00008
0.02	0.06	3.00012
0.02	0.07	3.00017
0.02	0.08	3.00023
0.02	0.09	3.00034
0.02	0.1	3.00046
0.02	0.11	3.00064
0.02	0.12	3.00086
0.02	0.13	3.00117
0.02	0.14	3.00154
0.02	0.15	3.00203
0.02	0.16	3.00263
0.02	0.17	3.00337
0.02	0.18	3.00427
0.02	0.19	3.00535
0.02	0.2	3.00662
0.02	0.21	3.00808
0.02	0.22	3.00975
0.02	0.23	3.01159
0.02	0.24	3.0136
0.02	0.25	3.01572
0.02	0.26	3.01789
0.02	0.27	3.02001
0.02	0.28	3.02198
0.02	0.29	3.02369
0.02	0.3	3.02497
0.02	0.31	3.02557
0.02	0.32	3.02544
0.02	0.33	3.02439
0.02	0.34	3.02234
0.02	0.35	3.0193
0.02	0.36	3.01522
0.02	0.37	3.01033
0.02	0.38	3.00456
0.02	0.39	2.9989
0.02	0.4	2.99183
0.02	0.41	2.98493
0.02	0.42	2.97789
0.02	0.43	2.97128
0.02	0.44	2.9653
0.02	0.45	2.96001
0.02	0.46	2.95556
0.02	0.47	2.95183
0.02	0.48	2.95004
0.02	0.49	2.94795
0.02	0.5	2.94795
0.02	0.51	2.95004
0.02	0.52	2.95183
0.02	0.53	2.95556
0.02	0.54	2.96001
0.02	0.55	2.9653
0.02	0.56	2.97128
0.02	0.57	2.97789
0.02	0.58	2.98493
0.02	0.59	2.99183
0.02	0.6	2.9989
0.02	0.61	3.00456
0.02	0.62	3.01033
0.02	0.63	3.01522
0.02	0.64	3.0193
0.02	0.65	3.02234
0.02	0.66	3.02439
0.02	0.67	3.02544
0.02	0.68	3.02557
0.02	0.69	3.02497
0.02	0.7	3.02369
0.02	0.71	3.02198
0.02	0.72	3.02001
0.02	0.73	3.01789
0.02	0.74	3.01572
0.02	0.75	3.0136
0.02	0.76	3.01159
0.02	0.77	3.00975
0.02	0.78	3.00808
0.02	0.79	3.00662
0.02	0.8	3.00535
0.02	0.81	3.00427
0.02	0.82	3.00337
0.02	0.83	3.00263
0.02	0.84	3.00203
0.02	0.85	3.00154
0.02	0.86	3.00117
0.02	0.87	3.00086
0.02	0.88	3.00064
0.02	0.89	3.00046
0.02	0.9	3.00034
0.02	0.91	3.00023
0.02	0.92	3.00017
0.02	0.93	3.00012
0.02	0.94	3.00008
0.02	0.95	3.00006
0.02	0.96	3.00004
0.02	0.97	3.00003
0.02	0.98	3.00003
0.02	0.99	3.00003


0.03	0	3.00009
0.03	0.01	3.00009
0.03	0.02	3.00009
0.03	0.03	3.00013
0.03	0.04	3.00019
0.03	0.05	3.00026
0.03	0.06	3.00038
0.03	0.07	3.00052
0.03	0.08	3.00073
0.03	0.09	3.001
0.03	0.1	3.00136
0.03	0.11	3.00184
0.03	0.12	3.00242
0.03	0.13	3.00327
0.03	0.14	3.00414
0.03	0.15	3.00552
0.03	0.16	3.00689
0.03	0.17	3.00884
0.03	0.18	3.01096
0.03	0.19	3.01361
0.03	0.2	3.01659
0.03	0.21	3.02005
0.03	0.22	3.02388
0.03	0.23	3.02809
0.03	0.24	3.03256
0.03	0.25	3.03718
0.03	0.26	3.04174
0.03	0.27	3.04601
0.03	0.28	3.0497
0.03	0.29	3.05226
0.03	0.3	3.05347
0.03	0.31	3.05309
0.03	0.32	3.05073
0.03	0.33	3.04659
0.03	0.34	3.03999
0.03	0.35	3.03219
0.03	0.36	3.02232
0.03	0.37	3.01151
0.03	0.38	2.99935
0.03	0.39	2.98681
0.03	0.4	2.97392
0.03	0.41	2.96155
0.03	0.42	2.94953
0.03	0.43	2.93828
0.03	0.44	2.92821
0.03	0.45	2.91956
0.03	0.46	2.91243
0.03	0.47	2.90669
0.03	0.48	2.90341
0.03	0.49	2.89999
0.03	0.5	2.89999
0.03	0.51	2.90341
0.03	0.52	2.90669
0.03	0.53	2.91243
0.03	0.54	2.91956
0.03	0.55	2.92821
0.03	0.56	2.93828
0.03	0.57	2.94953
0.03	0.58	2.96155
0.03	0.59	2.97392
0.03	0.6	2.98681
0.03	0.61	2.99935
0.03	0.62	3.01151
0.03	0.63	3.02232
0.03	0.64	3.03219
0.03	0.65	3.03999
0.03	0.66	3.04659
0.03	0.67	3.05073
0.03	0.68	3.05309
0.03	0.69	3.05347
0.03	0.7	3.05226
0.03	0.71	3.0497
0.03	0.72	3.04601
0.03	0.73	3.04174
0.03	0.74	3.03718
0.03	0.75	3.03256
0.03	0.76	3.02809
0.03	0.77	3.02388
0.03	0.78	3.02005
0.03	0.79	3.01659
0.03	0.8	3.01361
0.03	0.81	3.01096
0.03	0.82	3.00884
0.03	0.83	3.00689
0.03	0.84	3.00552
0.03	0.85	3.00414
0.03	0.86	3.00327
0.03	0.87	3.00242
0.03	0.88	3.00184
0.03	0.89	3.00136
0.03	0.9	3.001
0.03	0.91	3.00073
0.03	0.92	3.00052
0.03	0.93	3.00038
0.03	0.94	3.00026
0.03	0.95	3.00019
0.03	0.96	3.00013
0.03	0.97	3.00009
0.03	0.98	3.00009
0.03	0.99	3.00009


0.04	0	3.00026
0.04	0.01	3.00026
0.04	0.02	3.00026
0.04	0.03	3.00035
0.04	0.04	3.00052
0.04	0.05	3.00071
0.04	0.06	3.00101
0.04	0.07	3.00136
0.04	0.08	3.00188
0.04	0.09	3.00248
0.04	0.1	3.00336
0.04	0.11	3.00436
0.04	0.12	3.00578
0.04	0.13	3.00739
0.04	0.14	3.00956
0.04	0.15	3.01205
0.04	0.16	3.01521
0.04	0.17	3.01888
0.04	0.18	3.02321
0.04	0.19	3.02838
0.04	0.2	3.03391
0.04	0.21	3.0407
0.04	0.22	3.04725
0.04	0.23	3.05516
0.04	0.24	3.06224
0.04	0.25	3.06998
0.04	0.26	3.07637
0.04	0.27	3.08144
0.04	0.28	3.08403
0.04	0.29	3.0853
0.04	0.3	3.08222
0.04	0.31	3.07851
0.04	0.32	3.06994
0.04	0.33	3.06046
0.04	0.34	3.04763
0.04	0.35	3.03348
0.04	0.36	3.01748
0.04	0.37	3.00037
0.04	0.38	2.98276
0.04	0.39	2.96486
0.04	0.4	2.94728
0.04	0.41	2.93047
0.04	0.42	2.91456
0.04	0.43	2.89999
0.04	0.44	2.88703
0.04	0.45	2.8759
0.04	0.46	2.86676
0.04	0.47	2.8597
0.04	0.48	2.85546
0.04	0.49	2.85148
0.04	0.5	2.85148
0.04	0.51	2.85546
0.04	0.52	2.8597
0.04	0.53	2.86676
0.04	0.54	2.8759
0.04	0.55	2.88703
0.04	0.56	2.89999
0.04	0.57	2.91456
0.04	0.58	2.93047
0.04	0.59	2.94728
0.04	0.6	2.96486
0.04	0.61	2.98276
0.04	0.62	3.00037
0.04	0.63	3.01748
0.04	0.64	3.03348
0.04	0.65	3.04763
0.04	0.66	3.06046
0.04	0.67	3.06994
0.04	0.68	3.07851
0.04	0.69	3.08222
0.04	0.7	3.0853
0.04	0.71	3.08403
0.04	0.72	3.08144
0.04	0.73	3.07637
0.04	0.74	3.06998
0.04	0.75	3.06224
0.04	0.76	3.05516
0.04	0.77	3.04725
0.04	0.78	3.0407
0.04	0.79	3.03391
0.04	0.8	3.02838
0.04	0.81	3.02321
0.04	0.82	3.01888
0.04	0.83	3.01521
0.04	0.84	3.01205
0.04	0.85	3.00956
0.04	0.86	3.00739
0.04	0.87	3.00578
0.04	0.88	3.00436
0.04	0.89	3.00336
0.04	0.9	3.00248
0.04	0.91	3.00188
0.04	0.92	3.00136
0.04	0.93	3.00101
0.04	0.94	3.00071
0.04	0.95	3.00052
0.04	0.96	3.00035
0.04	0.97	3.00026
0.04	0.98	3.00026
0.04	0.99	3.00026


0.05	0	3.00069
0.05	0.01	3.00069
0.05	0.02	3.00069
0.05	0.03	3.0009
0.05	0.04	3.00132
0.05	0.05	3.00175
0.05	0.06	3.00243
0.05	0.07	3.00318
0.05	0.08	3.00434
0.05	0.09	3.00557
0.05	0.1	3.00745
0.05	0.11	3.0094
0.05	0.12	3.01234
0.05	0.13	3.01532
0.05	0.14	3.01973
0.05	0.15	3.02409
0.05	0.16	3.03039
0.05	0.17	3.03649
0.05	0.18	3.04494
0.05	0.19	3.05289
0.05	0.2	3.06335
0.05	0.21	3.0727
0.05	0.22	3.08421
0.05	0.23	3.09339
0.05	0.24	3.10283
0.05	0.25	3.10892
0.05	0.26	3.11206
0.05	0.27	3.1139
0.05	0.28	3.11099
0.05	0.29	3.1068
0.05	0.3	3.09814
0.05	0.31	3.0877
0.05	0.32	3.07468
0.05	0.33	3.05874
0.05	0.34	3.04116
0.05	0.35	3.02176
0.05	0.36	3.00141
0.05	0.37	2.97994
0.05	0.38	2.95884
0.05	0.39	2.93744
0.05	0.4	2.91682
0.05	0.41	2.89711
0.05	0.42	2.87871
0.05	0.43	2.86205
0.05	0.44	2.84729
0.05	0.45	2.83469
0.05	0.46	2.82437
0.05	0.47	2.81647
0.05	0.48	2.81149
0.05	0.49	2.80728
0.05	0.5	2.80728
0.05	0.51	2.81149
0.05	0.52	2.81647
0.05	0.53	2.82437
0.05	0.54	2.83469
0.05	0.55	2.84729
0.05	0.56	2.86205
0.05	0.57	2.87871
0.05	0.58	2.89711
0.05	0.59	2.91682
0.05	0.6	2.93744
0.05	0.61	2.95884
0.05	0.62	2.97994
0.05	0.63	3.00141
0.05	0.64	3.02176
0.05	0.65	3.04116
0.05	0.66	3.05874
0.05	0.67	3.07468
0.05	0.68	3.0877
0.05	0.69	3.09814
0.05	0.7	3.1068
0.05	0.71	3.11099
0.05	0.72	3.1139
0.05	0.73	3.11206
0.05	0.74	3.10892
0.05	0.75	3.10283
0.05	0.76	3.09339
0.05	0.77	3.08421
0.05	0.78	3.0727
0.05	0.79	3.06335
0.05	0.8	3.05289
0.05	0.81	3.04494
0.05	0.82	3.03649
0.05	0.83	3.03039
0.05	0.84	3.02409
0.05	0.85	3.01973
0.05	0.86	3.01532
0.05	0.87	3.01234
0.05	0.88	3.0094
0.05	0.89	3.00745
0.05	0.9	3.00557
0.05	0.91	3.00434
0.05	0.92	3.00318
0.05	0.93	3.00243
0.05	0.94	3.00175
0.05	0.95	3.00132
0.05	0.96	3.0009
0.05	0.97	3.00069
0.05	0.98	3.00069
0.05	0.99	3.00069


0.06	0	3.0017
0.06	0.01	3.0017
0.06	0.02	3.0017
0.06	0.03	3.00213
0.06	0.04	3.00309
0.06	0.05	3.00398
0.06	0.06	3.00546
0.06	0.07	3.00695
0.06	0.08	3.00933
0.06	0.09	3.01169
0.06	0.1	3.01543
0.06	0.11	3.01904
0.06	0.12	3.02472
0.06	0.13	3.03002
0.06	0.14	3.0383
0.06	0.15	3.04572
0.06	0.16	3.05707
0.06	0.17	3.06668
0.06	0.18	3.081
0.06	0.19	3.09213
0.06	0.2	3.10756
0.06	0.21	3.11635
0.06	0.22	3.12579
0.06	0.23	3.13122
0.06	0.24	3.13495
0.06	0.25	3.13505
0.06	0.26	3.13283
0.06	0.27	3.12751
0.06	0.28	3.12025
0.06	0.29	3.10935
0.06	0.3	3.09825
0.06	0.31	3.08155
0.06	0.32	3.06458
0.06	0.33	3.04522
0.06	0.34	3.02482
0.06	0.35	3.00178
0.06	0.36	2.97957
0.06	0.37	2.95568
0.06	0.38	2.932
0.06	0.39	2.90939
0.06	0.4	2.88649
0.06	0.41	2.86565
0.06	0.42	2.84586
0.06	0.43	2.82804
0.06	0.44	2.81221
0.06	0.45	2.79871
0.06	0.46	2.7877
0.06	0.47	2.77934
0.06	0.48	2.77395
0.06	0.49	2.7697
0.06	0.5	2.7697
0.06	0.51	2.77395
0.06	0.52	2.77934
0.06	0.53	2.7877
0.06	0.54	2.79871
0.06	0.55	2.81221
0.06	0.56	2.82804
0.06	0.57	2.84586
0.06	0.58	2.86565
0.06	0.59	2.88649
0.06	0.6	2.90939
0.06	0.61	2.932
0.06	0.62	2.95568
0.06	0.63	2.97957
0.06	0.64	3.00178
0.06	0.65	3.02482
0.06	0.66	3.04522
0.06	0.67	3.06458
0.06	0.68	3.08155
0.06	0.69	3.09825
0.06	0.7	3.10935
0.06	0.71	3.12025
0.06	0.72	3.12751
0.06	0.73	3.13283
0.06	0.74	3.13505
0.06	0.75	3.13495
0.06	0.76	3.13122
0.06	0.77	3.12579
0.06	0.78	3.11635
0.06	0.79	3.10756
0.06	0.8	3.09213
0.06	0.81	3.081
0.06	0.82	3.06668
0.06	0.83	3.05707
0.06	0.84	3.04572
0.06	0.85	3.0383
0.06	0.86	3.03002
0.06	0.87	3.02472
0.06	0.88	3.01904
0.06	0.89	3.01543
0.06	0.9	3.01169
0.06	0.91	3.00933
0.06	0.92	3.00695
0.06	0.93	3.00546
0.06	0.94	3.00398
0.06	0.95	3.00309
0.06	0.96	3.00213
0.06	0.97	3.0017
0.06	0.98	3.0017
0.06	0.99	3.0017


0.07	0	3.00392
0.07	0.01	3.00392
0.07	0.02	3.00392
0.07	0.03	3.00476
0.07	0.04	3.00681
0.07	0.05	3.00857
0.07	0.06	3.01156
0.07	0.07	3.01443
0.07	0.08	3.01908
0.07	0.09	3.02352
0.07	0.1	3.03065
0.07	0.11	3.03726
0.07	0.12	3.04779
0.07	0.13	3.05705
0.07	0.14	3.0717
0.07	0.15	3.08393
0.07	0.16	3.10259
0.07	0.17	3.11416
0.07	0.18	3.12846
0.07	0.19	3.13588
0.07	0.2	3.14433
0.07	0.21	3.1473
0.07	0.22	3.15021
0.07	0.23	3.14799
0.07	0.24	3.14699
0.07	0.25	3.13996
0.07	0.26	3.13591
0.07	0.27	3.12482
0.07	0.28	3.11442
0.07	0.29	3.09848
0.07	0.3	3.0848
0.07	0.31	3.06629
0.07	0.32	3.0471
0.07	0.33	3.02514
0.07	0.34	3.0036
0.07	0.35	2.97932
0.07	0.36	2.95528
0.07	0.37	2.93093
0.07	0.38	2.90636
0.07	0.39	2.88239
0.07	0.4	2.85962
0.07	0.41	2.8376
0.07	0.42	2.81747
0.07	0.43	2.79911
0.07	0.44	2.78294
0.07	0.45	2.76911
0.07	0.46	2.75777
0.07	0.47	2.74918
0.07	0.48	2.74357
0.07	0.49	2.73937
0.07	0.5	2.73937
0.07	0.51	2.74357
0.07	0.52	2.74918
0.07	0.53	2.75777
0.07	0.54	2.76911
0.07	0.55	2.78294
0.07	0.56	2.79911
0.07	0.57	2.81747
0.07	0.58	2.8376
0.07	0.59	2.85962
0.07	0.6	2.88239
0.07	0.61	2.90636
0.07	0.62	2.93093
0.07	0.63	2.95528
0.07	0.64	2.97932
0.07	0.65	3.0036
0.07	0.66	3.02514
0.07	0.67	3.0471
0.07	0.68	3.06629
0.07	0.69	3.0848
0.07	0.7	3.09848
0.07	0.71	3.11442
0.07	0.72	3.12482
0.07	0.73	3.13591
0.07	0.74	3.13996
0.07	0.75	3.14699
0.07	0.76	3.14799
0.07	0.77	3.15021
0.07	0.78	3.1473
0.07	0.79	3.14433
0.07	0.8	3.13588
0.07	0.81	3.12846
0.07	0.82	3.11416
0.07	0.83	3.10259
0.07	0.84	3.08393
0.07	0.85	3.0717
0.07	0.86	3.05705
0.07	0.87	3.04779
0.07	0.88	3.03726
0.07	0.89	3.03065
0.07	0.9	3.02352
0.07	0.91	3.01908
0.07	0.92	3.01443
0.07	0.93	3.01156
0.07	0.94	3.00857
0.07	0.95	3.00681
0.07	0.96	3.00476
0.07	0.97	3.00392
0.07	0.98	3.00392
0.07	0.99	3.00392


0.08	0	3.00859
0.08	0.01	3.00859
0.08	0.02	3.00859
0.08	0.03	3.01012
0.08	0.04	3.01432
0.08	0.05	3.01771
0.08	0.06	3.02361
0.08	0.07	3.02914
0.08	0.08	3.03814
0.08	0.09	3.04654
0.08	0.1	3.05996
0.08	0.11	3.07234
0.08	0.12	3.09184
0.08	0.13	3.10651
0.08	0.14	3.12496
0.08	0.15	3.13421
0.08	0.16	3.1455
0.08	0.17	3.15009
0.08	0.18	3.15673
0.08	0.19	3.15587
0.08	0.2	3.15871
0.08	0.21	3.15421
0.08	0.22	3.15497
0.08	0.23	3.1477
0.08	0.24	3.14421
0.08	0.25	3.13185
0.08	0.26	3.12433
0.08	0.27	3.11083
0.08	0.28	3.09956
0.08	0.29	3.08143
0.08	0.3	3.06584
0.08	0.31	3.04582
0.08	0.32	3.02651
0.08	0.33	3.00312
0.08	0.34	2.98085
0.08	0.35	2.95656
0.08	0.36	2.93209
0.08	0.37	2.90716
0.08	0.38	2.88287
0.08	0.39	2.85879
0.08	0.4	2.83589
0.08	0.41	2.81413
0.08	0.42	2.79395
0.08	0.43	2.77563
0.08	0.44	2.75948
0.08	0.45	2.74569
0.08	0.46	2.73445
0.08	0.47	2.72593
0.08	0.48	2.7203
0.08	0.49	2.71627
0.08	0.5	2.71627
0.08	0.51	2.7203
0.08	0.52	2.72593
0.08	0.53	2.73445
0.08	0.54	2.74569
0.08	0.55	2.75948
0.08	0.56	2.77563
0.08	0.57	2.79395
0.08	0.58	2.81413
0.08	0.59	2.83589
0.08	0.6	2.85879
0.08	0.61	2.88287
0.08	0.62	2.90716
0.08	0.63	2.93209
0.08	0.64	2.95656
0.08	0.65	2.98085
0.08	0.66	3.00312
0.08	0.67	3.02651
0.08	0.68	3.04582
0.08	0.69	3.06584
0.08	0.7	3.08143
0.08	0.71	3.09956
0.08	0.72	3.11083
0.08	0.73	3.12433
0.08	0.74	3.13185
0.08	0.75	3.14421
0.08	0.76	3.1477
0.08	0.77	3.15497
0.08	0.78	3.15421
0.08	0.79	3.15871
0.08	0.8	3.15587
0.08	0.81	3.15673
0.08	0.82	3.15009
0.08	0.83	3.1455
0.08	0.84	3.13421
0.08	0.85	3.12496
0.08	0.86	3.10651
0.08	0.87	3.09184
0.08	0.88	3.07234
0.08	0.89	3.05996
0.08	0.9	3.04654
0.08	0.91	3.03814
0.08	0.92	3.02914
0.08	0.93	3.02361
0.08	0.94	3.01771
0.08	0.95	3.01432
0.08	0.96	3.01012
0.08	0.97	3.00859
0.08	0.98	3.00859
0.08	0.99	3.00859


0.09	0	3.01808
0.09	0.01	3.01808
0.09	0.02	3.01808
0.09	0.03	3.02097
0.09	0.04	3.02951
0.09	0.05	3.03623
0.09	0.06	3.04801
0.09	0.07	3.05937
0.09	0.08	3.07777
0.09	0.09	3.09494
0.09	0.1	3.11757
0.09	0.11	3.12908
0.09	0.12	3.14263
0.09	0.13	3.14871
0.09	0.14	3.15793
0.09	0.15	3.15757
0.09	0.16	3.16272
0.09	0.17	3.15911
0.09	0.18	3.16292
0.09	0.19	3.15719
0.09	0.2	3.15797
0.09	0.21	3.14897
0.09	0.22	3.14507
0.09	0.23	3.13516
0.09	0.24	3.12992
0.09	0.25	3.11735
0.09	0.26	3.10753
0.09	0.27	3.09217
0.09	0.28	3.07986
0.09	0.29	3.06176
0.09	0.3	3.04513
0.09	0.31	3.0242
0.09	0.32	3.00482
0.09	0.33	2.98158
0.09	0.34	2.95895
0.09	0.35	2.93461
0.09	0.36	2.91066
0.09	0.37	2.88602
0.09	0.38	2.86208
0.09	0.39	2.83848
0.09	0.4	2.81605
0.09	0.41	2.79474
0.09	0.42	2.77513
0.09	0.43	2.75724
0.09	0.44	2.74161
0.09	0.45	2.72816
0.09	0.46	2.71718
0.09	0.47	2.70899
0.09	0.48	2.70339
0.09	0.49	2.69969
0.09	0.5	2.69969
0.09	0.51	2.70339
0.09	0.52	2.70899
0.09	0.53	2.71718
0.09	0.54	2.72816
0.09	0.55	2.74161
0.09	0.56	2.75724
0.09	0.57	2.77513
0.09	0.58	2.79474
0.09	0.59	2.81605
0.09	0.6	2.83848
0.09	0.61	2.86208
0.09	0.62	2.88602
0.09	0.63	2.91066
0.09	0.64	2.93461
0.09	0.65	2.95895
0.09	0.66	2.98158
0.09	0.67	3.00482
0.09	0.68	3.0242
0.09	0.69	3.04513
0.09	0.7	3.06176
0.09	0.71	3.07986
0.09	0.72	3.09217
0.09	0.73	3.10753
0.09	0.74	3.11735
0.09	0.75	3.12992
0.09	0.76	3.13516
0.09	0.77	3.14507
0.09	0.78	3.14897
0.09	0.79	3.15797
0.09	0.8	3.15719
0.09	0.81	3.16292
0.09	0.82	3.15911
0.09	0.83	3.16272
0.09	0.84	3.15757
0.09	0.85	3.15793
0.09	0.86	3.14871
0.09	0.87	3.14263
0.09	0.88	3.12908
0.09	0.89	3.11757
0.09	0.9	3.09494
0.09	0.91	3.07777
0.09	0.92	3.05937
0.09	0.93	3.04801
0.09	0.94	3.03623
0.09	0.95	3.02951
0.09	0.96	3.02097
0.09	0.97	3.01808
0.09	0.98	3.01808
0.09	0.99	3.01808


0.1	0	3.03787
0.1	0.01	3.03787
0.1	0.02	3.03787
0.1	0.03	3.04427
0.1	0.04	3.06274
0.1	0.05	3.07967
0.1	0.06	3.10579
0.1	0.07	3.12122
0.1	0.08	3.13789
0.1	0.09	3.14549
0.1	0.1	3.15644
0.1	0.11	3.15661
0.1	0.12	3.16352
0.1	0.13	3.1601
0.1	0.14	3.16568
0.1	0.15	3.16011
0.1	0.16	3.16363
0.1	0.17	3.15633
0.1	0.18	3.15465
0.1	0.19	3.14617
0.1	0.2	3.14416
0.1	0.21	3.13535
0.1	0.22	3.13033
0.1	0.23	3.11859
0.1	0.24	3.11147
0.1	0.25	3.09855
0.1	0.26	3.0886
0.1	0.27	3.0725
0.1	0.28	3.05925
0.1	0.29	3.04101
0.1	0.3	3.02456
0.1	0.31	3.00349
0.1	0.32	2.98394
0.1	0.33	2.96096
0.1	0.34	2.93892
0.1	0.35	2.91488
0.1	0.36	2.89158
0.1	0.37	2.86751
0.1	0.38	2.8443
0.1	0.39	2.82149
0.1	0.4	2.79992
0.1	0.41	2.77944
0.1	0.42	2.76053
0.1	0.43	2.74349
0.1	0.44	2.72842
0.1	0.45	2.71569
0.1	0.46	2.70514
0.1	0.47	2.6974
0.1	0.48	2.69194
0.1	0.49	2.68851
0.1	0.5	2.68851
0.1	0.51	2.69194
0.1	0.52	2.6974
0.1	0.53	2.70514
0.1	0.54	2.71569
0.1	0.55	2.72842
0.1	0.56	2.74349
0.1	0.57	2.76053
0.1	0.58	2.77944
0.1	0.59	2.79992
0.1	0.6	2.82149
0.1	0.61	2.8443
0.1	0.62	2.86751
0.1	0.63	2.89158
0.1	0.64	2.91488
0.1	0.65	2.93892
0.1	0.66	2.96096
0.1	0.67	2.98394
0.1	0.68	3.00349
0.1	0.69	3.02456
0.1	0.7	3.04101
0.1	0.71	3.05925
0.1	0.72	3.0725
0.1	0.73	3.0886
0.1	0.74	3.09855
0.1	0.75	3.11147
0.1	0.76	3.11859
0.1	0.77	3.13033
0.1	0.78	3.13535
0.1	0.79	3.14416
0.1	0.8	3.14617
0.1	0.81	3.15465
0.1	0.82	3.15633
0.1	0.83	3.16363
0.1	0.84	3.16011
0.1	0.85	3.16568
0.1	0.86	3.1601
0.1	0.87	3.16352
0.1	0.88	3.15661
0.1	0.89	3.15644
0.1	0.9	3.14549
0.1	0.91	3.13789
0.1	0.92	3.12122
0.1	0.93	3.10579
0.1	0.94	3.07967
0.1	0.95	3.06274
0.1	0.96	3.04427
0.1	0.97	3.03787
0.1	0.98	3.03787
0.1	0.99	3.03787


0.11	0	3.08863
0.11	0.01	3.08863
0.11	0.02	3.08863
0.11	0.03	3.10465
0.11	0.04	3.13368
0.11	0.05	3.13955
0.11	0.06	3.15313
0.11	0.07	3.15436
0.11	0.08	3.16354
0.11	0.09	3.15955
0.11	0.1	3.16605
0.11	0.11	3.16052
0.11	0.12	3.16573
0.11	0.13	3.1591
0.11	0.14	3.15936
0.11	0.15	3.1507
0.11	0.16	3.15052
0.11	0.17	3.14285
0.11	0.18	3.14093
0.11	0.19	3.13165
0.11	0.2	3.12724
0.11	0.21	3.11756
0.11	0.22	3.11198
0.11	0.23	3.10072
0.11	0.24	3.09239
0.11	0.25	3.07904
0.11	0.26	3.06866
0.11	0.27	3.053
0.11	0.28	3.03937
0.11	0.29	3.02112
0.11	0.3	3.00478
0.11	0.31	2.98413
0.11	0.32	2.96507
0.11	0.33	2.94254
0.11	0.34	2.921
0.11	0.35	2.89776
0.11	0.36	2.8751
0.11	0.37	2.85209
0.11	0.38	2.82957
0.11	0.39	2.80794
0.11	0.4	2.78706
0.11	0.41	2.76781
0.11	0.42	2.74962
0.11	0.43	2.73363
0.11	0.44	2.71922
0.11	0.45	2.70728
0.11	0.46	2.69716
0.11	0.47	2.69001
0.11	0.48	2.68477
0.11	0.49	2.6817
0.11	0.5	2.6817
0.11	0.51	2.68477
0.11	0.52	2.69001
0.11	0.53	2.69716
0.11	0.54	2.70728
0.11	0.55	2.71922
0.11	0.56	2.73363
0.11	0.57	2.74962
0.11	0.58	2.76781
0.11	0.59	2.78706
0.11	0.6	2.80794
0.11	0.61	2.82957
0.11	0.62	2.85209
0.11	0.63	2.8751
0.11	0.64	2.89776
0.11	0.65	2.921
0.11	0.66	2.94254
0.11	0.67	2.96507
0.11	0.68	2.98413
0.11	0.69	3.00478
0.11	0.7	3.02112
0.11	0.71	3.03937
0.11	0.72	3.053
0.11	0.73	3.06866
0.11	0.74	3.07904
0.11	0.75	3.09239
0.11	0.76	3.10072
0.11	0.77	3.11198
0.11	0.78	3.11756
0.11	0.79	3.12724
0.11	0.8	3.13165
0.11	0.81	3.14093
0.11	0.82	3.14285
0.11	0.83	3.15052
0.11	0.84	3.1507
0.11	0.85	3.15936
0.11	0.86	3.1591
0.11	0.87	3.16573
0.11	0.88	3.16052
0.11	0.89	3.16605
0.11	0.9	3.15955
0.11	0.91	3.16354
0.11	0.92	3.15436
0.11	0.93	3.15313
0.11	0.94	3.13955
0.11	0.95	3.13368
0.11	0.96	3.10465
0.11	0.97	3.08863
0.11	0.98	3.08863
0.11	0.99	3.08863


0.12	0	3.15945
0.12	0.01	3.15945
0.12	0.02	3.15945
0.12	0.03	3.13961
0.12	0.04	3.16436
0.12	0.05	3.1566
0.12	0.06	3.16706
0.12	0.07	3.15977
0.12	0.08	3.16618
0.12	0.09	3.15962
0.12	0.1	3.16216
0.12	0.11	3.15288
0.12	0.12	3.15349
0.12	0.13	3.1459
0.12	0.14	3.14568
0.12	0.15	3.13774
0.12	0.16	3.13501
0.12	0.17	3.12633
0.12	0.18	3.12321
0.12	0.19	3.11445
0.12	0.2	3.10959
0.12	0.21	3.09948
0.12	0.22	3.09307
0.12	0.23	3.08188
0.12	0.24	3.07353
0.12	0.25	3.0602
0.12	0.26	3.0496
0.12	0.27	3.03412
0.12	0.28	3.02082
0.12	0.29	3.00302
0.12	0.3	2.98695
0.12	0.31	2.9669
0.12	0.32	2.94828
0.12	0.33	2.92663
0.12	0.34	2.90566
0.12	0.35	2.88351
0.12	0.36	2.86148
0.12	0.37	2.8397
0.12	0.38	2.81786
0.12	0.39	2.79754
0.12	0.4	2.77731
0.12	0.41	2.75934
0.12	0.42	2.74175
0.12	0.43	2.72691
0.12	0.44	2.71302
0.12	0.45	2.70202
0.12	0.46	2.69234
0.12	0.47	2.68577
0.12	0.48	2.68068
0.12	0.49	2.67788
0.12	0.5	2.67788
0.12	0.51	2.68068
0.12	0.52	2.68577
0.12	0.53	2.69234
0.12	0.54	2.70202
0.12	0.55	2.71302
0.12	0.56	2.72691
0.12	0.57	2.74175
0.12	0.58	2.75934
0.12	0.59	2.77731
0.12	0.6	2.79754
0.12	0.61	2.81786
0.12	0.62	2.8397
0.12	0.63	2.86148
0.12	0.64	2.88351
0.12	0.65	2.90566
0.12	0.66	2.92663
0.12	0.67	2.94828
0.12	0.68	2.9669
0.12	0.69	2.98695
0.12	0.7	3.00302
0.12	0.71	3.02082
0.12	0.72	3.03412
0.12	0.73	3.0496
0.12	0.74	3.0602
0.12	0.75	3.07353
0.12	0.76	3.08188
0.12	0.77	3.09307
0.12	0.78	3.09948
0.12	0.79	3.10959
0.12	0.8	3.11445
0.12	0.81	3.12321
0.12	0.82	3.12633
0.12	0.83	3.13501
0.12	0.84	3.13774
0.12	0.85	3.14568
0.12	0.86	3.1459
0.12	0.87	3.15349
0.12	0.88	3.15288
0.12	0.89	3.16216
0.12	0.9	3.15962
0.12	0.91	3.16618
0.12	0.92	3.15977
0.12	0.93	3.16706
0.12	0.94	3.1566
0.12	0.95	3.16436
0.12	0.96	3.13961
0.12	0.97	3.15945
0.12	0.98	3.15945
0.12	0.99	3.15945


0.13	0	3.17696
0.13	0.01	3.17696
0.13	0.02	3.17696
0.13	0.03	3.14636
0.13	0.04	3.16962
0.13	0.05	3.15745
0.13	0.06	3.16447
0.13	0.07	3.15491
0.13	0.08	3.15579
0.13	0.09	3.14751
0.13	0.1	3.14819
0.13	0.11	3.14031
0.13	0.12	3.13917
0.13	0.13	3.13076
0.13	0.14	3.12887
0.13	0.15	3.12086
0.13	0.16	3.11801
0.13	0.17	3.10962
0.13	0.18	3.10539
0.13	0.19	3.09646
0.13	0.2	3.0913
0.13	0.21	3.08161
0.13	0.22	3.07485
0.13	0.23	3.06378
0.13	0.24	3.05545
0.13	0.25	3.04262
0.13	0.26	3.03205
0.13	0.27	3.01709
0.13	0.28	3.00409
0.13	0.29	2.98697
0.13	0.3	2.97127
0.13	0.31	2.95213
0.13	0.32	2.93401
0.13	0.33	2.91344
0.13	0.34	2.89306
0.13	0.35	2.87213
0.13	0.36	2.85071
0.13	0.37	2.83023
0.13	0.38	2.80901
0.13	0.39	2.79
0.13	0.4	2.77033
0.13	0.41	2.75357
0.13	0.42	2.73647
0.13	0.43	2.7227
0.13	0.44	2.70917
0.13	0.45	2.69894
0.13	0.46	2.68956
0.13	0.47	2.68346
0.13	0.48	2.67857
0.13	0.49	2.676
0.13	0.5	2.676
0.13	0.51	2.67857
0.13	0.52	2.68346
0.13	0.53	2.68956
0.13	0.54	2.69894
0.13	0.55	2.70917
0.13	0.56	2.7227
0.13	0.57	2.73647
0.13	0.58	2.75357
0.13	0.59	2.77033
0.13	0.6	2.79
0.13	0.61	2.80901
0.13	0.62	2.83023
0.13	0.63	2.85071
0.13	0.64	2.87213
0.13	0.65	2.89306
0.13	0.66	2.91344
0.13	0.67	2.93401
0.13	0.68	2.95213
0.13	0.69	2.97127
0.13	0.7	2.98697
0.13	0.71	3.00409
0.13	0.72	3.01709
0.13	0.73	3.03205
0.13	0.74	3.04262
0.13	0.75	3.05545
0.13	0.76	3.06378
0.13	0.77	3.07485
0.13	0.78	3.08161
0.13	0.79	3.0913
0.13	0.8	3.09646
0.13	0.81	3.10539
0.13	0.82	3.10962
0.13	0.83	3.11801
0.13	0.84	3.12086
0.13	0.85	3.12887
0.13	0.86	3.13076
0.13	0.87	3.13917
0.13	0.88	3.14031
0.13	0.89	3.14819
0.13	0.9	3.14751
0.13	0.91	3.15579
0.13	0.92	3.15491
0.13	0.93	3.16447
0.13	0.94	3.15745
0.13	0.95	3.16962
0.13	0.96	3.14636
0.13	0.97	3.17696
0.13	0.98	3.17696
0.13	0.99	3.17696


0.14	0	3.17363
0.14	0.01	3.17363
0.14	0.02	3.17363
0.14	0.03	3.14471
0.14	0.04	3.16057
0.14	0.05	3.14638
0.14	0.06	3.15127
0.14	0.07	3.1418
0.14	0.08	3.14279
0.14	0.09	3.13377
0.14	0.1	3.13289
0.14	0.11	3.12445
0.14	0.12	3.12273
0.14	0.13	3.11472
0.14	0.14	3.11184
0.14	0.15	3.10384
0.14	0.16	3.10047
0.14	0.17	3.09226
0.14	0.18	3.08786
0.14	0.19	3.07918
0.14	0.2	3.07388
0.14	0.21	3.06446
0.14	0.22	3.05772
0.14	0.23	3.04713
0.14	0.24	3.03897
0.14	0.25	3.0267
0.14	0.26	3.01634
0.14	0.27	3.00211
0.14	0.28	2.9895
0.14	0.29	2.97328
0.14	0.3	2.95802
0.14	0.31	2.93997
0.14	0.32	2.92236
0.14	0.33	2.90299
0.14	0.34	2.88317
0.14	0.35	2.86352
0.14	0.36	2.84264
0.14	0.37	2.82344
0.14	0.38	2.80275
0.14	0.39	2.78494
0.14	0.4	2.76568
0.14	0.41	2.74997
0.14	0.42	2.7332
0.14	0.43	2.72024
0.14	0.44	2.70697
0.14	0.45	2.69733
0.14	0.46	2.6881
0.14	0.47	2.68234
0.14	0.48	2.67751
0.14	0.49	2.67508
0.14	0.5	2.67508
0.14	0.51	2.67751
0.14	0.52	2.68234
0.14	0.53	2.6881
0.14	0.54	2.69733
0.14	0.55	2.70697
0.14	0.56	2.72024
0.14	0.57	2.7332
0.14	0.58	2.74997
0.14	0.59	2.76568
0.14	0.6	2.78494
0.14	0.61	2.80275
0.14	0.62	2.82344
0.14	0.63	2.84264
0.14	0.64	2.86352
0.14	0.65	2.88317
0.14	0.66	2.90299
0.14	0.67	2.92236
0.14	0.68	2.93997
0.14	0.69	2.95802
0.14	0.7	2.97328
0.14	0.71	2.9895
0.14	0.72	3.00211
0.14	0.73	3.01634
0.14	0.74	3.0267
0.14	0.75	3.03897
0.14	0.76	3.04713
0.14	0.77	3.05772
0.14	0.78	3.06446
0.14	0.79	3.07388
0.14	0.8	3.07918
0.14	0.81	3.08786
0.14	0.82	3.09226
0.14	0.83	3.10047
0.14	0.84	3.10384
0.14	0.85	3.11184
0.14	0.86	3.11472
0.14	0.87	3.12273
0.14	0.88	3.12445
0.14	0.89	3.13289
0.14	0.9	3.13377
0.14	0.91	3.14279
0.14	0.92	3.1418
0.14	0.93	3.15127
0.14	0.94	3.14638
0.14	0.95	3.16057
0.14	0.96	3.14471
0.14	0.97	3.17363
0.14	0.98	3.17363
0.14	0.99	3.17363


0.15	0	3.1567
0.15	0.01	3.1567
0.15	0.02	3.1567
0.15	0.03	3.13554
0.15	0.04	3.14707
0.15	0.05	3.13439
0.15	0.06	3.13672
0.15	0.07	3.12675
0.15	0.08	3.12689
0.15	0.09	3.11805
0.15	0.1	3.11686
0.15	0.11	3.1085
0.15	0.12	3.10632
0.15	0.13	3.09823
0.15	0.14	3.09515
0.15	0.15	3.08718
0.15	0.16	3.08344
0.15	0.17	3.07553
0.15	0.18	3.07119
0.15	0.19	3.0629
0.15	0.2	3.05769
0.15	0.21	3.04878
0.15	0.22	3.04219
0.15	0.23	3.03218
0.15	0.24	3.02427
0.15	0.25	3.01277
0.15	0.26	3.00275
0.15	0.27	2.98943
0.15	0.28	2.97724
0.15	0.29	2.96207
0.15	0.3	2.94729
0.15	0.31	2.93042
0.15	0.32	2.91331
0.15	0.33	2.89516
0.15	0.34	2.87586
0.15	0.35	2.85745
0.15	0.36	2.83702
0.15	0.37	2.81896
0.15	0.38	2.79866
0.15	0.39	2.78182
0.15	0.4	2.76286
0.15	0.41	2.74793
0.15	0.42	2.73136
0.15	0.43	2.71898
0.15	0.44	2.70583
0.15	0.45	2.69654
0.15	0.46	2.68738
0.15	0.47	2.68176
0.15	0.48	2.67698
0.15	0.49	2.67459
0.15	0.5	2.67459
0.15	0.51	2.67698
0.15	0.52	2.68176
0.15	0.53	2.68738
0.15	0.54	2.69654
0.15	0.55	2.70583
0.15	0.56	2.71898
0.15	0.57	2.73136
0.15	0.58	2.74793
0.15	0.59	2.76286
0.15	0.6	2.78182
0.15	0.61	2.79866
0.15	0.62	2.81896
0.15	0.63	2.83702
0.15	0.64	2.85745
0.15	0.65	2.87586
0.15	0.66	2.89516
0.15	0.67	2.91331
0.15	0.68	2.93042
0.15	0.69	2.94729
0.15	0.7	2.96207
0.15	0.71	2.97724
0.15	0.72	2.98943
0.15	0.73	3.00275
0.15	0.74	3.01277
0.15	0.75	3.02427
0.15	0.76	3.03218
0.15	0.77	3.04219
0.15	0.78	3.04878
0.15	0.79	3.05769
0.15	0.8	3.0629
0.15	0.81	3.07119
0.15	0.82	3.07553
0.15	0.83	3.08344
0.15	0.84	3.08718
0.15	0.85	3.09515
0.15	0.86	3.09823
0.15	0.87	3.10632
0.15	0.88	3.1085
0.15	0.89	3.11686
0.15	0.9	3.11805
0.15	0.91	3.12689
0.15	0.92	3.12675
0.15	0.93	3.13672
0.15	0.94	3.13439
0.15	0.95	3.14707
0.15	0.96	3.13554
0.15	0.97	3.1567
0.15	0.98	3.1567
0.15	0.99	3.1567


0.16	0	3.13904
0.16	0.01	3.13904
0.16	0.02	3.13904
0.16	0.03	3.12421
0.16	0.04	3.12975
0.16	0.05	3.12068
0.16	0.06	3.12057
0.16	0.07	3.11249
0.16	0.08	3.11084
0.16	0.09	3.10262
0.16	0.1	3.10041
0.16	0.11	3.09245
0.16	0.12	3.08993
0.16	0.13	3.08221
0.16	0.14	3.07918
0.16	0.15	3.0716
0.16	0.16	3.0679
0.16	0.17	3.06024
0.16	0.18	3.05576
0.16	0.19	3.04801
0.16	0.2	3.04293
0.16	0.21	3.03474
0.16	0.22	3.02845
0.16	0.23	3.01923
0.16	0.24	3.01162
0.16	0.25	3.00103
0.16	0.26	2.99144
0.16	0.27	2.97916
0.16	0.28	2.96737
0.16	0.29	2.95334
0.16	0.3	2.93906
0.16	0.31	2.92338
0.16	0.32	2.9067
0.16	0.33	2.88973
0.16	0.34	2.87085
0.16	0.35	2.85351
0.16	0.36	2.83342
0.16	0.37	2.81626
0.16	0.38	2.79623
0.16	0.39	2.78009
0.16	0.4	2.76131
0.16	0.41	2.74688
0.16	0.42	2.73043
0.16	0.43	2.71834
0.16	0.44	2.70525
0.16	0.45	2.69612
0.16	0.46	2.687
0.16	0.47	2.68146
0.16	0.48	2.6767
0.16	0.49	2.67434
0.16	0.5	2.67434
0.16	0.51	2.6767
0.16	0.52	2.68146
0.16	0.53	2.687
0.16	0.54	2.69612
0.16	0.55	2.70525
0.16	0.56	2.71834
0.16	0.57	2.73043
0.16	0.58	2.74688
0.16	0.59	2.76131
0.16	0.6	2.78009
0.16	0.61	2.79623
0.16	0.62	2.81626
0.16	0.63	2.83342
0.16	0.64	2.85351
0.16	0.65	2.87085
0.16	0.66	2.88973
0.16	0.67	2.9067
0.16	0.68	2.92338
0.16	0.69	2.93906
0.16	0.7	2.95334
0.16	0.71	2.96737
0.16	0.72	2.97916
0.16	0.73	2.99144
0.16	0.74	3.00103
0.16	0.75	3.01162
0.16	0.76	3.01923
0.16	0.77	3.02845
0.16	0.78	3.03474
0.16	0.79	3.04293
0.16	0.8	3.04801
0.16	0.81	3.05576
0.16	0.82	3.06024
0.16	0.83	3.0679
0.16	0.84	3.0716
0.16	0.85	3.07918
0.16	0.86	3.08221
0.16	0.87	3.08993
0.16	0.88	3.09245
0.16	0.89	3.10041
0.16	0.9	3.10262
0.16	0.91	3.11084
0.16	0.92	3.11249
0.16	0.93	3.12057
0.16	0.94	3.12068
0.16	0.95	3.12975
0.16	0.96	3.12421
0.16	0.97	3.13904
0.16	0.98	3.13904
0.16	0.99	3.13904


0.17	0	3.12048
0.17	0.01	3.12048
0.17	0.02	3.12048
0.17	0.03	3.11189
0.17	0.04	3.11289
0.17	0.05	3.10601
0.17	0.06	3.10392
0.17	0.07	3.09729
0.17	0.08	3.09472
0.17	0.09	3.08762
0.17	0.1	3.08471
0.17	0.11	3.07744
0.17	0.12	3.07449
0.17	0.13	3.06727
0.17	0.14	3.06403
0.17	0.15	3.05704
0.17	0.16	3.05348
0.17	0.17	3.04655
0.17	0.18	3.04231
0.17	0.19	3.03506
0.17	0.2	3.03016
0.17	0.21	3.02261
0.17	0.22	3.01662
0.17	0.23	3.00835
0.17	0.24	3.00106
0.17	0.25	2.99155
0.17	0.26	2.98246
0.17	0.27	2.97129
0.17	0.28	2.95988
0.17	0.29	2.947
0.17	0.3	2.93315
0.17	0.31	2.91859
0.17	0.32	2.90224
0.17	0.33	2.88627
0.17	0.34	2.8677
0.17	0.35	2.8512
0.17	0.36	2.83133
0.17	0.37	2.8148
0.17	0.38	2.79492
0.17	0.39	2.77921
0.17	0.4	2.76052
0.17	0.41	2.74634
0.17	0.42	2.72994
0.17	0.43	2.718
0.17	0.44	2.70494
0.17	0.45	2.69589
0.17	0.46	2.6868
0.17	0.47	2.6813
0.17	0.48	2.67654
0.17	0.49	2.6742
0.17	0.5	2.6742
0.17	0.51	2.67654
0.17	0.52	2.6813
0.17	0.53	2.6868
0.17	0.54	2.69589
0.17	0.55	2.70494
0.17	0.56	2.718
0.17	0.57	2.72994
0.17	0.58	2.74634
0.17	0.59	2.76052
0.17	0.6	2.77921
0.17	0.61	2.79492
0.17	0.62	2.8148
0.17	0.63	2.83133
0.17	0.64	2.8512
0.17	0.65	2.8677
0.17	0.66	2.88627
0.17	0.67	2.90224
0.17	0.68	2.91859
0.17	0.69	2.93315
0.17	0.7	2.947
0.17	0.71	2.95988
0.17	0.72	2.97129
0.17	0.73	2.98246
0.17	0.74	2.99155
0.17	0.75	3.00106
0.17	0.76	3.00835
0.17	0.77	3.01662
0.17	0.78	3.02261
0.17	0.79	3.03016
0.17	0.8	3.03506
0.17	0.81	3.04231
0.17	0.82	3.04655
0.17	0.83	3.05348
0.17	0.84	3.05704
0.17	0.85	3.06403
0.17	0.86	3.06727
0.17	0.87	3.07449
0.17	0.88	3.07744
0.17	0.89	3.08471
0.17	0.9	3.08762
0.17	0.91	3.09472
0.17	0.92	3.09729
0.17	0.93	3.10392
0.17	0.94	3.10601
0.17	0.95	3.11289
0.17	0.96	3.11189
0.17	0.97	3.12048
0.17	0.98	3.12048
0.17	0.99	3.12048


0.18	0	3.10259
0.18	0.01	3.10259
0.18	0.02	3.10259
0.18	0.03	3.0989
0.18	0.04	3.09614
0.18	0.05	3.09135
0.18	0.06	3.08765
0.18	0.07	3.08216
0.18	0.08	3.07894
0.18	0.09	3.07277
0.18	0.1	3.06975
0.18	0.11	3.0633
0.18	0.12	3.06039
0.18	0.13	3.05374
0.18	0.14	3.05054
0.18	0.15	3.04402
0.18	0.16	3.04054
0.18	0.17	3.03431
0.18	0.18	3.03033
0.18	0.19	3.02406
0.18	0.2	3.01946
0.18	0.21	3.01279
0.18	0.22	3.00724
0.18	0.23	2.99982
0.18	0.24	2.99281
0.18	0.25	2.98431
0.18	0.26	2.97564
0.18	0.27	2.96562
0.18	0.28	2.95453
0.18	0.29	2.94274
0.18	0.3	2.92927
0.18	0.31	2.91563
0.18	0.32	2.89951
0.18	0.33	2.8843
0.18	0.34	2.86593
0.18	0.35	2.84997
0.18	0.36	2.83022
0.18	0.37	2.81406
0.18	0.38	2.79425
0.18	0.39	2.77876
0.18	0.4	2.76012
0.18	0.41	2.74606
0.18	0.42	2.72969
0.18	0.43	2.71782
0.18	0.44	2.70478
0.18	0.45	2.69577
0.18	0.46	2.68668
0.18	0.47	2.68119
0.18	0.48	2.67645
0.18	0.49	2.67411
0.18	0.5	2.67411
0.18	0.51	2.67645
0.18	0.52	2.68119
0.18	0.53	2.68668
0.18	0.54	2.69577
0.18	0.55	2.70478
0.18	0.56	2.71782
0.18	0.57	2.72969
0.18	0.58	2.74606
0.18	0.59	2.76012
0.18	0.6	2.77876
0.18	0.61	2.79425
0.18	0.62	2.81406
0.18	0.63	2.83022
0.18	0.64	2.84997
0.18	0.65	2.86593
0.18	0.66	2.8843
0.18	0.67	2.89951
0.18	0.68	2.91563
0.18	0.69	2.92927
0.18	0.7	2.94274
0.18	0.71	2.95453
0.18	0.72	2.96562
0.18	0.73	2.97564
0.18	0.74	2.98431
0.18	0.75	2.99281
0.18	0.76	2.99982
0.18	0.77	3.00724
0.18	0.78	3.01279
0.18	0.79	3.01946
0.18	0.8	3.02406
0.18	0.81	3.03033
0.18	0.82	3.03431
0.18	0.83	3.04054
0.18	0.84	3.04402
0.18	0.85	3.05054
0.18	0.86	3.05374
0.18	0.87	3.06039
0.18	0.88	3.0633
0.18	0.89	3.06975
0.18	0.9	3.07277
0.18	0.91	3.07894
0.18	0.92	3.08216
0.18	0.93	3.08765
0.18	0.94	3.09135
0.18	0.95	3.09614
0.18	0.96	3.0989
0.18	0.97	3.10259
0.18	0.98	3.10259
0.18	0.99	3.10259


0.19	0	3.0854
0.19	0.01	3.0854
0.19	0.02	3.0854
0.19	0.03	3.08616
0.19	0.04	3.08011
0.19	0.05	3.07725
0.19	0.06	3.07228
0.19	0.07	3.06778
0.19	0.08	3.06413
0.19	0.09	3.05863
0.19	0.1	3.05566
0.19	0.11	3.04989
0.19	0.12	3.0472
0.19	0.13	3.04144
0.19	0.14	3.03858
0.19	0.15	3.03285
0.19	0.16	3.0296
0.19	0.17	3.02406
0.19	0.18	3.0204
0.19	0.19	3.01498
0.19	0.2	3.01064
0.19	0.21	3.00504
0.19	0.22	2.99992
0.19	0.23	2.9936
0.19	0.24	2.98694
0.19	0.25	2.97939
0.19	0.26	2.97108
0.19	0.27	2.96192
0.19	0.28	2.95104
0.19	0.29	2.9401
0.19	0.3	2.92687
0.19	0.31	2.91394
0.19	0.32	2.89798
0.19	0.33	2.88327
0.19	0.34	2.86503
0.19	0.35	2.84936
0.19	0.36	2.82966
0.19	0.37	2.81367
0.19	0.38	2.79391
0.19	0.39	2.77852
0.19	0.4	2.7599
0.19	0.41	2.74591
0.19	0.42	2.72954
0.19	0.43	2.7177
0.19	0.44	2.70468
0.19	0.45	2.69568
0.19	0.46	2.68659
0.19	0.47	2.68112
0.19	0.48	2.67638
0.19	0.49	2.67405
0.19	0.5	2.67405
0.19	0.51	2.67638
0.19	0.52	2.68112
0.19	0.53	2.68659
0.19	0.54	2.69568
0.19	0.55	2.70468
0.19	0.56	2.7177
0.19	0.57	2.72954
0.19	0.58	2.74591
0.19	0.59	2.7599
0.19	0.6	2.77852
0.19	0.61	2.79391
0.19	0.62	2.81367
0.19	0.63	2.82966
0.19	0.64	2.84936
0.19	0.65	2.86503
0.19	0.66	2.88327
0.19	0.67	2.89798
0.19	0.68	2.91394
0.19	0.69	2.92687
0.19	0.7	2.9401
0.19	0.71	2.95104
0.19	0.72	2.96192
0.19	0.73	2.97108
0.19	0.74	2.97939
0.19	0.75	2.98694
0.19	0.76	2.9936
0.19	0.77	2.99992
0.19	0.78	3.00504
0.19	0.79	3.01064
0.19	0.8	3.01498
0.19	0.81	3.0204
0.19	0.82	3.02406
0.19	0.83	3.0296
0.19	0.84	3.03285
0.19	0.85	3.03858
0.19	0.86	3.04144
0.19	0.87	3.0472
0.19	0.88	3.04989
0.19	0.89	3.05566
0.19	0.9	3.05863
0.19	0.91	3.06413
0.19	0.92	3.06778
0.19	0.93	3.07228
0.19	0.94	3.07725
0.19	0.95	3.08011
0.19	0.96	3.08616
0.19	0.97	3.0854
0.19	0.98	3.0854
0.19	0.99	3.0854


0.2	0	3.06914
0.2	0.01	3.06914
0.2	0.02	3.06914
0.2	0.03	3.07392
0.2	0.04	3.06512
0.2	0.05	3.06406
0.2	0.06	3.05808
0.2	0.07	3.05451
0.2	0.08	3.05056
0.2	0.09	3.04575
0.2	0.1	3.04284
0.2	0.11	3.03777
0.2	0.12	3.03523
0.2	0.13	3.03035
0.2	0.14	3.02783
0.2	0.15	3.02321
0.2	0.16	3.02031
0.2	0.17	3.01583
0.2	0.18	3.01263
0.2	0.19	3.00814
0.2	0.2	3.0041
0.2	0.21	2.9994
0.2	0.22	2.99461
0.2	0.23	2.9893
0.2	0.24	2.98291
0.2	0.25	2.97634
0.2	0.26	2.9683
0.2	0.27	2.95989
0.2	0.28	2.9492
0.2	0.29	2.93875
0.2	0.3	2.92561
0.2	0.31	2.91302
0.2	0.32	2.89712
0.2	0.33	2.8827
0.2	0.34	2.86451
0.2	0.35	2.84902
0.2	0.36	2.82937
0.2	0.37	2.8135
0.2	0.38	2.79374
0.2	0.39	2.77839
0.2	0.4	2.75977
0.2	0.41	2.74582
0.2	0.42	2.72945
0.2	0.43	2.71763
0.2	0.44	2.70461
0.2	0.45	2.69562
0.2	0.46	2.68654
0.2	0.47	2.68107
0.2	0.48	2.67633
0.2	0.49	2.67399
0.2	0.5	2.67399
0.2	0.51	2.67633
0.2	0.52	2.68107
0.2	0.53	2.68654
0.2	0.54	2.69562
0.2	0.55	2.70461
0.2	0.56	2.71763
0.2	0.57	2.72945
0.2	0.58	2.74582
0.2	0.59	2.75977
0.2	0.6	2.77839
0.2	0.61	2.79374
0.2	0.62	2.8135
0.2	0.63	2.82937
0.2	0.64	2.84902
0.2	0.65	2.86451
0.2	0.66	2.8827
0.2	0.67	2.89712
0.2	0.68	2.91302
0.2	0.69	2.92561
0.2	0.7	2.93875
0.2	0.71	2.9492
0.2	0.72	2.95989
0.2	0.73	2.9683
0.2	0.74	2.97634
0.2	0.75	2.98291
0.2	0.76	2.9893
0.2	0.77	2.99461
0.2	0.78	2.9994
0.2	0.79	3.0041
0.2	0.8	3.00814
0.2	0.81	3.01263
0.2	0.82	3.01583
0.2	0.83	3.02031
0.2	0.84	3.02321
0.2	0.85	3.02783
0.2	0.86	3.03035
0.2	0.87	3.03523
0.2	0.88	3.03777
0.2	0.89	3.04284
0.2	0.9	3.04575
0.2	0.91	3.05056
0.2	0.92	3.05451
0.2	0.93	3.05808
0.2	0.94	3.06406
0.2	0.95	3.06512
0.2	0.96	3.07392
0.2	0.97	3.06914
0.2	0.98	3.06914
0.2	0.99	3.06914


0.21	0	3.05405
0.21	0.01	3.05405
0.21	0.02	3.05405
0.21	0.03	3.06242
0.21	0.04	3.05133
0.21	0.05	3.05195
0.21	0.06	3.04517
0.21	0.07	3.04252
0.21	0.08	3.03847
0.21	0.09	3.03436
0.21	0.1	3.0316
0.21	0.11	3.02731
0.21	0.12	3.02494
0.21	0.13	3.02091
0.21	0.14	3.01871
0.21	0.15	3.01512
0.21	0.16	3.01254
0.21	0.17	3.00925
0.21	0.18	3.00647
0.21	0.19	3.00317
0.21	0.2	2.99953
0.21	0.21	2.99581
0.21	0.22	2.99132
0.21	0.23	2.98676
0.21	0.24	2.98057
0.21	0.25	2.97465
0.21	0.26	2.96671
0.21	0.27	2.95882
0.21	0.28	2.94828
0.21	0.29	2.93826
0.21	0.3	2.92509
0.21	0.31	2.91263
0.21	0.32	2.89684
0.21	0.33	2.88244
0.21	0.34	2.86421
0.21	0.35	2.84876
0.21	0.36	2.82919
0.21	0.37	2.81335
0.21	0.38	2.79362
0.21	0.39	2.77831
0.21	0.4	2.75973
0.21	0.41	2.74576
0.21	0.42	2.7294
0.21	0.43	2.71758
0.21	0.44	2.70456
0.21	0.45	2.69558
0.21	0.46	2.68649
0.21	0.47	2.68103
0.21	0.48	2.67628
0.21	0.49	2.67395
0.21	0.5	2.67395
0.21	0.51	2.67628
0.21	0.52	2.68103
0.21	0.53	2.68649
0.21	0.54	2.69558
0.21	0.55	2.70456
0.21	0.56	2.71758
0.21	0.57	2.7294
0.21	0.58	2.74576
0.21	0.59	2.75973
0.21	0.6	2.77831
0.21	0.61	2.79362
0.21	0.62	2.81335
0.21	0.63	2.82919
0.21	0.64	2.84876
0.21	0.65	2.86421
0.21	0.66	2.88244
0.21	0.67	2.89684
0.21	0.68	2.91263
0.21	0.69	2.92509
0.21	0.7	2.93826
0.21	0.71	2.94828
0.21	0.72	2.95882
0.21	0.73	2.96671
0.21	0.74	2.97465
0.21	0.75	2.98057
0.21	0.76	2.98676
0.21	0.77	2.99132
0.21	0.78	2.99581
0.21	0.79	2.99953
0.21	0.8	3.00317
0.21	0.81	3.00647
0.21	0.82	3.00925
0.21	0.83	3.01254
0.21	0.84	3.01512
0.21	0.85	3.01871
0.21	0.86	3.02091
0.21	0.87	3.02494
0.21	0.88	3.02731
0.21	0.89	3.0316
0.21	0.9	3.03436
0.21	0.91	3.03847
0.21	0.92	3.04252
0.21	0.93	3.04517
0.21	0.94	3.05195
0.21	0.95	3.05133
0.21	0.96	3.06242
0.21	0.97	3.05405
0.21	0.98	3.05405
0.21	0.99	3.05405


0.22	0	3.04018
0.22	0.01	3.04018
0.22	0.02	3.04018
0.22	0.03	3.05186
0.22	0.04	3.03884
0.22	0.05	3.04105
0.22	0.06	3.03372
0.22	0.07	3.03203
0.22	0.08	3.02795
0.22	0.09	3.02463
0.22	0.1	3.02209
0.22	0.11	3.01866
0.22	0.12	3.01652
0.22	0.13	3.01338
0.22	0.14	3.0115
0.22	0.15	3.00885
0.22	0.16	3.00658
0.22	0.17	3.00431
0.22	0.18	3.00182
0.22	0.19	2.99958
0.22	0.2	2.99627
0.22	0.21	2.99362
0.22	0.22	2.98927
0.22	0.23	2.9854
0.22	0.24	2.97946
0.22	0.25	2.97405
0.22	0.26	2.96607
0.22	0.27	2.9583
0.22	0.28	2.94801
0.22	0.29	2.93796
0.22	0.3	2.9249
0.22	0.31	2.91258
0.22	0.32	2.89681
0.22	0.33	2.88241
0.22	0.34	2.86419
0.22	0.35	2.84873
0.22	0.36	2.82909
0.22	0.37	2.81322
0.22	0.38	2.7935
0.22	0.39	2.77822
0.22	0.4	2.75965
0.22	0.41	2.74571
0.22	0.42	2.72937
0.22	0.43	2.71756
0.22	0.44	2.70454
0.22	0.45	2.69554
0.22	0.46	2.68645
0.22	0.47	2.68099
0.22	0.48	2.67625
0.22	0.49	2.67392
0.22	0.5	2.67392
0.22	0.51	2.67625
0.22	0.52	2.68099
0.22	0.53	2.68645
0.22	0.54	2.69554
0.22	0.55	2.70454
0.22	0.56	2.71756
0.22	0.57	2.72937
0.22	0.58	2.74571
0.22	0.59	2.75965
0.22	0.6	2.77822
0.22	0.61	2.7935
0.22	0.62	2.81322
0.22	0.63	2.82909
0.22	0.64	2.84873
0.22	0.65	2.86419
0.22	0.66	2.88241
0.22	0.67	2.89681
0.22	0.68	2.91258
0.22	0.69	2.9249
0.22	0.7	2.93796
0.22	0.71	2.94801
0.22	0.72	2.9583
0.22	0.73	2.96607
0.22	0.74	2.97405
0.22	0.75	2.97946
0.22	0.76	2.9854
0.22	0.77	2.98927
0.22	0.78	2.99362
0.22	0.79	2.99627
0.22	0.8	2.99958
0.22	0.81	3.00182
0.22	0.82	3.00431
0.22	0.83	3.00658
0.22	0.84	3.00885
0.22	0.85	3.0115
0.22	0.86	3.01338
0.22	0.87	3.01652
0.22	0.88	3.01866
0.22	0.89	3.02209
0.22	0.9	3.02463
0.22	0.91	3.02795
0.22	0.92	3.03203
0.22	0.93	3.03372
0.22	0.94	3.04105
0.22	0.95	3.03884
0.22	0.96	3.05186
0.22	0.97	3.04018
0.22	0.98	3.04018
0.22	0.99	3.04018


0.23	0	3.02765
0.23	0.01	3.02765
0.23	0.02	3.02765
0.23	0.03	3.04247
0.23	0.04	3.02781
0.23	0.05	3.03153
0.23	0.06	3.02384
0.23	0.07	3.02313
0.23	0.08	3.01915
0.23	0.09	3.01669
0.23	0.1	3.01439
0.23	0.11	3.01187
0.23	0.12	3.01002
0.23	0.13	3.0078
0.23	0.14	3.00617
0.23	0.15	3.00441
0.23	0.16	3.00245
0.23	0.17	3.00101
0.23	0.18	2.99867
0.23	0.19	2.99712
0.23	0.2	2.99405
0.23	0.21	2.99207
0.23	0.22	2.98788
0.23	0.23	2.98452
0.23	0.24	2.97898
0.23	0.25	2.97364
0.23	0.26	2.96591
0.23	0.27	2.95837
0.23	0.28	2.94802
0.23	0.29	2.93798
0.23	0.3	2.92497
0.23	0.31	2.91259
0.23	0.32	2.89683
0.23	0.33	2.88247
0.23	0.34	2.86429
0.23	0.35	2.84882
0.23	0.36	2.82917
0.23	0.37	2.81328
0.23	0.38	2.7935
0.23	0.39	2.77816
0.23	0.4	2.75956
0.23	0.41	2.74562
0.23	0.42	2.7293
0.23	0.43	2.7175
0.23	0.44	2.7045
0.23	0.45	2.69552
0.23	0.46	2.68644
0.23	0.47	2.68097
0.23	0.48	2.67622
0.23	0.49	2.67388
0.23	0.5	2.67388
0.23	0.51	2.67622
0.23	0.52	2.68097
0.23	0.53	2.68644
0.23	0.54	2.69552
0.23	0.55	2.7045
0.23	0.56	2.7175
0.23	0.57	2.7293
0.23	0.58	2.74562
0.23	0.59	2.75956
0.23	0.6	2.77816
0.23	0.61	2.7935
0.23	0.62	2.81328
0.23	0.63	2.82917
0.23	0.64	2.84882
0.23	0.65	2.86429
0.23	0.66	2.88247
0.23	0.67	2.89683
0.23	0.68	2.91259
0.23	0.69	2.92497
0.23	0.7	2.93798
0.23	0.71	2.94802
0.23	0.72	2.95837
0.23	0.73	2.96591
0.23	0.74	2.97364
0.23	0.75	2.97898
0.23	0.76	2.98452
0.23	0.77	2.98788
0.23	0.78	2.99207
0.23	0.79	2.99405
0.23	0.8	2.99712
0.23	0.81	2.99867
0.23	0.82	3.00101
0.23	0.83	3.00245
0.23	0.84	3.00441
0.23	0.85	3.00617
0.23	0.86	3.0078
0.23	0.87	3.01002
0.23	0.88	3.01187
0.23	0.89	3.01439
0.23	0.9	3.01669
0.23	0.91	3.01915
0.23	0.92	3.02313
0.23	0.93	3.02384
0.23	0.94	3.03153
0.23	0.95	3.02781
0.23	0.96	3.04247
0.23	0.97	3.02765
0.23	0.98	3.02765
0.23	0.99	3.02765


0.24	0	3.01659
0.24	0.01	3.01659
0.24	0.02	3.01659
0.24	0.03	3.03439
0.24	0.04	3.01836
0.24	0.05	3.02355
0.24	0.06	3.01565
0.24	0.07	3.01594
0.24	0.08	3.01213
0.24	0.09	3.01061
0.24	0.1	3.00851
0.24	0.11	3.0069
0.24	0.12	3.00537
0.24	0.13	3.00403
0.24	0.14	3.00255
0.24	0.15	3.00151
0.24	0.16	2.99973
0.24	0.17	2.99899
0.24	0.18	2.9967
0.24	0.19	2.9956
0.24	0.2	2.99284
0.24	0.21	2.9909
0.24	0.22	2.98696
0.24	0.23	2.98384
0.24	0.24	2.97832
0.24	0.25	2.97324
0.24	0.26	2.96576
0.24	0.27	2.95834
0.24	0.28	2.9481
0.24	0.29	2.93819
0.24	0.3	2.92519
0.24	0.31	2.9128
0.24	0.32	2.89702
0.24	0.33	2.88261
0.24	0.34	2.86438
0.24	0.35	2.84891
0.24	0.36	2.82928
0.24	0.37	2.81339
0.24	0.38	2.79362
0.24	0.39	2.77825
0.24	0.4	2.75961
0.24	0.41	2.74561
0.24	0.42	2.72925
0.24	0.43	2.71743
0.24	0.44	2.70443
0.24	0.45	2.69546
0.24	0.46	2.6864
0.24	0.47	2.68095
0.24	0.48	2.67621
0.24	0.49	2.67389
0.24	0.5	2.67389
0.24	0.51	2.67621
0.24	0.52	2.68095
0.24	0.53	2.6864
0.24	0.54	2.69546
0.24	0.55	2.70443
0.24	0.56	2.71743
0.24	0.57	2.72925
0.24	0.58	2.74561
0.24	0.59	2.75961
0.24	0.6	2.77825
0.24	0.61	2.79362
0.24	0.62	2.81339
0.24	0.63	2.82928
0.24	0.64	2.84891
0.24	0.65	2.86438
0.24	0.66	2.88261
0.24	0.67	2.89702
0.24	0.68	2.9128
0.24	0.69	2.92519
0.24	0.7	2.93819
0.24	0.71	2.9481
0.24	0.72	2.95834
0.24	0.73	2.96576
0.24	0.74	2.97324
0.24	0.75	2.97832
0.24	0.76	2.98384
0.24	0.77	2.98696
0.24	0.78	2.9909
0.24	0.79	2.99284
0.24	0.8	2.9956
0.24	0.81	2.9967
0.24	0.82	2.99899
0.24	0.83	2.99973
0.24	0.84	3.00151
0.24	0.85	3.00255
0.24	0.86	3.00403
0.24	0.87	3.00537
0.24	0.88	3.0069
0.24	0.89	3.00851
0.24	0.9	3.01061
0.24	0.91	3.01213
0.24	0.92	3.01594
0.24	0.93	3.01565
0.24	0.94	3.02355
0.24	0.95	3.01836
0.24	0.96	3.03439
0.24	0.97	3.01659
0.24	0.98	3.01659
0.24	0.99	3.01659


0.25	0	3.00713
0.25	0.01	3.00713
0.25	0.02	3.00713
0.25	0.03	3.02773
0.25	0.04	3.01058
0.25	0.05	3.0172
0.25	0.06	3.00926
0.25	0.07	3.01049
0.25	0.08	3.00691
0.25	0.09	3.00633
0.25	0.1	3.00438
0.25	0.11	3.00358
0.25	0.12	3.0022
0.25	0.13	3.00163
0.25	0.14	3.00024
0.25	0.15	2.99974
0.25	0.16	2.99833
0.25	0.17	2.99764
0.25	0.18	2.99567
0.25	0.19	2.99478
0.25	0.2	2.99199
0.25	0.21	2.99019
0.25	0.22	2.98636
0.25	0.23	2.9832
0.25	0.24	2.97779
0.25	0.25	2.9728
0.25	0.26	2.96535
0.25	0.27	2.95802
0.25	0.28	2.94798
0.25	0.29	2.93818
0.25	0.3	2.92531
0.25	0.31	2.913
0.25	0.32	2.89727
0.25	0.33	2.88289
0.25	0.34	2.86464
0.25	0.35	2.84911
0.25	0.36	2.82942
0.25	0.37	2.81351
0.25	0.38	2.79373
0.25	0.39	2.77837
0.25	0.4	2.75974
0.25	0.41	2.74574
0.25	0.42	2.72934
0.25	0.43	2.71746
0.25	0.44	2.70441
0.25	0.45	2.69543
0.25	0.46	2.68635
0.25	0.47	2.6809
0.25	0.48	2.67617
0.25	0.49	2.67386
0.25	0.5	2.67386
0.25	0.51	2.67617
0.25	0.52	2.6809
0.25	0.53	2.68635
0.25	0.54	2.69543
0.25	0.55	2.70441
0.25	0.56	2.71746
0.25	0.57	2.72934
0.25	0.58	2.74574
0.25	0.59	2.75974
0.25	0.6	2.77837
0.25	0.61	2.79373
0.25	0.62	2.81351
0.25	0.63	2.82942
0.25	0.64	2.84911
0.25	0.65	2.86464
0.25	0.66	2.88289
0.25	0.67	2.89727
0.25	0.68	2.913
0.25	0.69	2.92531
0.25	0.7	2.93818
0.25	0.71	2.94798
0.25	0.72	2.95802
0.25	0.73	2.96535
0.25	0.74	2.9728
0.25	0.75	2.97779
0.25	0.76	2.9832
0.25	0.77	2.98636
0.25	0.78	2.99019
0.25	0.79	2.99199
0.25	0.8	2.99478
0.25	0.81	2.99567
0.25	0.82	2.99764
0.25	0.83	2.99833
0.25	0.84	2.99974
0.25	0.85	3.00024
0.25	0.86	3.00163
0.25	0.87	3.0022
0.25	0.88	3.00358
0.25	0.89	3.00438
0.25	0.9	3.00633
0.25	0.91	3.00691
0.25	0.92	3.01049
0.25	0.93	3.00926
0.25	0.94	3.0172
0.25	0.95	3.01058
0.25	0.96	3.02773
0.25	0.97	3.00713
0.25	0.98	3.00713
0.25	0.99	3.00713


0.26	0	2.99936
0.26	0.01	2.99936
0.26	0.02	2.99936
0.26	0.03	3.02256
0.26	0.04	3.00456
0.26	0.05	3.01257
0.26	0.06	3.00458
0.26	0.07	3.00676
0.26	0.08	3.00323
0.26	0.09	3.00349
0.26	0.1	3.00163
0.26	0.11	3.00153
0.26	0.12	3.00048
0.26	0.13	3.00003
0.26	0.14	2.99909
0.26	0.15	2.99884
0.26	0.16	2.99743
0.26	0.17	2.99693
0.26	0.18	2.99514
0.26	0.19	2.99417
0.26	0.2	2.99147
0.26	0.21	2.98975
0.26	0.22	2.98591
0.26	0.23	2.98277
0.26	0.24	2.97737
0.26	0.25	2.97237
0.26	0.26	2.96493
0.26	0.27	2.95765
0.26	0.28	2.94762
0.26	0.29	2.93788
0.26	0.3	2.92514
0.26	0.31	2.91294
0.26	0.32	2.89735
0.26	0.33	2.88302
0.26	0.34	2.86487
0.26	0.35	2.84938
0.26	0.36	2.82971
0.26	0.37	2.81377
0.26	0.38	2.79392
0.26	0.39	2.77851
0.26	0.4	2.75986
0.26	0.41	2.74586
0.26	0.42	2.72947
0.26	0.43	2.71761
0.26	0.44	2.70455
0.26	0.45	2.69551
0.26	0.46	2.68637
0.26	0.47	2.68088
0.26	0.48	2.67611
0.26	0.49	2.67377
0.26	0.5	2.67377
0.26	0.51	2.67611
0.26	0.52	2.68088
0.26	0.53	2.68637
0.26	0.54	2.69551
0.26	0.55	2.70455
0.26	0.56	2.71761
0.26	0.57	2.72947
0.26	0.58	2.74586
0.26	0.59	2.75986
0.26	0.6	2.77851
0.26	0.61	2.79392
0.26	0.62	2.81377
0.26	0.63	2.82971
0.26	0.64	2.84938
0.26	0.65	2.86487
0.26	0.66	2.88302
0.26	0.67	2.89735
0.26	0.68	2.91294
0.26	0.69	2.92514
0.26	0.7	2.93788
0.26	0.71	2.94762
0.26	0.72	2.95765
0.26	0.73	2.96493
0.26	0.74	2.97237
0.26	0.75	2.97737
0.26	0.76	2.98277
0.26	0.77	2.98591
0.26	0.78	2.98975
0.26	0.79	2.99147
0.26	0.8	2.99417
0.26	0.81	2.99514
0.26	0.82	2.99693
0.26	0.83	2.99743
0.26	0.84	2.99884
0.26	0.85	2.99909
0.26	0.86	3.00003
0.26	0.87	3.00048
0.26	0.88	3.00153
0.26	0.89	3.00163
0.26	0.9	3.00349
0.26	0.91	3.00323
0.26	0.92	3.00676
0.26	0.93	3.00458
0.26	0.94	3.01257
0.26	0.95	3.00456
0.26	0.96	3.02256
0.26	0.97	2.99936
0.26	0.98	2.99936
0.26	0.99	2.99936


0.27	0	2.99343
0.27	0.01	2.99343
0.27	0.02	2.99343
0.27	0.03	3.01893
0.27	0.04	3.00024
0.27	0.05	3.00938
0.27	0.06	3.00136
0.27	0.07	3.00429
0.27	0.08	3.00105
0.27	0.09	3.00157
0.27	0.1	3.0003
0.27	0.11	3.00037
0.27	0.12	2.99943
0.27	0.13	2.9993
0.27	0.14	2.99854
0.27	0.15	2.99822
0.27	0.16	2.99691
0.27	0.17	2.99659
0.27	0.18	2.99473
0.27	0.19	2.99381
0.27	0.2	2.99118
0.27	0.21	2.98944
0.27	0.22	2.98559
0.27	0.23	2.98245
0.27	0.24	2.97704
0.27	0.25	2.97204
0.27	0.26	2.96459
0.27	0.27	2.95729
0.27	0.28	2.94724
0.27	0.29	2.93752
0.27	0.3	2.92479
0.27	0.31	2.91262
0.27	0.32	2.89711
0.27	0.33	2.8829
0.27	0.34	2.86489
0.27	0.35	2.84945
0.27	0.36	2.8299
0.27	0.37	2.81397
0.27	0.38	2.7942
0.27	0.39	2.77881
0.27	0.4	2.76012
0.27	0.41	2.74605
0.27	0.42	2.72962
0.27	0.43	2.71774
0.27	0.44	2.70467
0.27	0.45	2.69562
0.27	0.46	2.68647
0.27	0.47	2.68095
0.27	0.48	2.67614
0.27	0.49	2.67378
0.27	0.5	2.67378
0.27	0.51	2.67614
0.27	0.52	2.68095
0.27	0.53	2.68647
0.27	0.54	2.69562
0.27	0.55	2.70467
0.27	0.56	2.71774
0.27	0.57	2.72962
0.27	0.58	2.74605
0.27	0.59	2.76012
0.27	0.6	2.77881
0.27	0.61	2.7942
0.27	0.62	2.81397
0.27	0.63	2.8299
0.27	0.64	2.84945
0.27	0.65	2.86489
0.27	0.66	2.8829
0.27	0.67	2.89711
0.27	0.68	2.91262
0.27	0.69	2.92479
0.27	0.7	2.93752
0.27	0.71	2.94724
0.27	0.72	2.95729
0.27	0.73	2.96459
0.27	0.74	2.97204
0.27	0.75	2.97704
0.27	0.76	2.98245
0.27	0.77	2.98559
0.27	0.78	2.98944
0.27	0.79	2.99118
0.27	0.8	2.99381
0.27	0.81	2.99473
0.27	0.82	2.99659
0.27	0.83	2.99691
0.27	0.84	2.99822
0.27	0.85	2.99854
0.27	0.86	2.9993
0.27	0.87	2.99943
0.27	0.88	3.00037
0.27	0.89	3.0003
0.27	0.9	3.00157
0.27	0.91	3.00105
0.27	0.92	3.00429
0.27	0.93	3.00136
0.27	0.94	3.00938
0.27	0.95	3.00024
0.27	0.96	3.01893
0.27	0.97	2.99343
0.27	0.98	2.99343
0.27	0.99	2.99343


0.28	0	2.9891
0.28	0.01	2.9891
0.28	0.02	2.9891
0.28	0.03	3.01637
0.28	0.04	2.99738
0.28	0.05	3.00727
0.28	0.06	2.99964
0.28	0.07	3.00279
0.28	0.08	2.9998
0.28	0.09	3.00079
0.28	0.1	2.99955
0.28	0.11	2.99966
0.28	0.12	2.99893
0.28	0.13	2.99898
0.28	0.14	2.99812
0.28	0.15	2.99786
0.28	0.16	2.99673
0.28	0.17	2.99633
0.28	0.18	2.99449
0.28	0.19	2.99361
0.28	0.2	2.99096
0.28	0.21	2.98921
0.28	0.22	2.98537
0.28	0.23	2.98222
0.28	0.24	2.9768
0.28	0.25	2.97177
0.28	0.26	2.9643
0.28	0.27	2.95698
0.28	0.28	2.94694
0.28	0.29	2.93719
0.28	0.3	2.92443
0.28	0.31	2.91227
0.28	0.32	2.89677
0.28	0.33	2.88256
0.28	0.34	2.86458
0.28	0.35	2.84927
0.28	0.36	2.82986
0.28	0.37	2.814
0.28	0.38	2.79434
0.28	0.39	2.77897
0.28	0.4	2.76037
0.28	0.41	2.74632
0.28	0.42	2.72988
0.28	0.43	2.71794
0.28	0.44	2.7048
0.28	0.45	2.69574
0.28	0.46	2.6866
0.28	0.47	2.6811
0.28	0.48	2.67633
0.28	0.49	2.67402
0.28	0.5	2.67402
0.28	0.51	2.67633
0.28	0.52	2.6811
0.28	0.53	2.6866
0.28	0.54	2.69574
0.28	0.55	2.7048
0.28	0.56	2.71794
0.28	0.57	2.72988
0.28	0.58	2.74632
0.28	0.59	2.76037
0.28	0.6	2.77897
0.28	0.61	2.79434
0.28	0.62	2.814
0.28	0.63	2.82986
0.28	0.64	2.84927
0.28	0.65	2.86458
0.28	0.66	2.88256
0.28	0.67	2.89677
0.28	0.68	2.91227
0.28	0.69	2.92443
0.28	0.7	2.93719
0.28	0.71	2.94694
0.28	0.72	2.95698
0.28	0.73	2.9643
0.28	0.74	2.97177
0.28	0.75	2.9768
0.28	0.76	2.98222
0.28	0.77	2.98537
0.28	0.78	2.98921
0.28	0.79	2.99096
0.28	0.8	2.99361
0.28	0.81	2.99449
0.28	0.82	2.99633
0.28	0.83	2.99673
0.28	0.84	2.99786
0.28	0.85	2.99812
0.28	0.86	2.99898
0.28	0.87	2.99893
0.28	0.88	2.99966
0.28	0.89	2.99955
0.28	0.9	3.00079
0.28	0.91	2.9998
0.28	0.92	3.00279
0.28	0.93	2.99964
0.28	0.94	3.00727
0.28	0.95	2.99738
0.28	0.96	3.01637
0.28	0.97	2.9891
0.28	0.98	2.9891
0.28	0.99	2.9891


0.29	0	2.98624
0.29	0.01	2.98624
0.29	0.02	2.98624
0.29	0.03	3.01483
0.29	0.04	2.99562
0.29	0.05	3.00619
0.29	0.06	2.99857
0.29	0.07	3.00198
0.29	0.08	2.99931
0.29	0.09	3.00031
0.29	0.1	2.99911
0.29	0.11	2.99938
0.29	0.12	2.99878
0.29	0.13	2.9987
0.29	0.14	2.99789
0.29	0.15	2.99777
0.29	0.16	2.99659
0.29	0.17	2.99618
0.29	0.18	2.99436
0.29	0.19	2.99348
0.29	0.2	2.99083
0.29	0.21	2.98906
0.29	0.22	2.9852
0.29	0.23	2.98204
0.29	0.24	2.97661
0.29	0.25	2.97157
0.29	0.26	2.9641
0.29	0.27	2.95674
0.29	0.28	2.94668
0.29	0.29	2.93692
0.29	0.3	2.92415
0.29	0.31	2.91195
0.29	0.32	2.89644
0.29	0.33	2.88223
0.29	0.34	2.86428
0.29	0.35	2.84893
0.29	0.36	2.82954
0.29	0.37	2.81377
0.29	0.38	2.79423
0.29	0.39	2.77892
0.29	0.4	2.7604
0.29	0.41	2.74639
0.29	0.42	2.73005
0.29	0.43	2.71815
0.29	0.44	2.70509
0.29	0.45	2.69606
0.29	0.46	2.68692
0.29	0.47	2.6814
0.29	0.48	2.67662
0.29	0.49	2.6743
0.29	0.5	2.6743
0.29	0.51	2.67662
0.29	0.52	2.6814
0.29	0.53	2.68692
0.29	0.54	2.69606
0.29	0.55	2.70509
0.29	0.56	2.71815
0.29	0.57	2.73005
0.29	0.58	2.74639
0.29	0.59	2.7604
0.29	0.6	2.77892
0.29	0.61	2.79423
0.29	0.62	2.81377
0.29	0.63	2.82954
0.29	0.64	2.84893
0.29	0.65	2.86428
0.29	0.66	2.88223
0.29	0.67	2.89644
0.29	0.68	2.91195
0.29	0.69	2.92415
0.29	0.7	2.93692
0.29	0.71	2.94668
0.29	0.72	2.95674
0.29	0.73	2.9641
0.29	0.74	2.97157
0.29	0.75	2.97661
0.29	0.76	2.98204
0.29	0.77	2.9852
0.29	0.78	2.98906
0.29	0.79	2.99083
0.29	0.8	2.99348
0.29	0.81	2.99436
0.29	0.82	2.99618
0.29	0.83	2.99659
0.29	0.84	2.99777
0.29	0.85	2.99789
0.29	0.86	2.9987
0.29	0.87	2.99878
0.29	0.88	2.99938
0.29	0.89	2.99911
0.29	0.9	3.00031
0.29	0.91	2.99931
0.29	0.92	3.00198
0.29	0.93	2.99857
0.29	0.94	3.00619
0.29	0.95	2.99562
0.29	0.96	3.01483
0.29	0.97	2.98624
0.29	0.98	2.98624
0.29	0.99	2.98624


0.3	0	2.98458
0.3	0.01	2.98458
0.3	0.02	2.98458
0.3	0.03	3.01403
0.3	0.04	2.99471
0.3	0.05	3.00553
0.3	0.06	2.99798
0.3	0.07	3.00161
0.3	0.08	2.99892
0.3	0.09	2.99999
0.3	0.1	2.99895
0.3	0.11	2.99931
0.3	0.12	2.99863
0.3	0.13	2.9986
0.3	0.14	2.99788
0.3	0.15	2.99771
0.3	0.16	2.9965
0.3	0.17	2.99611
0.3	0.18	2.9943
0.3	0.19	2.9934
0.3	0.2	2.99073
0.3	0.21	2.98896
0.3	0.22	2.9851
0.3	0.23	2.98192
0.3	0.24	2.97647
0.3	0.25	2.9714
0.3	0.26	2.96392
0.3	0.27	2.95658
0.3	0.28	2.94648
0.3	0.29	2.9367
0.3	0.3	2.92392
0.3	0.31	2.91172
0.3	0.32	2.89619
0.3	0.33	2.88195
0.3	0.34	2.86398
0.3	0.35	2.84863
0.3	0.36	2.82922
0.3	0.37	2.81341
0.3	0.38	2.79384
0.3	0.39	2.77859
0.3	0.4	2.7602
0.3	0.41	2.74633
0.3	0.42	2.7301
0.3	0.43	2.7183
0.3	0.44	2.70536
0.3	0.45	2.69637
0.3	0.46	2.6873
0.3	0.47	2.68181
0.3	0.48	2.67702
0.3	0.49	2.67469
0.3	0.5	2.67469
0.3	0.51	2.67702
0.3	0.52	2.68181
0.3	0.53	2.6873
0.3	0.54	2.69637
0.3	0.55	2.70536
0.3	0.56	2.7183
0.3	0.57	2.7301
0.3	0.58	2.74633
0.3	0.59	2.7602
0.3	0.6	2.77859
0.3	0.61	2.79384
0.3	0.62	2.81341
0.3	0.63	2.82922
0.3	0.64	2.84863
0.3	0.65	2.86398
0.3	0.66	2.88195
0.3	0.67	2.89619
0.3	0.68	2.91172
0.3	0.69	2.92392
0.3	0.7	2.9367
0.3	0.71	2.94648
0.3	0.72	2.95658
0.3	0.73	2.96392
0.3	0.74	2.9714
0.3	0.75	2.97647
0.3	0.76	2.98192
0.3	0.77	2.9851
0.3	0.78	2.98896
0.3	0.79	2.99073
0.3	0.8	2.9934
0.3	0.81	2.9943
0.3	0.82	2.99611
0.3	0.83	2.9965
0.3	0.84	2.99771
0.3	0.85	2.99788
0.3	0.86	2.9986
0.3	0.87	2.99863
0.3	0.88	2.99931
0.3	0.89	2.99895
0.3	0.9	2.99999
0.3	0.91	2.99892
0.3	0.92	3.00161
0.3	0.93	2.99798
0.3	0.94	3.00553
0.3	0.95	2.99471
0.3	0.96	3.01403
0.3	0.97	2.98458
0.3	0.98	2.98458
0.3	0.99	2.98458


0.31	0	2.98369
0.31	0.01	2.98369
0.31	0.02	2.98369
0.31	0.03	3.01359
0.31	0.04	2.99419
0.31	0.05	3.0052
0.31	0.06	2.9977
0.31	0.07	3.00135
0.31	0.08	2.9987
0.31	0.09	2.99985
0.31	0.1	2.99884
0.31	0.11	2.99917
0.31	0.12	2.99855
0.31	0.13	2.99862
0.31	0.14	2.99787
0.31	0.15	2.99769
0.31	0.16	2.9965
0.31	0.17	2.9961
0.31	0.18	2.99427
0.31	0.19	2.99335
0.31	0.2	2.99068
0.31	0.21	2.9889
0.31	0.22	2.98502
0.31	0.23	2.98184
0.31	0.24	2.97638
0.31	0.25	2.97131
0.31	0.26	2.96379
0.31	0.27	2.95643
0.31	0.28	2.94634
0.31	0.29	2.93655
0.31	0.3	2.92375
0.31	0.31	2.91153
0.31	0.32	2.89599
0.31	0.33	2.88172
0.31	0.34	2.8637
0.31	0.35	2.84832
0.31	0.36	2.8289
0.31	0.37	2.8131
0.31	0.38	2.79355
0.31	0.39	2.77831
0.31	0.4	2.75996
0.31	0.41	2.7461
0.31	0.42	2.72998
0.31	0.43	2.7183
0.31	0.44	2.70545
0.31	0.45	2.69653
0.31	0.46	2.68755
0.31	0.47	2.68215
0.31	0.48	2.67748
0.31	0.49	2.67519
0.31	0.5	2.67519
0.31	0.51	2.67748
0.31	0.52	2.68215
0.31	0.53	2.68755
0.31	0.54	2.69653
0.31	0.55	2.70545
0.31	0.56	2.7183
0.31	0.57	2.72998
0.31	0.58	2.7461
0.31	0.59	2.75996
0.31	0.6	2.77831
0.31	0.61	2.79355
0.31	0.62	2.8131
0.31	0.63	2.8289
0.31	0.64	2.84832
0.31	0.65	2.8637
0.31	0.66	2.88172
0.31	0.67	2.89599
0.31	0.68	2.91153
0.31	0.69	2.92375
0.31	0.7	2.93655
0.31	0.71	2.94634
0.31	0.72	2.95643
0.31	0.73	2.96379
0.31	0.74	2.97131
0.31	0.75	2.97638
0.31	0.76	2.98184
0.31	0.77	2.98502
0.31	0.78	2.9889
0.31	0.79	2.99068
0.31	0.8	2.99335
0.31	0.81	2.99427
0.31	0.82	2.9961
0.31	0.83	2.9965
0.31	0.84	2.99769
0.31	0.85	2.99787
0.31	0.86	2.99862
0.31	0.87	2.99855
0.31	0.88	2.99917
0.31	0.89	2.99884
0.31	0.9	2.99985
0.31	0.91	2.9987
0.31	0.92	3.00135
0.31	0.93	2.9977
0.31	0.94	3.0052
0.31	0.95	2.99419
0.31	0.96	3.01359
0.31	0.97	2.98369
0.31	0.98	2.98369
0.31	0.99	2.98369


0.32	0	2.98322
0.32	0.01	2.98322
0.32	0.02	2.98322
0.32	0.03	3.01334
0.32	0.04	2.99392
0.32	0.05	3.00502
0.32	0.06	2.99753
0.32	0.07	3.00121
0.32	0.08	2.99862
0.32	0.09	2.99977
0.32	0.1	2.99874
0.32	0.11	2.9991
0.32	0.12	2.99852
0.32	0.13	2.99855
0.32	0.14	2.99782
0.32	0.15	2.99768
0.32	0.16	2.99651
0.32	0.17	2.99612
0.32	0.18	2.99428
0.32	0.19	2.99336
0.32	0.2	2.99068
0.32	0.21	2.98888
0.32	0.22	2.98499
0.32	0.23	2.98179
0.32	0.24	2.97632
0.32	0.25	2.97125
0.32	0.26	2.96374
0.32	0.27	2.95635
0.32	0.28	2.94624
0.32	0.29	2.93643
0.32	0.3	2.92362
0.32	0.31	2.91136
0.32	0.32	2.89578
0.32	0.33	2.8815
0.32	0.34	2.86349
0.32	0.35	2.84812
0.32	0.36	2.8287
0.32	0.37	2.81292
0.32	0.38	2.79341
0.32	0.39	2.77817
0.32	0.4	2.7598
0.32	0.41	2.74593
0.32	0.42	2.72983
0.32	0.43	2.71812
0.32	0.44	2.70535
0.32	0.45	2.69656
0.32	0.46	2.68769
0.32	0.47	2.68235
0.32	0.48	2.67772
0.32	0.49	2.67543
0.32	0.5	2.67543
0.32	0.51	2.67772
0.32	0.52	2.68235
0.32	0.53	2.68769
0.32	0.54	2.69656
0.32	0.55	2.70535
0.32	0.56	2.71812
0.32	0.57	2.72983
0.32	0.58	2.74593
0.32	0.59	2.7598
0.32	0.6	2.77817
0.32	0.61	2.79341
0.32	0.62	2.81292
0.32	0.63	2.8287
0.32	0.64	2.84812
0.32	0.65	2.86349
0.32	0.66	2.8815
0.32	0.67	2.89578
0.32	0.68	2.91136
0.32	0.69	2.92362
0.32	0.7	2.93643
0.32	0.71	2.94624
0.32	0.72	2.95635
0.32	0.73	2.96374
0.32	0.74	2.97125
0.32	0.75	2.97632
0.32	0.76	2.98179
0.32	0.77	2.98499
0.32	0.78	2.98888
0.32	0.79	2.99068
0.32	0.8	2.99336
0.32	0.81	2.99428
0.32	0.82	2.99612
0.32	0.83	2.99651
0.32	0.84	2.99768
0.32	0.85	2.99782
0.32	0.86	2.99855
0.32	0.87	2.99852
0.32	0.88	2.9991
0.32	0.89	2.99874
0.32	0.9	2.99977
0.32	0.91	2.99862
0.32	0.92	3.00121
0.32	0.93	2.99753
0.32	0.94	3.00502
0.32	0.95	2.99392
0.32	0.96	3.01334
0.32	0.97	2.98322
0.32	0.98	2.98322
0.32	0.99	2.98322


0.33	0	2.98297
0.33	0.01	2.98297
0.33	0.02	2.98297
0.33	0.03	3.0132
0.33	0.04	2.99377
0.33	0.05	3.00492
0.33	0.06	2.99744
0.33	0.07	3.00115
0.33	0.08	2.99855
0.33	0.09	2.9997
0.33	0.1	2.9987
0.33	0.11	2.99908
0.33	0.12	2.99848
0.33	0.13	2.9985
0.33	0.14	2.99779
0.33	0.15	2.99765
0.33	0.16	2.99648
0.33	0.17	2.99609
0.33	0.18	2.99429
0.33	0.19	2.99339
0.33	0.2	2.9907
0.33	0.21	2.9889
0.33	0.22	2.985
0.33	0.23	2.9818
0.33	0.24	2.97632
0.33	0.25	2.97122
0.33	0.26	2.96369
0.33	0.27	2.9563
0.33	0.28	2.94616
0.33	0.29	2.93632
0.33	0.3	2.92348
0.33	0.31	2.91123
0.33	0.32	2.89565
0.33	0.33	2.88139
0.33	0.34	2.8634
0.33	0.35	2.84805
0.33	0.36	2.82866
0.33	0.37	2.81287
0.33	0.38	2.79333
0.33	0.39	2.77809
0.33	0.4	2.75973
0.33	0.41	2.74587
0.33	0.42	2.72978
0.33	0.43	2.71809
0.33	0.44	2.70529
0.33	0.45	2.69645
0.33	0.46	2.68754
0.33	0.47	2.68219
0.33	0.48	2.67757
0.33	0.49	2.67529
0.33	0.5	2.67529
0.33	0.51	2.67757
0.33	0.52	2.68219
0.33	0.53	2.68754
0.33	0.54	2.69645
0.33	0.55	2.70529
0.33	0.56	2.71809
0.33	0.57	2.72978
0.33	0.58	2.74587
0.33	0.59	2.75973
0.33	0.6	2.77809
0.33	0.61	2.79333
0.33	0.62	2.81287
0.33	0.63	2.82866
0.33	0.64	2.84805
0.33	0.65	2.8634
0.33	0.66	2.88139
0.33	0.67	2.89565
0.33	0.68	2.91123
0.33	0.69	2.92348
0.33	0.7	2.93632
0.33	0.71	2.94616
0.33	0.72	2.9563
0.33	0.73	2.96369
0.33	0.74	2.97122
0.33	0.75	2.97632
0.33	0.76	2.9818
0.33	0.77	2.985
0.33	0.78	2.9889
0.33	0.79	2.9907
0.33	0.8	2.99339
0.33	0.81	2.99429
0.33	0.82	2.99609
0.33	0.83	2.99648
0.33	0.84	2.99765
0.33	0.85	2.99779
0.33	0.86	2.9985
0.33	0.87	2.99848
0.33	0.88	2.99908
0.33	0.89	2.9987
0.33	0.9	2.9997
0.33	0.91	2.99855
0.33	0.92	3.00115
0.33	0.93	2.99744
0.33	0.94	3.00492
0.33	0.95	2.99377
0.33	0.96	3.0132
0.33	0.97	2.98297
0.33	0.98	2.98297
0.33	0.99	2.98297


0.34	0	2.98284
0.34	0.01	2.98284
0.34	0.02	2.98284
0.34	0.03	3.01312
0.34	0.04	2.9937
0.34	0.05	3.00486
0.34	0.06	2.99739
0.34	0.07	3.0011
0.34	0.08	2.99851
0.34	0.09	2.99967
0.34	0.1	2.99867
0.34	0.11	2.99904
0.34	0.12	2.99844
0.34	0.13	2.99848
0.34	0.14	2.99777
0.34	0.15	2.99762
0.34	0.16	2.99644
0.34	0.17	2.99607
0.34	0.18	2.99426
0.34	0.19	2.99337
0.34	0.2	2.9907
0.34	0.21	2.98893
0.34	0.22	2.98504
0.34	0.23	2.98183
0.34	0.24	2.97634
0.34	0.25	2.97122
0.34	0.26	2.96366
0.34	0.27	2.95623
0.34	0.28	2.94609
0.34	0.29	2.93626
0.34	0.3	2.92344
0.34	0.31	2.91121
0.34	0.32	2.89567
0.34	0.33	2.88142
0.34	0.34	2.86344
0.34	0.35	2.84807
0.34	0.36	2.82867
0.34	0.37	2.81288
0.34	0.38	2.79337
0.34	0.39	2.77814
0.34	0.4	2.7598
0.34	0.41	2.74592
0.34	0.42	2.72979
0.34	0.43	2.71803
0.34	0.44	2.70516
0.34	0.45	2.69623
0.34	0.46	2.68724
0.34	0.47	2.68179
0.34	0.48	2.67708
0.34	0.49	2.67472
0.34	0.5	2.67472
0.34	0.51	2.67708
0.34	0.52	2.68179
0.34	0.53	2.68724
0.34	0.54	2.69623
0.34	0.55	2.70516
0.34	0.56	2.71803
0.34	0.57	2.72979
0.34	0.58	2.74592
0.34	0.59	2.7598
0.34	0.6	2.77814
0.34	0.61	2.79337
0.34	0.62	2.81288
0.34	0.63	2.82867
0.34	0.64	2.84807
0.34	0.65	2.86344
0.34	0.66	2.88142
0.34	0.67	2.89567
0.34	0.68	2.91121
0.34	0.69	2.92344
0.34	0.7	2.93626
0.34	0.71	2.94609
0.34	0.72	2.95623
0.34	0.73	2.96366
0.34	0.74	2.97122
0.34	0.75	2.97634
0.34	0.76	2.98183
0.34	0.77	2.98504
0.34	0.78	2.98893
0.34	0.79	2.9907
0.34	0.8	2.99337
0.34	0.81	2.99426
0.34	0.82	2.99607
0.34	0.83	2.99644
0.34	0.84	2.99762
0.34	0.85	2.99777
0.34	0.86	2.99848
0.34	0.87	2.99844
0.34	0.88	2.99904
0.34	0.89	2.99867
0.34	0.9	2.99967
0.34	0.91	2.99851
0.34	0.92	3.0011
0.34	0.93	2.99739
0.34	0.94	3.00486
0.34	0.95	2.9937
0.34	0.96	3.01312
0.34	0.97	2.98284
0.34	0.98	2.98284
0.34	0.99	2.98284


0.35	0	2.98278
0.35	0.01	2.98278
0.35	0.02	2.98278
0.35	0.03	3.01306
0.35	0.04	2.99365
0.35	0.05	3.00481
0.35	0.06	2.99735
0.35	0.07	3.00106
0.35	0.08	2.99848
0.35	0.09	2.99964
0.35	0.1	2.99864
0.35	0.11	2.99901
0.35	0.12	2.99843
0.35	0.13	2.99846
0.35	0.14	2.99774
0.35	0.15	2.99759
0.35	0.16	2.99643
0.35	0.17	2.99606
0.35	0.18	2.99425
0.35	0.19	2.99335
0.35	0.2	2.99069
0.35	0.21	2.9889
0.35	0.22	2.98502
0.35	0.23	2.98181
0.35	0.24	2.97632
0.35	0.25	2.97121
0.35	0.26	2.96367
0.35	0.27	2.95626
0.35	0.28	2.94614
0.35	0.29	2.93633
0.35	0.3	2.92354
0.35	0.31	2.91131
0.35	0.32	2.89577
0.35	0.33	2.88151
0.35	0.34	2.86353
0.35	0.35	2.84818
0.35	0.36	2.82881
0.35	0.37	2.81303
0.35	0.38	2.7935
0.35	0.39	2.77823
0.35	0.4	2.75984
0.35	0.41	2.74589
0.35	0.42	2.72969
0.35	0.43	2.71784
0.35	0.44	2.70488
0.35	0.45	2.69585
0.35	0.46	2.68677
0.35	0.47	2.68124
0.35	0.48	2.67649
0.35	0.49	2.67412
0.35	0.5	2.67412
0.35	0.51	2.67649
0.35	0.52	2.68124
0.35	0.53	2.68677
0.35	0.54	2.69585
0.35	0.55	2.70488
0.35	0.56	2.71784
0.35	0.57	2.72969
0.35	0.58	2.74589
0.35	0.59	2.75984
0.35	0.6	2.77823
0.35	0.61	2.7935
0.35	0.62	2.81303
0.35	0.63	2.82881
0.35	0.64	2.84818
0.35	0.65	2.86353
0.35	0.66	2.88151
0.35	0.67	2.89577
0.35	0.68	2.91131
0.35	0.69	2.92354
0.35	0.7	2.93633
0.35	0.71	2.94614
0.35	0.72	2.95626
0.35	0.73	2.96367
0.35	0.74	2.97121
0.35	0.75	2.97632
0.35	0.76	2.98181
0.35	0.77	2.98502
0.35	0.78	2.9889
0.35	0.79	2.99069
0.35	0.8	2.99335
0.35	0.81	2.99425
0.35	0.82	2.99606
0.35	0.83	2.99643
0.35	0.84	2.99759
0.35	0.85	2.99774
0.35	0.86	2.99846
0.35	0.87	2.99843
0.35	0.88	2.99901
0.35	0.89	2.99864
0.35	0.9	2.99964
0.35	0.91	2.99848
0.35	0.92	3.00106
0.35	0.93	2.99735
0.35	0.94	3.00481
0.35	0.95	2.99365
0.35	0.96	3.01306
0.35	0.97	2.98278
0.35	0.98	2.98278
0.35	0.99	2.98278


0.36	0	2.98275
0.36	0.01	2.98275
0.36	0.02	2.98275
0.36	0.03	3.01301
0.36	0.04	2.99362
0.36	0.05	3.00478
0.36	0.06	2.99732
0.36	0.07	3.00103
0.36	0.08	2.99845
0.36	0.09	2.99961
0.36	0.1	2.99862
0.36	0.11	2.99899
0.36	0.12	2.9984
0.36	0.13	2.99844
0.36	0.14	2.99773
0.36	0.15	2.99759
0.36	0.16	2.99643
0.36	0.17	2.99605
0.36	0.18	2.99424
0.36	0.19	2.99333
0.36	0.2	2.99065
0.36	0.21	2.98885
0.36	0.22	2.98496
0.36	0.23	2.98177
0.36	0.24	2.97631
0.36	0.25	2.97123
0.36	0.26	2.96374
0.36	0.27	2.95638
0.36	0.28	2.94632
0.36	0.29	2.93651
0.36	0.3	2.9237
0.36	0.31	2.91147
0.36	0.32	2.89594
0.36	0.33	2.88171
0.36	0.34	2.86375
0.36	0.35	2.84839
0.36	0.36	2.82899
0.36	0.37	2.81315
0.36	0.38	2.79358
0.36	0.39	2.77822
0.36	0.4	2.75975
0.36	0.41	2.7457
0.36	0.42	2.72942
0.36	0.43	2.71747
0.36	0.44	2.70443
0.36	0.45	2.69536
0.36	0.46	2.68627
0.36	0.47	2.68074
0.36	0.48	2.67599
0.36	0.49	2.67362
0.36	0.5	2.67362
0.36	0.51	2.67599
0.36	0.52	2.68074
0.36	0.53	2.68627
0.36	0.54	2.69536
0.36	0.55	2.70443
0.36	0.56	2.71747
0.36	0.57	2.72942
0.36	0.58	2.7457
0.36	0.59	2.75975
0.36	0.6	2.77822
0.36	0.61	2.79358
0.36	0.62	2.81315
0.36	0.63	2.82899
0.36	0.64	2.84839
0.36	0.65	2.86375
0.36	0.66	2.88171
0.36	0.67	2.89594
0.36	0.68	2.91147
0.36	0.69	2.9237
0.36	0.7	2.93651
0.36	0.71	2.94632
0.36	0.72	2.95638
0.36	0.73	2.96374
0.36	0.74	2.97123
0.36	0.75	2.97631
0.36	0.76	2.98177
0.36	0.77	2.98496
0.36	0.78	2.98885
0.36	0.79	2.99065
0.36	0.8	2.99333
0.36	0.81	2.99424
0.36	0.82	2.99605
0.36	0.83	2.99643
0.36	0.84	2.99759
0.36	0.85	2.99773
0.36	0.86	2.99844
0.36	0.87	2.9984
0.36	0.88	2.99899
0.36	0.89	2.99862
0.36	0.9	2.99961
0.36	0.91	2.99845
0.36	0.92	3.00103
0.36	0.93	2.99732
0.36	0.94	3.00478
0.36	0.95	2.99362
0.36	0.96	3.01301
0.36	0.97	2.98275
0.36	0.98	2.98275
0.36	0.99	2.98275


0.37	0	2.98273
0.37	0.01	2.98273
0.37	0.02	2.98273
0.37	0.03	3.01298
0.37	0.04	2.9936
0.37	0.05	3.00475
0.37	0.06	2.9973
0.37	0.07	3.00101
0.37	0.08	2.99843
0.37	0.09	2.99959
0.37	0.1	2.9986
0.37	0.11	2.99898
0.37	0.12	2.9984
0.37	0.13	2.99844
0.37	0.14	2.99773
0.37	0.15	2.99758
0.37	0.16	2.99641
0.37	0.17	2.99601
0.37	0.18	2.99419
0.37	0.19	2.99329
0.37	0.2	2.99061
0.37	0.21	2.98883
0.37	0.22	2.98497
0.37	0.23	2.9818
0.37	0.24	2.97639
0.37	0.25	2.97135
0.37	0.26	2.96387
0.37	0.27	2.95653
0.37	0.28	2.94646
0.37	0.29	2.93669
0.37	0.3	2.92395
0.37	0.31	2.91176
0.37	0.32	2.89624
0.37	0.33	2.88197
0.37	0.34	2.86397
0.37	0.35	2.84852
0.37	0.36	2.82906
0.37	0.37	2.81313
0.37	0.38	2.7935
0.37	0.39	2.77803
0.37	0.4	2.75949
0.37	0.41	2.74534
0.37	0.42	2.72901
0.37	0.43	2.71704
0.37	0.44	2.70401
0.37	0.45	2.69494
0.37	0.46	2.68585
0.37	0.47	2.68033
0.37	0.48	2.67559
0.37	0.49	2.67323
0.37	0.5	2.67323
0.37	0.51	2.67559
0.37	0.52	2.68033
0.37	0.53	2.68585
0.37	0.54	2.69494
0.37	0.55	2.70401
0.37	0.56	2.71704
0.37	0.57	2.72901
0.37	0.58	2.74534
0.37	0.59	2.75949
0.37	0.6	2.77803
0.37	0.61	2.7935
0.37	0.62	2.81313
0.37	0.63	2.82906
0.37	0.64	2.84852
0.37	0.65	2.86397
0.37	0.66	2.88197
0.37	0.67	2.89624
0.37	0.68	2.91176
0.37	0.69	2.92395
0.37	0.7	2.93669
0.37	0.71	2.94646
0.37	0.72	2.95653
0.37	0.73	2.96387
0.37	0.74	2.97135
0.37	0.75	2.97639
0.37	0.76	2.9818
0.37	0.77	2.98497
0.37	0.78	2.98883
0.37	0.79	2.99061
0.37	0.8	2.99329
0.37	0.81	2.99419
0.37	0.82	2.99601
0.37	0.83	2.99641
0.37	0.84	2.99758
0.37	0.85	2.99773
0.37	0.86	2.99844
0.37	0.87	2.9984
0.37	0.88	2.99898
0.37	0.89	2.9986
0.37	0.9	2.99959
0.37	0.91	2.99843
0.37	0.92	3.00101
0.37	0.93	2.9973
0.37	0.94	3.00475
0.37	0.95	2.9936
0.37	0.96	3.01298
0.37	0.97	2.98273
0.37	0.98	2.98273
0.37	0.99	2.98273


0.38	0	2.98272
0.38	0.01	2.98272
0.38	0.02	2.98272
0.38	0.03	3.01294
0.38	0.04	2.99358
0.38	0.05	3.00472
0.38	0.06	2.99728
0.38	0.07	3.00099
0.38	0.08	2.99842
0.38	0.09	2.99959
0.38	0.1	2.9986
0.38	0.11	2.99897
0.38	0.12	2.99839
0.38	0.13	2.99842
0.38	0.14	2.99769
0.38	0.15	2.99754
0.38	0.16	2.99636
0.38	0.17	2.99599
0.38	0.18	2.99418
0.38	0.19	2.99329
0.38	0.2	2.99065
0.38	0.21	2.98891
0.38	0.22	2.98509
0.38	0.23	2.98195
0.38	0.24	2.97653
0.38	0.25	2.9715
0.38	0.26	2.96403
0.38	0.27	2.95673
0.38	0.28	2.9467
0.38	0.29	2.93696
0.38	0.3	2.92419
0.38	0.31	2.91197
0.38	0.32	2.89642
0.38	0.33	2.88208
0.38	0.34	2.86405
0.38	0.35	2.84851
0.38	0.36	2.829
0.38	0.37	2.81294
0.38	0.38	2.79322
0.38	0.39	2.77769
0.38	0.4	2.75911
0.38	0.41	2.74498
0.38	0.42	2.72866
0.38	0.43	2.71669
0.38	0.44	2.70368
0.38	0.45	2.69462
0.38	0.46	2.68554
0.38	0.47	2.68003
0.38	0.48	2.67528
0.38	0.49	2.67292
0.38	0.5	2.67292
0.38	0.51	2.67528
0.38	0.52	2.68003
0.38	0.53	2.68554
0.38	0.54	2.69462
0.38	0.55	2.70368
0.38	0.56	2.71669
0.38	0.57	2.72866
0.38	0.58	2.74498
0.38	0.59	2.75911
0.38	0.6	2.77769
0.38	0.61	2.79322
0.38	0.62	2.81294
0.38	0.63	2.829
0.38	0.64	2.84851
0.38	0.65	2.86405
0.38	0.66	2.88208
0.38	0.67	2.89642
0.38	0.68	2.91197
0.38	0.69	2.92419
0.38	0.7	2.93696
0.38	0.71	2.9467
0.38	0.72	2.95673
0.38	0.73	2.96403
0.38	0.74	2.9715
0.38	0.75	2.97653
0.38	0.76	2.98195
0.38	0.77	2.98509
0.38	0.78	2.98891
0.38	0.79	2.99065
0.38	0.8	2.99329
0.38	0.81	2.99418
0.38	0.82	2.99599
0.38	0.83	2.99636
0.38	0.84	2.99754
0.38	0.85	2.99769
0.38	0.86	2.99842
0.38	0.87	2.99839
0.38	0.88	2.99897
0.38	0.89	2.9986
0.38	0.9	2.99959
0.38	0.91	2.99842
0.38	0.92	3.00099
0.38	0.93	2.99728
0.38	0.94	3.00472
0.38	0.95	2.99358
0.38	0.96	3.01294
0.38	0.97	2.98272
0.38	0.98	2.98272
0.38	0.99	2.98272


0.39	0	2.98271
0.39	0.01	2.98271
0.39	0.02	2.98271
0.39	0.03	3.01291
0.39	0.04	2.99357
0.39	0.05	3.0047
0.39	0.06	2.99727
0.39	0.07	3.00098
0.39	0.08	2.99841
0.39	0.09	2.99958
0.39	0.1	2.99858
0.39	0.11	2.99894
0.39	0.12	2.99835
0.39	0.13	2.99838
0.39	0.14	2.99766
0.39	0.15	2.99752
0.39	0.16	2.99636
0.39	0.17	2.996
0.39	0.18	2.99423
0.39	0.19	2.9934
0.39	0.2	2.99079
0.39	0.21	2.98906
0.39	0.22	2.98524
0.39	0.23	2.98211
0.39	0.24	2.97673
0.39	0.25	2.97175
0.39	0.26	2.9643
0.39	0.27	2.95699
0.39	0.28	2.94693
0.39	0.29	2.93712
0.39	0.3	2.9243
0.39	0.31	2.912
0.39	0.32	2.89643
0.39	0.33	2.88201
0.39	0.34	2.8639
0.39	0.35	2.84827
0.39	0.36	2.8287
0.39	0.37	2.81262
0.39	0.38	2.79292
0.39	0.39	2.77738
0.39	0.4	2.75884
0.39	0.41	2.7447
0.39	0.42	2.72839
0.39	0.43	2.71644
0.39	0.44	2.70343
0.39	0.45	2.69438
0.39	0.46	2.68531
0.39	0.47	2.6798
0.39	0.48	2.67506
0.39	0.49	2.6727
0.39	0.5	2.6727
0.39	0.51	2.67506
0.39	0.52	2.6798
0.39	0.53	2.68531
0.39	0.54	2.69438
0.39	0.55	2.70343
0.39	0.56	2.71644
0.39	0.57	2.72839
0.39	0.58	2.7447
0.39	0.59	2.75884
0.39	0.6	2.77738
0.39	0.61	2.79292
0.39	0.62	2.81262
0.39	0.63	2.8287
0.39	0.64	2.84827
0.39	0.65	2.8639
0.39	0.66	2.88201
0.39	0.67	2.89643
0.39	0.68	2.912
0.39	0.69	2.9243
0.39	0.7	2.93712
0.39	0.71	2.94693
0.39	0.72	2.95699
0.39	0.73	2.9643
0.39	0.74	2.97175
0.39	0.75	2.97673
0.39	0.76	2.98211
0.39	0.77	2.98524
0.39	0.78	2.98906
0.39	0.79	2.99079
0.39	0.8	2.9934
0.39	0.81	2.99423
0.39	0.82	2.996
0.39	0.83	2.99636
0.39	0.84	2.99752
0.39	0.85	2.99766
0.39	0.86	2.99838
0.39	0.87	2.99835
0.39	0.88	2.99894
0.39	0.89	2.99858
0.39	0.9	2.99958
0.39	0.91	2.99841
0.39	0.92	3.00098
0.39	0.93	2.99727
0.39	0.94	3.0047
0.39	0.95	2.99357
0.39	0.96	3.01291
0.39	0.97	2.98271
0.39	0.98	2.98271
0.39	0.99	2.98271


0.4	0	2.98272
0.4	0.01	2.98272
0.4	0.02	2.98272
0.4	0.03	3.01289
0.4	0.04	2.99357
0.4	0.05	3.00469
0.4	0.06	2.99727
0.4	0.07	3.00097
0.4	0.08	2.99839
0.4	0.09	2.99954
0.4	0.1	2.99854
0.4	0.11	2.99891
0.4	0.12	2.99833
0.4	0.13	2.99837
0.4	0.14	2.99767
0.4	0.15	2.99756
0.4	0.16	2.99646
0.4	0.17	2.99614
0.4	0.18	2.99439
0.4	0.19	2.99355
0.4	0.2	2.99095
0.4	0.21	2.98925
0.4	0.22	2.98549
0.4	0.23	2.98239
0.4	0.24	2.977
0.4	0.25	2.97197
0.4	0.26	2.9645
0.4	0.27	2.9571
0.4	0.28	2.94701
0.4	0.29	2.93711
0.4	0.3	2.92428
0.4	0.31	2.91188
0.4	0.32	2.89618
0.4	0.33	2.88166
0.4	0.34	2.86354
0.4	0.35	2.84792
0.4	0.36	2.82838
0.4	0.37	2.81233
0.4	0.38	2.79266
0.4	0.39	2.77716
0.4	0.4	2.75863
0.4	0.41	2.74451
0.4	0.42	2.72822
0.4	0.43	2.71626
0.4	0.44	2.70326
0.4	0.45	2.69422
0.4	0.46	2.68515
0.4	0.47	2.67965
0.4	0.48	2.67491
0.4	0.49	2.67256
0.4	0.5	2.67256
0.4	0.51	2.67491
0.4	0.52	2.67965
0.4	0.53	2.68515
0.4	0.54	2.69422
0.4	0.55	2.70326
0.4	0.56	2.71626
0.4	0.57	2.72822
0.4	0.58	2.74451
0.4	0.59	2.75863
0.4	0.6	2.77716
0.4	0.61	2.79266
0.4	0.62	2.81233
0.4	0.63	2.82838
0.4	0.64	2.84792
0.4	0.65	2.86354
0.4	0.66	2.88166
0.4	0.67	2.89618
0.4	0.68	2.91188
0.4	0.69	2.92428
0.4	0.7	2.93711
0.4	0.71	2.94701
0.4	0.72	2.9571
0.4	0.73	2.9645
0.4	0.74	2.97197
0.4	0.75	2.977
0.4	0.76	2.98239
0.4	0.77	2.98549
0.4	0.78	2.98925
0.4	0.79	2.99095
0.4	0.8	2.99355
0.4	0.81	2.99439
0.4	0.82	2.99614
0.4	0.83	2.99646
0.4	0.84	2.99756
0.4	0.85	2.99767
0.4	0.86	2.99837
0.4	0.87	2.99833
0.4	0.88	2.99891
0.4	0.89	2.99854
0.4	0.9	2.99954
0.4	0.91	2.99839
0.4	0.92	3.00097
0.4	0.93	2.99727
0.4	0.94	3.00469
0.4	0.95	2.99357
0.4	0.96	3.01289
0.4	0.97	2.98272
0.4	0.98	2.98272
0.4	0.99	2.98272


0.41	0	2.98273
0.41	0.01	2.98273
0.41	0.02	2.98273
0.41	0.03	3.01287
0.41	0.04	2.99356
0.41	0.05	3.00467
0.41	0.06	2.99724
0.41	0.07	3.00093
0.41	0.08	2.99836
0.41	0.09	2.99952
0.41	0.1	2.99854
0.41	0.11	2.99892
0.41	0.12	2.99836
0.41	0.13	2.99845
0.41	0.14	2.99781
0.41	0.15	2.99772
0.41	0.16	2.99662
0.41	0.17	2.9963
0.41	0.18	2.99458
0.41	0.19	2.99379
0.41	0.2	2.99123
0.41	0.21	2.98953
0.41	0.22	2.98574
0.41	0.23	2.98257
0.41	0.24	2.97715
0.41	0.25	2.97203
0.41	0.26	2.96454
0.41	0.27	2.95708
0.41	0.28	2.94693
0.41	0.29	2.93691
0.41	0.3	2.92396
0.41	0.31	2.9115
0.41	0.32	2.89582
0.41	0.33	2.88134
0.41	0.34	2.86322
0.41	0.35	2.84763
0.41	0.36	2.8281
0.41	0.37	2.81208
0.41	0.38	2.79244
0.41	0.39	2.77696
0.41	0.4	2.75847
0.41	0.41	2.74438
0.41	0.42	2.7281
0.41	0.43	2.71617
0.41	0.44	2.70318
0.41	0.45	2.69414
0.41	0.46	2.68506
0.41	0.47	2.67957
0.41	0.48	2.67483
0.41	0.49	2.67248
0.41	0.5	2.67248
0.41	0.51	2.67483
0.41	0.52	2.67957
0.41	0.53	2.68506
0.41	0.54	2.69414
0.41	0.55	2.70318
0.41	0.56	2.71617
0.41	0.57	2.7281
0.41	0.58	2.74438
0.41	0.59	2.75847
0.41	0.6	2.77696
0.41	0.61	2.79244
0.41	0.62	2.81208
0.41	0.63	2.8281
0.41	0.64	2.84763
0.41	0.65	2.86322
0.41	0.66	2.88134
0.41	0.67	2.89582
0.41	0.68	2.9115
0.41	0.69	2.92396
0.41	0.7	2.93691
0.41	0.71	2.94693
0.41	0.72	2.95708
0.41	0.73	2.96454
0.41	0.74	2.97203
0.41	0.75	2.97715
0.41	0.76	2.98257
0.41	0.77	2.98574
0.41	0.78	2.98953
0.41	0.79	2.99123
0.41	0.8	2.99379
0.41	0.81	2.99458
0.41	0.82	2.9963
0.41	0.83	2.99662
0.41	0.84	2.99772
0.41	0.85	2.99781
0.41	0.86	2.99845
0.41	0.87	2.99836
0.41	0.88	2.99892
0.41	0.89	2.99854
0.41	0.9	2.99952
0.41	0.91	2.99836
0.41	0.92	3.00093
0.41	0.93	2.99724
0.41	0.94	3.00467
0.41	0.95	2.99356
0.41	0.96	3.01287
0.41	0.97	2.98273
0.41	0.98	2.98273
0.41	0.99	2.98273


0.42	0	2.98273
0.42	0.01	2.98273
0.42	0.02	2.98273
0.42	0.03	3.01283
0.42	0.04	2.99353
0.42	0.05	3.00463
0.42	0.06	2.99722
0.42	0.07	3.00091
0.42	0.08	2.99836
0.42	0.09	2.99954
0.42	0.1	2.99859
0.42	0.11	2.99903
0.42	0.12	2.99852
0.42	0.13	2.99862
0.42	0.14	2.99797
0.42	0.15	2.9979
0.42	0.16	2.99685
0.42	0.17	2.99658
0.42	0.18	2.99486
0.42	0.19	2.99403
0.42	0.2	2.99144
0.42	0.21	2.98966
0.42	0.22	2.98584
0.42	0.23	2.98259
0.42	0.24	2.97716
0.42	0.25	2.97198
0.42	0.26	2.96439
0.42	0.27	2.95678
0.42	0.28	2.94657
0.42	0.29	2.93655
0.42	0.3	2.92362
0.42	0.31	2.91119
0.42	0.32	2.89553
0.42	0.33	2.88106
0.42	0.34	2.86296
0.42	0.35	2.84739
0.42	0.36	2.82789
0.42	0.37	2.81189
0.42	0.38	2.79225
0.42	0.39	2.7768
0.42	0.4	2.75833
0.42	0.41	2.74425
0.42	0.42	2.72801
0.42	0.43	2.7161
0.42	0.44	2.70313
0.42	0.45	2.69412
0.42	0.46	2.68505
0.42	0.47	2.67955
0.42	0.48	2.67481
0.42	0.49	2.67246
0.42	0.5	2.67246
0.42	0.51	2.67481
0.42	0.52	2.67955
0.42	0.53	2.68505
0.42	0.54	2.69412
0.42	0.55	2.70313
0.42	0.56	2.7161
0.42	0.57	2.72801
0.42	0.58	2.74425
0.42	0.59	2.75833
0.42	0.6	2.7768
0.42	0.61	2.79225
0.42	0.62	2.81189
0.42	0.63	2.82789
0.42	0.64	2.84739
0.42	0.65	2.86296
0.42	0.66	2.88106
0.42	0.67	2.89553
0.42	0.68	2.91119
0.42	0.69	2.92362
0.42	0.7	2.93655
0.42	0.71	2.94657
0.42	0.72	2.95678
0.42	0.73	2.96439
0.42	0.74	2.97198
0.42	0.75	2.97716
0.42	0.76	2.98259
0.42	0.77	2.98584
0.42	0.78	2.98966
0.42	0.79	2.99144
0.42	0.8	2.99403
0.42	0.81	2.99486
0.42	0.82	2.99658
0.42	0.83	2.99685
0.42	0.84	2.9979
0.42	0.85	2.99797
0.42	0.86	2.99862
0.42	0.87	2.99852
0.42	0.88	2.99903
0.42	0.89	2.99859
0.42	0.9	2.99954
0.42	0.91	2.99836
0.42	0.92	3.00091
0.42	0.93	2.99722
0.42	0.94	3.00463
0.42	0.95	2.99353
0.42	0.96	3.01283
0.42	0.97	2.98273
0.42	0.98	2.98273
0.42	0.99	2.98273


0.43	0	2.98271
0.43	0.01	2.98271
0.43	0.02	2.98271
0.43	0.03	3.0128
0.43	0.04	2.99353
0.43	0.05	3.00462
0.43	0.06	2.99723
0.43	0.07	3.00096
0.43	0.08	2.99846
0.43	0.09	2.99969
0.43	0.1	2.99876
0.43	0.11	2.9992
0.43	0.12	2.99869
0.43	0.13	2.99884
0.43	0.14	2.99823
0.43	0.15	2.99819
0.43	0.16	2.9971
0.43	0.17	2.99678
0.43	0.18	2.99503
0.43	0.19	2.99412
0.43	0.2	2.99151
0.43	0.21	2.98967
0.43	0.22	2.98581
0.43	0.23	2.9825
0.43	0.24	2.97693
0.43	0.25	2.97163
0.43	0.26	2.96401
0.43	0.27	2.95646
0.43	0.28	2.94624
0.43	0.29	2.93624
0.43	0.3	2.92335
0.43	0.31	2.91093
0.43	0.32	2.89529
0.43	0.33	2.88083
0.43	0.34	2.86276
0.43	0.35	2.84722
0.43	0.36	2.82773
0.43	0.37	2.81173
0.43	0.38	2.79213
0.43	0.39	2.77669
0.43	0.4	2.75823
0.43	0.41	2.74417
0.43	0.42	2.72794
0.43	0.43	2.71604
0.43	0.44	2.7031
0.43	0.45	2.69409
0.43	0.46	2.68505
0.43	0.47	2.67958
0.43	0.48	2.67485
0.43	0.49	2.67252
0.43	0.5	2.67252
0.43	0.51	2.67485
0.43	0.52	2.67958
0.43	0.53	2.68505
0.43	0.54	2.69409
0.43	0.55	2.7031
0.43	0.56	2.71604
0.43	0.57	2.72794
0.43	0.58	2.74417
0.43	0.59	2.75823
0.43	0.6	2.77669
0.43	0.61	2.79213
0.43	0.62	2.81173
0.43	0.63	2.82773
0.43	0.64	2.84722
0.43	0.65	2.86276
0.43	0.66	2.88083
0.43	0.67	2.89529
0.43	0.68	2.91093
0.43	0.69	2.92335
0.43	0.7	2.93624
0.43	0.71	2.94624
0.43	0.72	2.95646
0.43	0.73	2.96401
0.43	0.74	2.97163
0.43	0.75	2.97693
0.43	0.76	2.9825
0.43	0.77	2.98581
0.43	0.78	2.98967
0.43	0.79	2.99151
0.43	0.8	2.99412
0.43	0.81	2.99503
0.43	0.82	2.99678
0.43	0.83	2.9971
0.43	0.84	2.99819
0.43	0.85	2.99823
0.43	0.86	2.99884
0.43	0.87	2.99869
0.43	0.88	2.9992
0.43	0.89	2.99876
0.43	0.9	2.99969
0.43	0.91	2.99846
0.43	0.92	3.00096
0.43	0.93	2.99723
0.43	0.94	3.00462
0.43	0.95	2.99353
0.43	0.96	3.0128
0.43	0.97	2.98271
0.43	0.98	2.98271
0.43	0.99	2.98271


0.44	0	2.98272
0.44	0.01	2.98272
0.44	0.02	2.98272
0.44	0.03	3.0128
0.44	0.04	2.99356
0.44	0.05	3.00469
0.44	0.06	2.99737
0.44	0.07	3.00112
0.44	0.08	2.99863
0.44	0.09	2.99986
0.44	0.1	2.99897
0.44	0.11	2.99946
0.44	0.12	2.99897
0.44	0.13	2.99909
0.44	0.14	2.99846
0.44	0.15	2.99834
0.44	0.16	2.99723
0.44	0.17	2.99682
0.44	0.18	2.99507
0.44	0.19	2.99411
0.44	0.2	2.99143
0.44	0.21	2.98948
0.44	0.22	2.9855
0.44	0.23	2.98211
0.44	0.24	2.97656
0.44	0.25	2.97132
0.44	0.26	2.9637
0.44	0.27	2.95616
0.44	0.28	2.94597
0.44	0.29	2.93601
0.44	0.3	2.92311
0.44	0.31	2.91072
0.44	0.32	2.8951
0.44	0.33	2.88067
0.44	0.34	2.86262
0.44	0.35	2.84707
0.44	0.36	2.8276
0.44	0.37	2.81165
0.44	0.38	2.79205
0.44	0.39	2.77662
0.44	0.4	2.75817
0.44	0.41	2.74413
0.44	0.42	2.7279
0.44	0.43	2.71602
0.44	0.44	2.70308
0.44	0.45	2.69409
0.44	0.46	2.68507
0.44	0.47	2.67962
0.44	0.48	2.6749
0.44	0.49	2.67257
0.44	0.5	2.67257
0.44	0.51	2.6749
0.44	0.52	2.67962
0.44	0.53	2.68507
0.44	0.54	2.69409
0.44	0.55	2.70308
0.44	0.56	2.71602
0.44	0.57	2.7279
0.44	0.58	2.74413
0.44	0.59	2.75817
0.44	0.6	2.77662
0.44	0.61	2.79205
0.44	0.62	2.81165
0.44	0.63	2.8276
0.44	0.64	2.84707
0.44	0.65	2.86262
0.44	0.66	2.88067
0.44	0.67	2.8951
0.44	0.68	2.91072
0.44	0.69	2.92311
0.44	0.7	2.93601
0.44	0.71	2.94597
0.44	0.72	2.95616
0.44	0.73	2.9637
0.44	0.74	2.97132
0.44	0.75	2.97656
0.44	0.76	2.98211
0.44	0.77	2.9855
0.44	0.78	2.98948
0.44	0.79	2.99143
0.44	0.8	2.99411
0.44	0.81	2.99507
0.44	0.82	2.99682
0.44	0.83	2.99723
0.44	0.84	2.99834
0.44	0.85	2.99846
0.44	0.86	2.99909
0.44	0.87	2.99897
0.44	0.88	2.99946
0.44	0.89	2.99897
0.44	0.9	2.99986
0.44	0.91	2.99863
0.44	0.92	3.00112
0.44	0.93	2.99737
0.44	0.94	3.00469
0.44	0.95	2.99356
0.44	0.96	3.0128
0.44	0.97	2.98272
0.44	0.98	2.98272
0.44	0.99	2.98272


0.45	0	2.98279
0.45	0.01	2.98279
0.45	0.02	2.98279
0.45	0.03	3.0129
0.45	0.04	2.99373
0.45	0.05	3.00488
0.45	0.06	2.99754
0.45	0.07	3.00132
0.45	0.08	2.99888
0.45	0.09	3.00014
0.45	0.1	2.99923
0.45	0.11	2.99967
0.45	0.12	2.99916
0.45	0.13	2.9992
0.45	0.14	2.99855
0.45	0.15	2.99836
0.45	0.16	2.99724
0.45	0.17	2.99678
0.45	0.18	2.99493
0.45	0.19	2.99382
0.45	0.2	2.99107
0.45	0.21	2.98911
0.45	0.22	2.98515
0.45	0.23	2.98181
0.45	0.24	2.97628
0.45	0.25	2.97104
0.45	0.26	2.96344
0.45	0.27	2.95593
0.45	0.28	2.94576
0.45	0.29	2.9358
0.45	0.3	2.92293
0.45	0.31	2.91057
0.45	0.32	2.89496
0.45	0.33	2.88054
0.45	0.34	2.8625
0.45	0.35	2.84699
0.45	0.36	2.82754
0.45	0.37	2.81158
0.45	0.38	2.79199
0.45	0.39	2.77659
0.45	0.4	2.75815
0.45	0.41	2.74412
0.45	0.42	2.7279
0.45	0.43	2.71603
0.45	0.44	2.70311
0.45	0.45	2.69413
0.45	0.46	2.6851
0.45	0.47	2.67963
0.45	0.48	2.67491
0.45	0.49	2.67258
0.45	0.5	2.67258
0.45	0.51	2.67491
0.45	0.52	2.67963
0.45	0.53	2.6851
0.45	0.54	2.69413
0.45	0.55	2.70311
0.45	0.56	2.71603
0.45	0.57	2.7279
0.45	0.58	2.74412
0.45	0.59	2.75815
0.45	0.6	2.77659
0.45	0.61	2.79199
0.45	0.62	2.81158
0.45	0.63	2.82754
0.45	0.64	2.84699
0.45	0.65	2.8625
0.45	0.66	2.88054
0.45	0.67	2.89496
0.45	0.68	2.91057
0.45	0.69	2.92293
0.45	0.7	2.9358
0.45	0.71	2.94576
0.45	0.72	2.95593
0.45	0.73	2.96344
0.45	0.74	2.97104
0.45	0.75	2.97628
0.45	0.76	2.98181
0.45	0.77	2.98515
0.45	0.78	2.98911
0.45	0.79	2.99107
0.45	0.8	2.99382
0.45	0.81	2.99493
0.45	0.82	2.99678
0.45	0.83	2.99724
0.45	0.84	2.99836
0.45	0.85	2.99855
0.45	0.86	2.9992
0.45	0.87	2.99916
0.45	0.88	2.99967
0.45	0.89	2.99923
0.45	0.9	3.00014
0.45	0.91	2.99888
0.45	0.92	3.00132
0.45	0.93	2.99754
0.45	0.94	3.00488
0.45	0.95	2.99373
0.45	0.96	3.0129
0.45	0.97	2.98279
0.45	0.98	2.98279
0.45	0.99	2.98279


0.46	0	2.983
0.46	0.01	2.983
0.46	0.02	2.983
0.46	0.03	3.01305
0.46	0.04	2.99394
0.46	0.05	3.0051
0.46	0.06	2.99782
0.46	0.07	3.00159
0.46	0.08	2.99911
0.46	0.09	3.00031
0.46	0.1	2.99938
0.46	0.11	2.99974
0.46	0.12	2.99922
0.46	0.13	2.99921
0.46	0.14	2.99851
0.46	0.15	2.99826
0.46	0.16	2.997
0.46	0.17	2.99642
0.46	0.18	2.99454
0.46	0.19	2.99349
0.46	0.2	2.99074
0.46	0.21	2.98881
0.46	0.22	2.98489
0.46	0.23	2.98156
0.46	0.24	2.97603
0.46	0.25	2.97081
0.46	0.26	2.96325
0.46	0.27	2.95575
0.46	0.28	2.94559
0.46	0.29	2.93565
0.46	0.3	2.92281
0.46	0.31	2.91046
0.46	0.32	2.89486
0.46	0.33	2.88046
0.46	0.34	2.86244
0.46	0.35	2.84694
0.46	0.36	2.82749
0.46	0.37	2.81155
0.46	0.38	2.79199
0.46	0.39	2.77659
0.46	0.4	2.75816
0.46	0.41	2.74414
0.46	0.42	2.72793
0.46	0.43	2.71607
0.46	0.44	2.70313
0.46	0.45	2.69414
0.46	0.46	2.6851
0.46	0.47	2.67963
0.46	0.48	2.67491
0.46	0.49	2.67257
0.46	0.5	2.67257
0.46	0.51	2.67491
0.46	0.52	2.67963
0.46	0.53	2.6851
0.46	0.54	2.69414
0.46	0.55	2.70313
0.46	0.56	2.71607
0.46	0.57	2.72793
0.46	0.58	2.74414
0.46	0.59	2.75816
0.46	0.6	2.77659
0.46	0.61	2.79199
0.46	0.62	2.81155
0.46	0.63	2.82749
0.46	0.64	2.84694
0.46	0.65	2.86244
0.46	0.66	2.88046
0.46	0.67	2.89486
0.46	0.68	2.91046
0.46	0.69	2.92281
0.46	0.7	2.93565
0.46	0.71	2.94559
0.46	0.72	2.95575
0.46	0.73	2.96325
0.46	0.74	2.97081
0.46	0.75	2.97603
0.46	0.76	2.98156
0.46	0.77	2.98489
0.46	0.78	2.98881
0.46	0.79	2.99074
0.46	0.8	2.99349
0.46	0.81	2.99454
0.46	0.82	2.99642
0.46	0.83	2.997
0.46	0.84	2.99826
0.46	0.85	2.99851
0.46	0.86	2.99921
0.46	0.87	2.99922
0.46	0.88	2.99974
0.46	0.89	2.99938
0.46	0.9	3.00031
0.46	0.91	2.99911
0.46	0.92	3.00159
0.46	0.93	2.99782
0.46	0.94	3.0051
0.46	0.95	2.99394
0.46	0.96	3.01305
0.46	0.97	2.983
0.46	0.98	2.983
0.46	0.99	2.983


0.47	0	2.98328
0.47	0.01	2.98328
0.47	0.02	2.98328
0.47	0.03	3.01326
0.47	0.04	2.99424
0.47	0.05	3.00531
0.47	0.06	2.99803
0.47	0.07	3.00171
0.47	0.08	2.99922
0.47	0.09	3.00035
0.47	0.1	2.99941
0.47	0.11	2.99972
0.47	0.12	2.99913
0.47	0.13	2.99901
0.47	0.14	2.99819
0.47	0.15	2.99787
0.47	0.16	2.99663
0.47	0.17	2.99612
0.47	0.18	2.99424
0.47	0.19	2.9932
0.47	0.2	2.99049
0.47	0.21	2.98858
0.47	0.22	2.98466
0.47	0.23	2.98134
0.47	0.24	2.97585
0.47	0.25	2.97066
0.47	0.26	2.9631
0.47	0.27	2.95561
0.47	0.28	2.94547
0.47	0.29	2.93557
0.47	0.3	2.92272
0.47	0.31	2.91038
0.47	0.32	2.89481
0.47	0.33	2.88043
0.47	0.34	2.86241
0.47	0.35	2.84691
0.47	0.36	2.82749
0.47	0.37	2.81156
0.47	0.38	2.792
0.47	0.39	2.77662
0.47	0.4	2.75819
0.47	0.41	2.74417
0.47	0.42	2.72795
0.47	0.43	2.71608
0.47	0.44	2.70314
0.47	0.45	2.69414
0.47	0.46	2.6851
0.47	0.47	2.67963
0.47	0.48	2.6749
0.47	0.49	2.67257
0.47	0.5	2.67257
0.47	0.51	2.6749
0.47	0.52	2.67963
0.47	0.53	2.6851
0.47	0.54	2.69414
0.47	0.55	2.70314
0.47	0.56	2.71608
0.47	0.57	2.72795
0.47	0.58	2.74417
0.47	0.59	2.75819
0.47	0.6	2.77662
0.47	0.61	2.792
0.47	0.62	2.81156
0.47	0.63	2.82749
0.47	0.64	2.84691
0.47	0.65	2.86241
0.47	0.66	2.88043
0.47	0.67	2.89481
0.47	0.68	2.91038
0.47	0.69	2.92272
0.47	0.7	2.93557
0.47	0.71	2.94547
0.47	0.72	2.95561
0.47	0.73	2.9631
0.47	0.74	2.97066
0.47	0.75	2.97585
0.47	0.76	2.98134
0.47	0.77	2.98466
0.47	0.78	2.98858
0.47	0.79	2.99049
0.47	0.8	2.9932
0.47	0.81	2.99424
0.47	0.82	2.99612
0.47	0.83	2.99663
0.47	0.84	2.99787
0.47	0.85	2.99819
0.47	0.86	2.99901
0.47	0.87	2.99913
0.47	0.88	2.99972
0.47	0.89	2.99941
0.47	0.9	3.00035
0.47	0.91	2.99922
0.47	0.92	3.00171
0.47	0.93	2.99803
0.47	0.94	3.00531
0.47	0.95	2.99424
0.47	0.96	3.01326
0.47	0.97	2.98328
0.47	0.98	2.98328
0.47	0.99	2.98328


0.48	0	2.9836
0.48	0.01	2.9836
0.48	0.02	2.9836
0.48	0.03	3.01339
0.48	0.04	2.99442
0.48	0.05	3.00539
0.48	0.06	2.99811
0.48	0.07	3.00172
0.48	0.08	2.99922
0.48	0.09	3.00029
0.48	0.1	2.99925
0.48	0.11	2.99943
0.48	0.12	2.99876
0.48	0.13	2.99864
0.48	0.14	2.99785
0.48	0.15	2.99757
0.48	0.16	2.99635
0.48	0.17	2.99584
0.48	0.18	2.99398
0.48	0.19	2.99298
0.48	0.2	2.99028
0.48	0.21	2.98838
0.48	0.22	2.98448
0.48	0.23	2.9812
0.48	0.24	2.97571
0.48	0.25	2.97053
0.48	0.26	2.96298
0.48	0.27	2.95553
0.48	0.28	2.94541
0.48	0.29	2.9355
0.48	0.3	2.92267
0.48	0.31	2.91036
0.48	0.32	2.89479
0.48	0.33	2.88041
0.48	0.34	2.86241
0.48	0.35	2.84693
0.48	0.36	2.82752
0.48	0.37	2.8116
0.48	0.38	2.79203
0.48	0.39	2.77664
0.48	0.4	2.75821
0.48	0.41	2.74417
0.48	0.42	2.72795
0.48	0.43	2.71608
0.48	0.44	2.70313
0.48	0.45	2.69414
0.48	0.46	2.6851
0.48	0.47	2.67962
0.48	0.48	2.6749
0.48	0.49	2.67257
0.48	0.5	2.67257
0.48	0.51	2.6749
0.48	0.52	2.67962
0.48	0.53	2.6851
0.48	0.54	2.69414
0.48	0.55	2.70313
0.48	0.56	2.71608
0.48	0.57	2.72795
0.48	0.58	2.74417
0.48	0.59	2.75821
0.48	0.6	2.77664
0.48	0.61	2.79203
0.48	0.62	2.8116
0.48	0.63	2.82752
0.48	0.64	2.84693
0.48	0.65	2.86241
0.48	0.66	2.88041
0.48	0.67	2.89479
0.48	0.68	2.91036
0.48	0.69	2.92267
0.48	0.7	2.9355
0.48	0.71	2.94541
0.48	0.72	2.95553
0.48	0.73	2.96298
0.48	0.74	2.97053
0.48	0.75	2.97571
0.48	0.76	2.9812
0.48	0.77	2.98448
0.48	0.78	2.98838
0.48	0.79	2.99028
0.48	0.8	2.99298
0.48	0.81	2.99398
0.48	0.82	2.99584
0.48	0.83	2.99635
0.48	0.84	2.99757
0.48	0.85	2.99785
0.48	0.86	2.99864
0.48	0.87	2.99876
0.48	0.88	2.99943
0.48	0.89	2.99925
0.48	0.9	3.00029
0.48	0.91	2.99922
0.48	0.92	3.00172
0.48	0.93	2.99811
0.48	0.94	3.00539
0.48	0.95	2.99442
0.48	0.96	3.01339
0.48	0.97	2.9836
0.48	0.98	2.9836
0.48	0.99	2.9836


0.49	0	2.9838
0.49	0.01	2.9838
0.49	0.02	2.9838
0.49	0.03	3.01339
0.49	0.04	2.99447
0.49	0.05	3.00536
0.49	0.06	2.99807
0.49	0.07	3.0016
0.49	0.08	2.99897
0.49	0.09	2.99993
0.49	0.1	2.99888
0.49	0.11	2.9991
0.49	0.12	2.99844
0.49	0.13	2.99835
0.49	0.14	2.99759
0.49	0.15	2.99732
0.49	0.16	2.99611
0.49	0.17	2.99562
0.49	0.18	2.9938
0.49	0.19	2.99279
0.49	0.2	2.99011
0.49	0.21	2.98823
0.49	0.22	2.98437
0.49	0.23	2.98108
0.49	0.24	2.97561
0.49	0.25	2.97045
0.49	0.26	2.96294
0.49	0.27	2.95548
0.49	0.28	2.94536
0.49	0.29	2.93547
0.49	0.3	2.92267
0.49	0.31	2.91035
0.49	0.32	2.8948
0.49	0.33	2.88044
0.49	0.34	2.86245
0.49	0.35	2.84697
0.49	0.36	2.82754
0.49	0.37	2.81161
0.49	0.38	2.79204
0.49	0.39	2.77664
0.49	0.4	2.7582
0.49	0.41	2.74417
0.49	0.42	2.72795
0.49	0.43	2.71607
0.49	0.44	2.70313
0.49	0.45	2.69413
0.49	0.46	2.6851
0.49	0.47	2.67962
0.49	0.48	2.6749
0.49	0.49	2.67257
0.49	0.5	2.67257
0.49	0.51	2.6749
0.49	0.52	2.67962
0.49	0.53	2.6851
0.49	0.54	2.69413
0.49	0.55	2.70313
0.49	0.56	2.71607
0.49	0.57	2.72795
0.49	0.58	2.74417
0.49	0.59	2.7582
0.49	0.6	2.77664
0.49	0.61	2.79204
0.49	0.62	2.81161
0.49	0.63	2.82754
0.49	0.64	2.84697
0.49	0.65	2.86245
0.49	0.66	2.88044
0.49	0.67	2.8948
0.49	0.68	2.91035
0.49	0.69	2.92267
0.49	0.7	2.93547
0.49	0.71	2.94536
0.49	0.72	2.95548
0.49	0.73	2.96294
0.49	0.74	2.97045
0.49	0.75	2.97561
0.49	0.76	2.98108
0.49	0.77	2.98437
0.49	0.78	2.98823
0.49	0.79	2.99011
0.49	0.8	2.99279
0.49	0.81	2.9938
0.49	0.82	2.99562
0.49	0.83	2.99611
0.49	0.84	2.99732
0.49	0.85	2.99759
0.49	0.86	2.99835
0.49	0.87	2.99844
0.49	0.88	2.9991
0.49	0.89	2.99888
0.49	0.9	2.99993
0.49	0.91	2.99897
0.49	0.92	3.0016
0.49	0.93	2.99807
0.49	0.94	3.00536
0.49	0.95	2.99447
0.49	0.96	3.01339
0.49	0.97	2.9838
0.49	0.98	2.9838
0.49	0.99	2.9838


0.5	0	2.98387
0.5	0.01	2.98387
0.5	0.02	2.98387
0.5	0.03	3.01333
0.5	0.04	2.99439
0.5	0.05	3.00513
0.5	0.06	2.99774
0.5	0.07	3.0012
0.5	0.08	2.9986
0.5	0.09	2.99962
0.5	0.1	2.99857
0.5	0.11	2.99881
0.5	0.12	2.99819
0.5	0.13	2.99812
0.5	0.14	2.99737
0.5	0.15	2.99711
0.5	0.16	2.99593
0.5	0.17	2.99547
0.5	0.18	2.99365
0.5	0.19	2.99265
0.5	0.2	2.99
0.5	0.21	2.98814
0.5	0.22	2.98427
0.5	0.23	2.98101
0.5	0.24	2.97557
0.5	0.25	2.97042
0.5	0.26	2.9629
0.5	0.27	2.95545
0.5	0.28	2.94536
0.5	0.29	2.93549
0.5	0.3	2.92269
0.5	0.31	2.91038
0.5	0.32	2.89483
0.5	0.33	2.88047
0.5	0.34	2.86246
0.5	0.35	2.84697
0.5	0.36	2.82754
0.5	0.37	2.81161
0.5	0.38	2.79204
0.5	0.39	2.77664
0.5	0.4	2.7582
0.5	0.41	2.74417
0.5	0.42	2.72795
0.5	0.43	2.71607
0.5	0.44	2.70313
0.5	0.45	2.69414
0.5	0.46	2.6851
0.5	0.47	2.67962
0.5	0.48	2.6749
0.5	0.49	2.67257
0.5	0.5	2.67257
0.5	0.51	2.6749
0.5	0.52	2.67962
0.5	0.53	2.6851
0.5	0.54	2.69414
0.5	0.55	2.70313
0.5	0.56	2.71607
0.5	0.57	2.72795
0.5	0.58	2.74417
0.5	0.59	2.7582
0.5	0.6	2.77664
0.5	0.61	2.79204
0.5	0.62	2.81161
0.5	0.63	2.82754
0.5	0.64	2.84697
0.5	0.65	2.86246
0.5	0.66	2.88047
0.5	0.67	2.89483
0.5	0.68	2.91038
0.5	0.69	2.92269
0.5	0.7	2.93549
0.5	0.71	2.94536
0.5	0.72	2.95545
0.5	0.73	2.9629
0.5	0.74	2.97042
0.5	0.75	2.97557
0.5	0.76	2.98101
0.5	0.77	2.98427
0.5	0.78	2.98814
0.5	0.79	2.99
0.5	0.8	2.99265
0.5	0.81	2.99365
0.5	0.82	2.99547
0.5	0.83	2.99593
0.5	0.84	2.99711
0.5	0.85	2.99737
0.5	0.86	2.99812
0.5	0.87	2.99819
0.5	0.88	2.99881
0.5	0.89	2.99857
0.5	0.9	2.99962
0.5	0.91	2.9986
0.5	0.92	3.0012
0.5	0.93	2.99774
0.5	0.94	3.00513
0.5	0.95	2.99439
0.5	0.96	3.01333
0.5	0.97	2.98387
0.5	0.98	2.98387
0.5	0.99	2.98387


