0	0	4.50001
0	0.01	4.50001
0	0.02	4.50002
0	0.03	4.50003
0	0.04	4.50005
0	0.05	4.50008
0	0.06	4.50012
0	0.07	4.50018
0	0.08	4.50027
0	0.09	4.50041
0	0.1	4.50061
0	0.11	4.50091
0	0.12	4.50133
0	0.13	4.50192
0	0.14	4.50275
0	0.15	4.5039
0	0.16	4.50548
0	0.17	4.50763
0	0.18	4.51051
0	0.19	4.51432
0	0.2	4.51934
0	0.21	4.52584
0	0.22	4.53419
0	0.23	4.54479
0	0.24	4.55809
0	0.25	4.57459
0	0.26	4.59482
0	0.27	4.61934
0	0.28	4.64871
0	0.29	4.68346
0	0.3	4.72407
0	0.31	4.77096
0	0.32	4.8244
0	0.33	4.88451
0	0.34	4.95123
0	0.35	5.02425
0	0.36	5.10303
0	0.37	5.18675
0	0.38	5.27431
0	0.39	5.36434
0	0.4	5.45525
0	0.41	5.54521
0	0.42	5.63226
0	0.43	5.71436
0	0.44	5.78945
0	0.45	5.85556
0	0.46	5.91088
0	0.47	5.95385
0	0.48	5.98322
0	0.49	5.99813
0	0.5	5.99813
0	0.51	5.98322
0	0.52	5.95385
0	0.53	5.91088
0	0.54	5.85556
0	0.55	5.78945
0	0.56	5.71436
0	0.57	5.63226
0	0.58	5.54521
0	0.59	5.45525
0	0.6	5.36434
0	0.61	5.27431
0	0.62	5.18675
0	0.63	5.10303
0	0.64	5.02425
0	0.65	4.95123
0	0.66	4.88451
0	0.67	4.8244
0	0.68	4.77096
0	0.69	4.72407
0	0.7	4.68346
0	0.71	4.64871
0	0.72	4.61934
0	0.73	4.59482
0	0.74	4.57459
0	0.75	4.55809
0	0.76	4.54479
0	0.77	4.53419
0	0.78	4.52584
0	0.79	4.51934
0	0.8	4.51432
0	0.81	4.51051
0	0.82	4.50763
0	0.83	4.50548
0	0.84	4.5039
0	0.85	4.50275
0	0.86	4.50192
0	0.87	4.50133
0	0.88	4.50091
0	0.89	4.50061
0	0.9	4.50041
0	0.91	4.50027
0	0.92	4.50018
0	0.93	4.50012
0	0.94	4.50008
0	0.95	4.50005
0	0.96	4.50003
0	0.97	4.50002
0	0.98	4.50001
0	0.99	4.50001


0.01	0	4.50004
0.01	0.01	4.50004
0.01	0.02	4.50004
0.01	0.03	4.50006
0.01	0.04	4.50008
0.01	0.05	4.50014
0.01	0.06	4.5002
0.01	0.07	4.50031
0.01	0.08	4.50045
0.01	0.09	4.50067
0.01	0.1	4.50098
0.01	0.11	4.50141
0.01	0.12	4.50202
0.01	0.13	4.50287
0.01	0.14	4.50403
0.01	0.15	4.5056
0.01	0.16	4.50771
0.01	0.17	4.51052
0.01	0.18	4.51421
0.01	0.19	4.51902
0.01	0.2	4.52521
0.01	0.21	4.53311
0.01	0.22	4.54308
0.01	0.23	4.55552
0.01	0.24	4.57089
0.01	0.25	4.58967
0.01	0.26	4.61236
0.01	0.27	4.63946
0.01	0.28	4.67147
0.01	0.29	4.70884
0.01	0.3	4.75194
0.01	0.31	4.80108
0.01	0.32	4.85627
0.01	0.33	4.91737
0.01	0.34	4.98419
0.01	0.35	5.05624
0.01	0.36	5.13278
0.01	0.37	5.21279
0.01	0.38	5.29522
0.01	0.39	5.3782
0.01	0.4	5.4623
0.01	0.41	5.54218
0.01	0.42	5.61881
0.01	0.43	5.68984
0.01	0.44	5.75349
0.01	0.45	5.80799
0.01	0.46	5.85275
0.01	0.47	5.88931
0.01	0.48	5.91259
0.01	0.49	5.92795
0.01	0.5	5.92795
0.01	0.51	5.91259
0.01	0.52	5.88931
0.01	0.53	5.85275
0.01	0.54	5.80799
0.01	0.55	5.75349
0.01	0.56	5.68984
0.01	0.57	5.61881
0.01	0.58	5.54218
0.01	0.59	5.4623
0.01	0.6	5.3782
0.01	0.61	5.29522
0.01	0.62	5.21279
0.01	0.63	5.13278
0.01	0.64	5.05624
0.01	0.65	4.98419
0.01	0.66	4.91737
0.01	0.67	4.85627
0.01	0.68	4.80108
0.01	0.69	4.75194
0.01	0.7	4.70884
0.01	0.71	4.67147
0.01	0.72	4.63946
0.01	0.73	4.61236
0.01	0.74	4.58967
0.01	0.75	4.57089
0.01	0.76	4.55552
0.01	0.77	4.54308
0.01	0.78	4.53311
0.01	0.79	4.52521
0.01	0.8	4.51902
0.01	0.81	4.51421
0.01	0.82	4.51052
0.01	0.83	4.50771
0.01	0.84	4.5056
0.01	0.85	4.50403
0.01	0.86	4.50287
0.01	0.87	4.50202
0.01	0.88	4.50141
0.01	0.89	4.50098
0.01	0.9	4.50067
0.01	0.91	4.50045
0.01	0.92	4.50031
0.01	0.93	4.5002
0.01	0.94	4.50014
0.01	0.95	4.50008
0.01	0.96	4.50006
0.01	0.97	4.50004
0.01	0.98	4.50004
0.01	0.99	4.50004


0.02	0	4.50011
0.02	0.01	4.50011
0.02	0.02	4.50011
0.02	0.03	4.50019
0.02	0.04	4.50025
0.02	0.05	4.5004
0.02	0.06	4.50054
0.02	0.07	4.50084
0.02	0.08	4.50112
0.02	0.09	4.50171
0.02	0.1	4.50231
0.02	0.11	4.50332
0.02	0.12	4.50454
0.02	0.13	4.50628
0.02	0.14	4.50852
0.02	0.15	4.5115
0.02	0.16	4.51534
0.02	0.17	4.5203
0.02	0.18	4.52662
0.02	0.19	4.53457
0.02	0.2	4.5445
0.02	0.21	4.55677
0.02	0.22	4.57177
0.02	0.23	4.58991
0.02	0.24	4.61162
0.02	0.25	4.63731
0.02	0.26	4.66737
0.02	0.27	4.70212
0.02	0.28	4.74181
0.02	0.29	4.78657
0.02	0.3	4.83636
0.02	0.31	4.89045
0.02	0.32	4.94858
0.02	0.33	5.01005
0.02	0.34	5.07403
0.02	0.35	5.13966
0.02	0.36	5.20564
0.02	0.37	5.27164
0.02	0.38	5.33555
0.02	0.39	5.40012
0.02	0.4	5.4572
0.02	0.41	5.51095
0.02	0.42	5.55984
0.02	0.43	5.60404
0.02	0.44	5.64328
0.02	0.45	5.67659
0.02	0.46	5.70322
0.02	0.47	5.72335
0.02	0.48	5.73732
0.02	0.49	5.74658
0.02	0.5	5.74658
0.02	0.51	5.73732
0.02	0.52	5.72335
0.02	0.53	5.70322
0.02	0.54	5.67659
0.02	0.55	5.64328
0.02	0.56	5.60404
0.02	0.57	5.55984
0.02	0.58	5.51095
0.02	0.59	5.4572
0.02	0.6	5.40012
0.02	0.61	5.33555
0.02	0.62	5.27164
0.02	0.63	5.20564
0.02	0.64	5.13966
0.02	0.65	5.07403
0.02	0.66	5.01005
0.02	0.67	4.94858
0.02	0.68	4.89045
0.02	0.69	4.83636
0.02	0.7	4.78657
0.02	0.71	4.74181
0.02	0.72	4.70212
0.02	0.73	4.66737
0.02	0.74	4.63731
0.02	0.75	4.61162
0.02	0.76	4.58991
0.02	0.77	4.57177
0.02	0.78	4.55677
0.02	0.79	4.5445
0.02	0.8	4.53457
0.02	0.81	4.52662
0.02	0.82	4.5203
0.02	0.83	4.51534
0.02	0.84	4.5115
0.02	0.85	4.50852
0.02	0.86	4.50628
0.02	0.87	4.50454
0.02	0.88	4.50332
0.02	0.89	4.50231
0.02	0.9	4.50171
0.02	0.91	4.50112
0.02	0.92	4.50084
0.02	0.93	4.50054
0.02	0.94	4.5004
0.02	0.95	4.50025
0.02	0.96	4.50019
0.02	0.97	4.50011
0.02	0.98	4.50011
0.02	0.99	4.50011


0.03	0	4.5003
0.03	0.01	4.5003
0.03	0.02	4.5003
0.03	0.03	4.50054
0.03	0.04	4.50071
0.03	0.05	4.5011
0.03	0.06	4.50146
0.03	0.07	4.50221
0.03	0.08	4.5029
0.03	0.09	4.50427
0.03	0.1	4.50556
0.03	0.11	4.50795
0.03	0.12	4.51021
0.03	0.13	4.51436
0.03	0.14	4.51812
0.03	0.15	4.52483
0.03	0.16	4.53134
0.03	0.17	4.54117
0.03	0.18	4.55208
0.03	0.19	4.56632
0.03	0.2	4.58306
0.03	0.21	4.60348
0.03	0.22	4.62753
0.03	0.23	4.65584
0.03	0.24	4.68857
0.03	0.25	4.72596
0.03	0.26	4.768
0.03	0.27	4.81451
0.03	0.28	4.86501
0.03	0.29	4.91784
0.03	0.3	4.97225
0.03	0.31	5.02729
0.03	0.32	5.08087
0.03	0.33	5.13361
0.03	0.34	5.18161
0.03	0.35	5.22904
0.03	0.36	5.2708
0.03	0.37	5.31085
0.03	0.38	5.34414
0.03	0.39	5.37476
0.03	0.4	5.40148
0.03	0.41	5.42581
0.03	0.42	5.44671
0.03	0.43	5.46427
0.03	0.44	5.47933
0.03	0.45	5.49207
0.03	0.46	5.50213
0.03	0.47	5.50938
0.03	0.48	5.51399
0.03	0.49	5.51685
0.03	0.5	5.51685
0.03	0.51	5.51399
0.03	0.52	5.50938
0.03	0.53	5.50213
0.03	0.54	5.49207
0.03	0.55	5.47933
0.03	0.56	5.46427
0.03	0.57	5.44671
0.03	0.58	5.42581
0.03	0.59	5.40148
0.03	0.6	5.37476
0.03	0.61	5.34414
0.03	0.62	5.31085
0.03	0.63	5.2708
0.03	0.64	5.22904
0.03	0.65	5.18161
0.03	0.66	5.13361
0.03	0.67	5.08087
0.03	0.68	5.02729
0.03	0.69	4.97225
0.03	0.7	4.91784
0.03	0.71	4.86501
0.03	0.72	4.81451
0.03	0.73	4.768
0.03	0.74	4.72596
0.03	0.75	4.68857
0.03	0.76	4.65584
0.03	0.77	4.62753
0.03	0.78	4.60348
0.03	0.79	4.58306
0.03	0.8	4.56632
0.03	0.81	4.55208
0.03	0.82	4.54117
0.03	0.83	4.53134
0.03	0.84	4.52483
0.03	0.85	4.51812
0.03	0.86	4.51436
0.03	0.87	4.51021
0.03	0.88	4.50795
0.03	0.89	4.50556
0.03	0.9	4.50427
0.03	0.91	4.5029
0.03	0.92	4.50221
0.03	0.93	4.50146
0.03	0.94	4.5011
0.03	0.95	4.50071
0.03	0.96	4.50054
0.03	0.97	4.5003
0.03	0.98	4.5003
0.03	0.99	4.5003


0.04	0	4.50085
0.04	0.01	4.50085
0.04	0.02	4.50085
0.04	0.03	4.50148
0.04	0.04	4.50189
0.04	0.05	4.50286
0.04	0.06	4.50373
0.04	0.07	4.50544
0.04	0.08	4.50703
0.04	0.09	4.51001
0.04	0.1	4.51278
0.04	0.11	4.51777
0.04	0.12	4.52241
0.04	0.13	4.53048
0.04	0.14	4.53796
0.04	0.15	4.55052
0.04	0.16	4.56216
0.04	0.17	4.58099
0.04	0.18	4.59839
0.04	0.19	4.62553
0.04	0.2	4.6504
0.04	0.21	4.68769
0.04	0.22	4.72179
0.04	0.23	4.76931
0.04	0.24	4.81379
0.04	0.25	4.86907
0.04	0.26	4.92216
0.04	0.27	4.97746
0.04	0.28	5.02793
0.04	0.29	5.08025
0.04	0.3	5.1202
0.04	0.31	5.16414
0.04	0.32	5.19259
0.04	0.33	5.22397
0.04	0.34	5.24393
0.04	0.35	5.2634
0.04	0.36	5.27542
0.04	0.37	5.28475
0.04	0.38	5.29081
0.04	0.39	5.29425
0.04	0.4	5.29616
0.04	0.41	5.29688
0.04	0.42	5.29658
0.04	0.43	5.29557
0.04	0.44	5.29424
0.04	0.45	5.29275
0.04	0.46	5.29135
0.04	0.47	5.29031
0.04	0.48	5.28964
0.04	0.49	5.28936
0.04	0.5	5.28936
0.04	0.51	5.28964
0.04	0.52	5.29031
0.04	0.53	5.29135
0.04	0.54	5.29275
0.04	0.55	5.29424
0.04	0.56	5.29557
0.04	0.57	5.29658
0.04	0.58	5.29688
0.04	0.59	5.29616
0.04	0.6	5.29425
0.04	0.61	5.29081
0.04	0.62	5.28475
0.04	0.63	5.27542
0.04	0.64	5.2634
0.04	0.65	5.24393
0.04	0.66	5.22397
0.04	0.67	5.19259
0.04	0.68	5.16414
0.04	0.69	5.1202
0.04	0.7	5.08025
0.04	0.71	5.02793
0.04	0.72	4.97746
0.04	0.73	4.92216
0.04	0.74	4.86907
0.04	0.75	4.81379
0.04	0.76	4.76931
0.04	0.77	4.72179
0.04	0.78	4.68769
0.04	0.79	4.6504
0.04	0.8	4.62553
0.04	0.81	4.59839
0.04	0.82	4.58099
0.04	0.83	4.56216
0.04	0.84	4.55052
0.04	0.85	4.53796
0.04	0.86	4.53048
0.04	0.87	4.52241
0.04	0.88	4.51777
0.04	0.89	4.51278
0.04	0.9	4.51001
0.04	0.91	4.50703
0.04	0.92	4.50544
0.04	0.93	4.50373
0.04	0.94	4.50286
0.04	0.95	4.50189
0.04	0.96	4.50148
0.04	0.97	4.50085
0.04	0.98	4.50085
0.04	0.99	4.50085


0.05	0	4.50224
0.05	0.01	4.50224
0.05	0.02	4.50224
0.05	0.03	4.50375
0.05	0.04	4.50471
0.05	0.05	4.50692
0.05	0.06	4.50886
0.05	0.07	4.51254
0.05	0.08	4.51594
0.05	0.09	4.52203
0.05	0.1	4.52768
0.05	0.11	4.53746
0.05	0.12	4.54652
0.05	0.13	4.56172
0.05	0.14	4.57577
0.05	0.15	4.59857
0.05	0.16	4.61962
0.05	0.17	4.65251
0.05	0.18	4.68278
0.05	0.19	4.72772
0.05	0.2	4.76888
0.05	0.21	4.82585
0.05	0.22	4.8777
0.05	0.23	4.9415
0.05	0.24	4.99538
0.05	0.25	5.05249
0.05	0.26	5.09238
0.05	0.27	5.13981
0.05	0.28	5.16592
0.05	0.29	5.19808
0.05	0.3	5.21073
0.05	0.31	5.2276
0.05	0.32	5.23286
0.05	0.33	5.23615
0.05	0.34	5.23171
0.05	0.35	5.22601
0.05	0.36	5.21707
0.05	0.37	5.20441
0.05	0.38	5.19361
0.05	0.39	5.17917
0.05	0.4	5.16566
0.05	0.41	5.15181
0.05	0.42	5.13852
0.05	0.43	5.12654
0.05	0.44	5.11573
0.05	0.45	5.10639
0.05	0.46	5.09869
0.05	0.47	5.09277
0.05	0.48	5.08872
0.05	0.49	5.08663
0.05	0.5	5.08663
0.05	0.51	5.08872
0.05	0.52	5.09277
0.05	0.53	5.09869
0.05	0.54	5.10639
0.05	0.55	5.11573
0.05	0.56	5.12654
0.05	0.57	5.13852
0.05	0.58	5.15181
0.05	0.59	5.16566
0.05	0.6	5.17917
0.05	0.61	5.19361
0.05	0.62	5.20441
0.05	0.63	5.21707
0.05	0.64	5.22601
0.05	0.65	5.23171
0.05	0.66	5.23615
0.05	0.67	5.23286
0.05	0.68	5.2276
0.05	0.69	5.21073
0.05	0.7	5.19808
0.05	0.71	5.16592
0.05	0.72	5.13981
0.05	0.73	5.09238
0.05	0.74	5.05249
0.05	0.75	4.99538
0.05	0.76	4.9415
0.05	0.77	4.8777
0.05	0.78	4.82585
0.05	0.79	4.76888
0.05	0.8	4.72772
0.05	0.81	4.68278
0.05	0.82	4.65251
0.05	0.83	4.61962
0.05	0.84	4.59857
0.05	0.85	4.57577
0.05	0.86	4.56172
0.05	0.87	4.54652
0.05	0.88	4.53746
0.05	0.89	4.52768
0.05	0.9	4.52203
0.05	0.91	4.51594
0.05	0.92	4.51254
0.05	0.93	4.50886
0.05	0.94	4.50692
0.05	0.95	4.50471
0.05	0.96	4.50375
0.05	0.97	4.50224
0.05	0.98	4.50224
0.05	0.99	4.50224


0.06	0	4.50551
0.06	0.01	4.50551
0.06	0.02	4.50551
0.06	0.03	4.50893
0.06	0.04	4.51101
0.06	0.05	4.51571
0.06	0.06	4.5198
0.06	0.07	4.52728
0.06	0.08	4.53415
0.06	0.09	4.54606
0.06	0.1	4.55709
0.06	0.11	4.57563
0.06	0.12	4.59279
0.06	0.13	4.62077
0.06	0.14	4.64665
0.06	0.15	4.68728
0.06	0.16	4.72466
0.06	0.17	4.78012
0.06	0.18	4.83081
0.06	0.19	4.90017
0.06	0.2	4.96084
0.06	0.21	5.02579
0.06	0.22	5.07001
0.06	0.23	5.12255
0.06	0.24	5.15141
0.06	0.25	5.1873
0.06	0.26	5.19926
0.06	0.27	5.21805
0.06	0.28	5.21958
0.06	0.29	5.22462
0.06	0.3	5.2221
0.06	0.31	5.21211
0.06	0.32	5.1954
0.06	0.33	5.18289
0.06	0.34	5.16576
0.06	0.35	5.14254
0.06	0.36	5.12353
0.06	0.37	5.10146
0.06	0.38	5.07664
0.06	0.39	5.05697
0.06	0.4	5.03292
0.06	0.41	5.01293
0.06	0.42	4.99342
0.06	0.43	4.97569
0.06	0.44	4.95965
0.06	0.45	4.94593
0.06	0.46	4.93485
0.06	0.47	4.92642
0.06	0.48	4.9207
0.06	0.49	4.91772
0.06	0.5	4.91772
0.06	0.51	4.9207
0.06	0.52	4.92642
0.06	0.53	4.93485
0.06	0.54	4.94593
0.06	0.55	4.95965
0.06	0.56	4.97569
0.06	0.57	4.99342
0.06	0.58	5.01293
0.06	0.59	5.03292
0.06	0.6	5.05697
0.06	0.61	5.07664
0.06	0.62	5.10146
0.06	0.63	5.12353
0.06	0.64	5.14254
0.06	0.65	5.16576
0.06	0.66	5.18289
0.06	0.67	5.1954
0.06	0.68	5.21211
0.06	0.69	5.2221
0.06	0.7	5.22462
0.06	0.71	5.21958
0.06	0.72	5.21805
0.06	0.73	5.19926
0.06	0.74	5.1873
0.06	0.75	5.15141
0.06	0.76	5.12255
0.06	0.77	5.07001
0.06	0.78	5.02579
0.06	0.79	4.96084
0.06	0.8	4.90017
0.06	0.81	4.83081
0.06	0.82	4.78012
0.06	0.83	4.72466
0.06	0.84	4.68728
0.06	0.85	4.64665
0.06	0.86	4.62077
0.06	0.87	4.59279
0.06	0.88	4.57563
0.06	0.89	4.55709
0.06	0.9	4.54606
0.06	0.91	4.53415
0.06	0.92	4.52728
0.06	0.93	4.5198
0.06	0.94	4.51571
0.06	0.95	4.51101
0.06	0.96	4.50893
0.06	0.97	4.50551
0.06	0.98	4.50551
0.06	0.99	4.50551


0.07	0	4.51275
0.07	0.01	4.51275
0.07	0.02	4.51275
0.07	0.03	4.52
0.07	0.04	4.5243
0.07	0.05	4.53385
0.07	0.06	4.54207
0.07	0.07	4.55677
0.07	0.08	4.57026
0.07	0.09	4.59317
0.07	0.1	4.6144
0.07	0.11	4.64941
0.07	0.12	4.68184
0.07	0.13	4.73316
0.07	0.14	4.78044
0.07	0.15	4.85207
0.07	0.16	4.91669
0.07	0.17	4.9938
0.07	0.18	5.04506
0.07	0.19	5.10455
0.07	0.2	5.1364
0.07	0.21	5.17801
0.07	0.22	5.19123
0.07	0.23	5.21199
0.07	0.24	5.21427
0.07	0.25	5.22064
0.07	0.26	5.21915
0.07	0.27	5.21505
0.07	0.28	5.19784
0.07	0.29	5.18014
0.07	0.3	5.16362
0.07	0.31	5.14657
0.07	0.32	5.11963
0.07	0.33	5.09564
0.07	0.34	5.07249
0.07	0.35	5.04525
0.07	0.36	5.01742
0.07	0.37	4.99275
0.07	0.38	4.96506
0.07	0.39	4.93896
0.07	0.4	4.91498
0.07	0.41	4.89039
0.07	0.42	4.86879
0.07	0.43	4.84878
0.07	0.44	4.83109
0.07	0.45	4.81582
0.07	0.46	4.80325
0.07	0.47	4.79359
0.07	0.48	4.78724
0.07	0.49	4.78365
0.07	0.5	4.78365
0.07	0.51	4.78724
0.07	0.52	4.79359
0.07	0.53	4.80325
0.07	0.54	4.81582
0.07	0.55	4.83109
0.07	0.56	4.84878
0.07	0.57	4.86879
0.07	0.58	4.89039
0.07	0.59	4.91498
0.07	0.6	4.93896
0.07	0.61	4.96506
0.07	0.62	4.99275
0.07	0.63	5.01742
0.07	0.64	5.04525
0.07	0.65	5.07249
0.07	0.66	5.09564
0.07	0.67	5.11963
0.07	0.68	5.14657
0.07	0.69	5.16362
0.07	0.7	5.18014
0.07	0.71	5.19784
0.07	0.72	5.21505
0.07	0.73	5.21915
0.07	0.74	5.22064
0.07	0.75	5.21427
0.07	0.76	5.21199
0.07	0.77	5.19123
0.07	0.78	5.17801
0.07	0.79	5.1364
0.07	0.8	5.10455
0.07	0.81	5.04506
0.07	0.82	4.9938
0.07	0.83	4.91669
0.07	0.84	4.85207
0.07	0.85	4.78044
0.07	0.86	4.73316
0.07	0.87	4.68184
0.07	0.88	4.64941
0.07	0.89	4.6144
0.07	0.9	4.59317
0.07	0.91	4.57026
0.07	0.92	4.55677
0.07	0.93	4.54207
0.07	0.94	4.53385
0.07	0.95	4.5243
0.07	0.96	4.52
0.07	0.97	4.51275
0.07	0.98	4.51275
0.07	0.99	4.51275


0.08	0	4.52799
0.08	0.01	4.52799
0.08	0.02	4.52799
0.08	0.03	4.54278
0.08	0.04	4.55141
0.08	0.05	4.57047
0.08	0.06	4.58681
0.08	0.07	4.61587
0.08	0.08	4.64259
0.08	0.09	4.68752
0.08	0.1	4.72918
0.08	0.11	4.79813
0.08	0.12	4.8625
0.08	0.13	4.95233
0.08	0.14	5.01461
0.08	0.15	5.08354
0.08	0.16	5.11799
0.08	0.17	5.16677
0.08	0.18	5.18319
0.08	0.19	5.20648
0.08	0.2	5.20939
0.08	0.21	5.21789
0.08	0.22	5.21749
0.08	0.23	5.21616
0.08	0.24	5.20497
0.08	0.25	5.18531
0.08	0.26	5.16632
0.08	0.27	5.15066
0.08	0.28	5.1305
0.08	0.29	5.10437
0.08	0.3	5.07848
0.08	0.31	5.05523
0.08	0.32	5.02873
0.08	0.33	4.99958
0.08	0.34	4.9727
0.08	0.35	4.94605
0.08	0.36	4.91707
0.08	0.37	4.88982
0.08	0.38	4.86329
0.08	0.39	4.83706
0.08	0.4	4.81234
0.08	0.41	4.78887
0.08	0.42	4.76705
0.08	0.43	4.74713
0.08	0.44	4.72947
0.08	0.45	4.71437
0.08	0.46	4.70221
0.08	0.47	4.69258
0.08	0.48	4.68657
0.08	0.49	4.6828
0.08	0.5	4.6828
0.08	0.51	4.68657
0.08	0.52	4.69258
0.08	0.53	4.70221
0.08	0.54	4.71437
0.08	0.55	4.72947
0.08	0.56	4.74713
0.08	0.57	4.76705
0.08	0.58	4.78887
0.08	0.59	4.81234
0.08	0.6	4.83706
0.08	0.61	4.86329
0.08	0.62	4.88982
0.08	0.63	4.91707
0.08	0.64	4.94605
0.08	0.65	4.9727
0.08	0.66	4.99958
0.08	0.67	5.02873
0.08	0.68	5.05523
0.08	0.69	5.07848
0.08	0.7	5.10437
0.08	0.71	5.1305
0.08	0.72	5.15066
0.08	0.73	5.16632
0.08	0.74	5.18531
0.08	0.75	5.20497
0.08	0.76	5.21616
0.08	0.77	5.21749
0.08	0.78	5.21789
0.08	0.79	5.20939
0.08	0.8	5.20648
0.08	0.81	5.18319
0.08	0.82	5.16677
0.08	0.83	5.11799
0.08	0.84	5.08354
0.08	0.85	5.01461
0.08	0.86	4.95233
0.08	0.87	4.8625
0.08	0.88	4.79813
0.08	0.89	4.72918
0.08	0.9	4.68752
0.08	0.91	4.64259
0.08	0.92	4.61587
0.08	0.93	4.58681
0.08	0.94	4.57047
0.08	0.95	4.55141
0.08	0.96	4.54278
0.08	0.97	4.52799
0.08	0.98	4.52799
0.08	0.99	4.52799


0.09	0	4.55946
0.09	0.01	4.55946
0.09	0.02	4.55946
0.09	0.03	4.58964
0.09	0.04	4.60729
0.09	0.05	4.64652
0.09	0.06	4.68021
0.09	0.07	4.74213
0.09	0.08	4.80061
0.09	0.09	4.89851
0.09	0.1	4.97495
0.09	0.11	5.05657
0.09	0.12	5.09596
0.09	0.13	5.15271
0.09	0.14	5.17348
0.09	0.15	5.20077
0.09	0.16	5.20384
0.09	0.17	5.21523
0.09	0.18	5.2159
0.09	0.19	5.21592
0.09	0.2	5.20965
0.09	0.21	5.19357
0.09	0.22	5.17136
0.09	0.23	5.15494
0.09	0.24	5.1376
0.09	0.25	5.11692
0.09	0.26	5.08938
0.09	0.27	5.06496
0.09	0.28	5.04112
0.09	0.29	5.01604
0.09	0.3	4.98715
0.09	0.31	4.96034
0.09	0.32	4.93398
0.09	0.33	4.90676
0.09	0.34	4.87871
0.09	0.35	4.85212
0.09	0.36	4.82569
0.09	0.37	4.7999
0.09	0.38	4.77498
0.09	0.39	4.75065
0.09	0.4	4.72803
0.09	0.41	4.70626
0.09	0.42	4.68688
0.09	0.43	4.6685
0.09	0.44	4.65321
0.09	0.45	4.63915
0.09	0.46	4.62843
0.09	0.47	4.61967
0.09	0.48	4.61434
0.09	0.49	4.61109
0.09	0.5	4.61109
0.09	0.51	4.61434
0.09	0.52	4.61967
0.09	0.53	4.62843
0.09	0.54	4.63915
0.09	0.55	4.65321
0.09	0.56	4.6685
0.09	0.57	4.68688
0.09	0.58	4.70626
0.09	0.59	4.72803
0.09	0.6	4.75065
0.09	0.61	4.77498
0.09	0.62	4.7999
0.09	0.63	4.82569
0.09	0.64	4.85212
0.09	0.65	4.87871
0.09	0.66	4.90676
0.09	0.67	4.93398
0.09	0.68	4.96034
0.09	0.69	4.98715
0.09	0.7	5.01604
0.09	0.71	5.04112
0.09	0.72	5.06496
0.09	0.73	5.08938
0.09	0.74	5.11692
0.09	0.75	5.1376
0.09	0.76	5.15494
0.09	0.77	5.17136
0.09	0.78	5.19357
0.09	0.79	5.20965
0.09	0.8	5.21592
0.09	0.81	5.2159
0.09	0.82	5.21523
0.09	0.83	5.20384
0.09	0.84	5.20077
0.09	0.85	5.17348
0.09	0.86	5.15271
0.09	0.87	5.09596
0.09	0.88	5.05657
0.09	0.89	4.97495
0.09	0.9	4.89851
0.09	0.91	4.80061
0.09	0.92	4.74213
0.09	0.93	4.68021
0.09	0.94	4.64652
0.09	0.95	4.60729
0.09	0.96	4.58964
0.09	0.97	4.55946
0.09	0.98	4.55946
0.09	0.99	4.55946


0.1	0	4.62681
0.1	0.01	4.62681
0.1	0.02	4.62681
0.1	0.03	4.69311
0.1	0.04	4.73437
0.1	0.05	4.83444
0.1	0.06	4.91793
0.1	0.07	5.02137
0.1	0.08	5.06974
0.1	0.09	5.13593
0.1	0.1	5.15985
0.1	0.11	5.19359
0.1	0.12	5.19864
0.1	0.13	5.2123
0.1	0.14	5.21372
0.1	0.15	5.21494
0.1	0.16	5.21191
0.1	0.17	5.20131
0.1	0.18	5.1783
0.1	0.19	5.1601
0.1	0.2	5.14313
0.1	0.21	5.12567
0.1	0.22	5.10248
0.1	0.23	5.07618
0.1	0.24	5.05217
0.1	0.25	5.02902
0.1	0.26	5.00398
0.1	0.27	4.97653
0.1	0.28	4.95017
0.1	0.29	4.92456
0.1	0.3	4.89829
0.1	0.31	4.87146
0.1	0.32	4.84516
0.1	0.33	4.81952
0.1	0.34	4.7946
0.1	0.35	4.76945
0.1	0.36	4.74626
0.1	0.37	4.72243
0.1	0.38	4.70114
0.1	0.39	4.67935
0.1	0.4	4.66087
0.1	0.41	4.64171
0.1	0.42	4.62587
0.1	0.43	4.61025
0.1	0.44	4.59777
0.1	0.45	4.58614
0.1	0.46	4.57759
0.1	0.47	4.5702
0.1	0.48	4.56583
0.1	0.49	4.56297
0.1	0.5	4.56297
0.1	0.51	4.56583
0.1	0.52	4.5702
0.1	0.53	4.57759
0.1	0.54	4.58614
0.1	0.55	4.59777
0.1	0.56	4.61025
0.1	0.57	4.62587
0.1	0.58	4.64171
0.1	0.59	4.66087
0.1	0.6	4.67935
0.1	0.61	4.70114
0.1	0.62	4.72243
0.1	0.63	4.74626
0.1	0.64	4.76945
0.1	0.65	4.7946
0.1	0.66	4.81952
0.1	0.67	4.84516
0.1	0.68	4.87146
0.1	0.69	4.89829
0.1	0.7	4.92456
0.1	0.71	4.95017
0.1	0.72	4.97653
0.1	0.73	5.00398
0.1	0.74	5.02902
0.1	0.75	5.05217
0.1	0.76	5.07618
0.1	0.77	5.10248
0.1	0.78	5.12567
0.1	0.79	5.14313
0.1	0.8	5.1601
0.1	0.81	5.1783
0.1	0.82	5.20131
0.1	0.83	5.21191
0.1	0.84	5.21494
0.1	0.85	5.21372
0.1	0.86	5.2123
0.1	0.87	5.19864
0.1	0.88	5.19359
0.1	0.89	5.15985
0.1	0.9	5.13593
0.1	0.91	5.06974
0.1	0.92	5.02137
0.1	0.93	4.91793
0.1	0.94	4.83444
0.1	0.95	4.73437
0.1	0.96	4.69311
0.1	0.97	4.62681
0.1	0.98	4.62681
0.1	0.99	4.62681


0.11	0	4.81139
0.11	0.01	4.81139
0.11	0.02	4.81139
0.11	0.03	4.98042
0.11	0.04	5.03818
0.11	0.05	5.11647
0.11	0.06	5.13958
0.11	0.07	5.18474
0.11	0.08	5.19408
0.11	0.09	5.20924
0.11	0.1	5.20983
0.11	0.11	5.21379
0.11	0.12	5.21263
0.11	0.13	5.20658
0.11	0.14	5.18671
0.11	0.15	5.16603
0.11	0.16	5.14878
0.11	0.17	5.13221
0.11	0.18	5.11275
0.11	0.19	5.08916
0.11	0.2	5.06346
0.11	0.21	5.04052
0.11	0.22	5.01744
0.11	0.23	4.99324
0.11	0.24	4.96641
0.11	0.25	4.94102
0.11	0.26	4.91605
0.11	0.27	4.89091
0.11	0.28	4.86484
0.11	0.29	4.83944
0.11	0.3	4.81488
0.11	0.31	4.7902
0.11	0.32	4.76707
0.11	0.33	4.74313
0.11	0.34	4.72129
0.11	0.35	4.69877
0.11	0.36	4.6793
0.11	0.37	4.65867
0.11	0.38	4.64134
0.11	0.39	4.62303
0.11	0.4	4.60849
0.11	0.41	4.59294
0.11	0.42	4.58107
0.11	0.43	4.56865
0.11	0.44	4.55964
0.11	0.45	4.5505
0.11	0.46	4.54425
0.11	0.47	4.53873
0.11	0.48	4.53576
0.11	0.49	4.53371
0.11	0.5	4.53371
0.11	0.51	4.53576
0.11	0.52	4.53873
0.11	0.53	4.54425
0.11	0.54	4.5505
0.11	0.55	4.55964
0.11	0.56	4.56865
0.11	0.57	4.58107
0.11	0.58	4.59294
0.11	0.59	4.60849
0.11	0.6	4.62303
0.11	0.61	4.64134
0.11	0.62	4.65867
0.11	0.63	4.6793
0.11	0.64	4.69877
0.11	0.65	4.72129
0.11	0.66	4.74313
0.11	0.67	4.76707
0.11	0.68	4.7902
0.11	0.69	4.81488
0.11	0.7	4.83944
0.11	0.71	4.86484
0.11	0.72	4.89091
0.11	0.73	4.91605
0.11	0.74	4.94102
0.11	0.75	4.96641
0.11	0.76	4.99324
0.11	0.77	5.01744
0.11	0.78	5.04052
0.11	0.79	5.06346
0.11	0.8	5.08916
0.11	0.81	5.11275
0.11	0.82	5.13221
0.11	0.83	5.14878
0.11	0.84	5.16603
0.11	0.85	5.18671
0.11	0.86	5.20658
0.11	0.87	5.21263
0.11	0.88	5.21379
0.11	0.89	5.20983
0.11	0.9	5.20924
0.11	0.91	5.19408
0.11	0.92	5.18474
0.11	0.93	5.13958
0.11	0.94	5.11647
0.11	0.95	5.03818
0.11	0.96	4.98042
0.11	0.97	4.81139
0.11	0.98	4.81139
0.11	0.99	4.81139


0.12	0	5.10589
0.12	0.01	5.10589
0.12	0.02	5.10589
0.12	0.03	5.18305
0.12	0.04	5.18106
0.12	0.05	5.20898
0.12	0.06	5.20879
0.12	0.07	5.21237
0.12	0.08	5.21078
0.12	0.09	5.20879
0.12	0.1	5.19503
0.12	0.11	5.17348
0.12	0.12	5.15428
0.12	0.13	5.13823
0.12	0.14	5.12053
0.12	0.15	5.10093
0.12	0.16	5.07538
0.12	0.17	5.0519
0.12	0.18	5.02952
0.12	0.19	5.00706
0.12	0.2	4.98268
0.12	0.21	4.95722
0.12	0.22	4.93253
0.12	0.23	4.90835
0.12	0.24	4.88381
0.12	0.25	4.85867
0.12	0.26	4.83457
0.12	0.27	4.81034
0.12	0.28	4.78731
0.12	0.29	4.76381
0.12	0.3	4.74183
0.12	0.31	4.71925
0.12	0.32	4.69932
0.12	0.33	4.67825
0.12	0.34	4.65995
0.12	0.35	4.64073
0.12	0.36	4.62508
0.12	0.37	4.60804
0.12	0.38	4.59465
0.12	0.39	4.58013
0.12	0.4	4.56944
0.12	0.41	4.55758
0.12	0.42	4.54933
0.12	0.43	4.54024
0.12	0.44	4.53438
0.12	0.45	4.52813
0.12	0.46	4.52433
0.12	0.47	4.52066
0.12	0.48	4.51863
0.12	0.49	4.51727
0.12	0.5	4.51727
0.12	0.51	4.51863
0.12	0.52	4.52066
0.12	0.53	4.52433
0.12	0.54	4.52813
0.12	0.55	4.53438
0.12	0.56	4.54024
0.12	0.57	4.54933
0.12	0.58	4.55758
0.12	0.59	4.56944
0.12	0.6	4.58013
0.12	0.61	4.59465
0.12	0.62	4.60804
0.12	0.63	4.62508
0.12	0.64	4.64073
0.12	0.65	4.65995
0.12	0.66	4.67825
0.12	0.67	4.69932
0.12	0.68	4.71925
0.12	0.69	4.74183
0.12	0.7	4.76381
0.12	0.71	4.78731
0.12	0.72	4.81034
0.12	0.73	4.83457
0.12	0.74	4.85867
0.12	0.75	4.88381
0.12	0.76	4.90835
0.12	0.77	4.93253
0.12	0.78	4.95722
0.12	0.79	4.98268
0.12	0.8	5.00706
0.12	0.81	5.02952
0.12	0.82	5.0519
0.12	0.83	5.07538
0.12	0.84	5.10093
0.12	0.85	5.12053
0.12	0.86	5.13823
0.12	0.87	5.15428
0.12	0.88	5.17348
0.12	0.89	5.19503
0.12	0.9	5.20879
0.12	0.91	5.21078
0.12	0.92	5.21237
0.12	0.93	5.20879
0.12	0.94	5.20898
0.12	0.95	5.18106
0.12	0.96	5.18305
0.12	0.97	5.10589
0.12	0.98	5.10589
0.12	0.99	5.10589


0.13	0	5.20323
0.13	0.01	5.20323
0.13	0.02	5.20323
0.13	0.03	5.21487
0.13	0.04	5.21075
0.13	0.05	5.21255
0.13	0.06	5.19968
0.13	0.07	5.18663
0.13	0.08	5.16031
0.13	0.09	5.14527
0.13	0.1	5.12727
0.13	0.11	5.1094
0.13	0.12	5.08657
0.13	0.13	5.06388
0.13	0.14	5.04103
0.13	0.15	5.01939
0.13	0.16	4.99659
0.13	0.17	4.97337
0.13	0.18	4.94847
0.13	0.19	4.92466
0.13	0.2	4.90105
0.13	0.21	4.87728
0.13	0.22	4.85329
0.13	0.23	4.82956
0.13	0.24	4.80698
0.13	0.25	4.78379
0.13	0.26	4.76171
0.13	0.27	4.73943
0.13	0.28	4.71926
0.13	0.29	4.69805
0.13	0.3	4.67914
0.13	0.31	4.65944
0.13	0.32	4.64294
0.13	0.33	4.62512
0.13	0.34	4.61055
0.13	0.35	4.59487
0.13	0.36	4.58293
0.13	0.37	4.56961
0.13	0.38	4.5599
0.13	0.39	4.54909
0.13	0.4	4.54183
0.13	0.41	4.53349
0.13	0.42	4.52829
0.13	0.43	4.52235
0.13	0.44	4.51885
0.13	0.45	4.51496
0.13	0.46	4.51291
0.13	0.47	4.5108
0.13	0.48	4.5099
0.13	0.49	4.50916
0.13	0.5	4.50916
0.13	0.51	4.5099
0.13	0.52	4.5108
0.13	0.53	4.51291
0.13	0.54	4.51496
0.13	0.55	4.51885
0.13	0.56	4.52235
0.13	0.57	4.52829
0.13	0.58	4.53349
0.13	0.59	4.54183
0.13	0.6	4.54909
0.13	0.61	4.5599
0.13	0.62	4.56961
0.13	0.63	4.58293
0.13	0.64	4.59487
0.13	0.65	4.61055
0.13	0.66	4.62512
0.13	0.67	4.64294
0.13	0.68	4.65944
0.13	0.69	4.67914
0.13	0.7	4.69805
0.13	0.71	4.71926
0.13	0.72	4.73943
0.13	0.73	4.76171
0.13	0.74	4.78379
0.13	0.75	4.80698
0.13	0.76	4.82956
0.13	0.77	4.85329
0.13	0.78	4.87728
0.13	0.79	4.90105
0.13	0.8	4.92466
0.13	0.81	4.94847
0.13	0.82	4.97337
0.13	0.83	4.99659
0.13	0.84	5.01939
0.13	0.85	5.04103
0.13	0.86	5.06388
0.13	0.87	5.08657
0.13	0.88	5.1094
0.13	0.89	5.12727
0.13	0.9	5.14527
0.13	0.91	5.16031
0.13	0.92	5.18663
0.13	0.93	5.19968
0.13	0.94	5.21255
0.13	0.95	5.21075
0.13	0.96	5.21487
0.13	0.97	5.20323
0.13	0.98	5.20323
0.13	0.99	5.20323


0.14	0	5.20949
0.14	0.01	5.20949
0.14	0.02	5.20949
0.14	0.03	5.19201
0.14	0.04	5.17107
0.14	0.05	5.15409
0.14	0.06	5.135
0.14	0.07	5.11972
0.14	0.08	5.09782
0.14	0.09	5.07754
0.14	0.1	5.0533
0.14	0.11	5.03228
0.14	0.12	5.00914
0.14	0.13	4.98756
0.14	0.14	4.96311
0.14	0.15	4.94051
0.14	0.16	4.91733
0.14	0.17	4.89449
0.14	0.18	4.87107
0.14	0.19	4.84809
0.14	0.2	4.82575
0.14	0.21	4.80301
0.14	0.22	4.78095
0.14	0.23	4.759
0.14	0.24	4.73889
0.14	0.25	4.71772
0.14	0.26	4.6982
0.14	0.27	4.67831
0.14	0.28	4.6613
0.14	0.29	4.64291
0.14	0.3	4.6273
0.14	0.31	4.61081
0.14	0.32	4.5978
0.14	0.33	4.5834
0.14	0.34	4.57243
0.14	0.35	4.56033
0.14	0.36	4.55179
0.14	0.37	4.54205
0.14	0.38	4.53563
0.14	0.39	4.52824
0.14	0.4	4.5237
0.14	0.41	4.51837
0.14	0.42	4.5154
0.14	0.43	4.51186
0.14	0.44	4.51006
0.14	0.45	4.50795
0.14	0.46	4.50697
0.14	0.47	4.50598
0.14	0.48	4.50551
0.14	0.49	4.50521
0.14	0.5	4.50521
0.14	0.51	4.50551
0.14	0.52	4.50598
0.14	0.53	4.50697
0.14	0.54	4.50795
0.14	0.55	4.51006
0.14	0.56	4.51186
0.14	0.57	4.5154
0.14	0.58	4.51837
0.14	0.59	4.5237
0.14	0.6	4.52824
0.14	0.61	4.53563
0.14	0.62	4.54205
0.14	0.63	4.55179
0.14	0.64	4.56033
0.14	0.65	4.57243
0.14	0.66	4.5834
0.14	0.67	4.5978
0.14	0.68	4.61081
0.14	0.69	4.6273
0.14	0.7	4.64291
0.14	0.71	4.6613
0.14	0.72	4.67831
0.14	0.73	4.6982
0.14	0.74	4.71772
0.14	0.75	4.73889
0.14	0.76	4.759
0.14	0.77	4.78095
0.14	0.78	4.80301
0.14	0.79	4.82575
0.14	0.8	4.84809
0.14	0.81	4.87107
0.14	0.82	4.89449
0.14	0.83	4.91733
0.14	0.84	4.94051
0.14	0.85	4.96311
0.14	0.86	4.98756
0.14	0.87	5.00914
0.14	0.88	5.03228
0.14	0.89	5.0533
0.14	0.9	5.07754
0.14	0.91	5.09782
0.14	0.92	5.11972
0.14	0.93	5.135
0.14	0.94	5.15409
0.14	0.95	5.17107
0.14	0.96	5.19201
0.14	0.97	5.20949
0.14	0.98	5.20949
0.14	0.99	5.20949


0.15	0	5.15185
0.15	0.01	5.15185
0.15	0.02	5.15185
0.15	0.03	5.1241
0.15	0.04	5.1137
0.15	0.05	5.08726
0.15	0.06	5.06892
0.15	0.07	5.04371
0.15	0.08	5.02364
0.15	0.09	5.0016
0.15	0.1	4.97949
0.15	0.11	4.95733
0.15	0.12	4.93406
0.15	0.13	4.91164
0.15	0.14	4.88828
0.15	0.15	4.86566
0.15	0.16	4.84295
0.15	0.17	4.82108
0.15	0.18	4.79973
0.15	0.19	4.77802
0.15	0.2	4.75784
0.15	0.21	4.73692
0.15	0.22	4.71718
0.15	0.23	4.69717
0.15	0.24	4.67976
0.15	0.25	4.66106
0.15	0.26	4.64454
0.15	0.27	4.62745
0.15	0.28	4.61365
0.15	0.29	4.59834
0.15	0.3	4.58611
0.15	0.31	4.57294
0.15	0.32	4.56329
0.15	0.33	4.55229
0.15	0.34	4.54463
0.15	0.35	4.53596
0.15	0.36	4.53034
0.15	0.37	4.52379
0.15	0.38	4.51993
0.15	0.39	4.51531
0.15	0.4	4.51277
0.15	0.41	4.50973
0.15	0.42	4.50823
0.15	0.43	4.50641
0.15	0.44	4.50553
0.15	0.45	4.50453
0.15	0.46	4.50402
0.15	0.47	4.50353
0.15	0.48	4.50331
0.15	0.49	4.50312
0.15	0.5	4.50312
0.15	0.51	4.50331
0.15	0.52	4.50353
0.15	0.53	4.50402
0.15	0.54	4.50453
0.15	0.55	4.50553
0.15	0.56	4.50641
0.15	0.57	4.50823
0.15	0.58	4.50973
0.15	0.59	4.51277
0.15	0.6	4.51531
0.15	0.61	4.51993
0.15	0.62	4.52379
0.15	0.63	4.53034
0.15	0.64	4.53596
0.15	0.65	4.54463
0.15	0.66	4.55229
0.15	0.67	4.56329
0.15	0.68	4.57294
0.15	0.69	4.58611
0.15	0.7	4.59834
0.15	0.71	4.61365
0.15	0.72	4.62745
0.15	0.73	4.64454
0.15	0.74	4.66106
0.15	0.75	4.67976
0.15	0.76	4.69717
0.15	0.77	4.71718
0.15	0.78	4.73692
0.15	0.79	4.75784
0.15	0.8	4.77802
0.15	0.81	4.79973
0.15	0.82	4.82108
0.15	0.83	4.84295
0.15	0.84	4.86566
0.15	0.85	4.88828
0.15	0.86	4.91164
0.15	0.87	4.93406
0.15	0.88	4.95733
0.15	0.89	4.97949
0.15	0.9	5.0016
0.15	0.91	5.02364
0.15	0.92	5.04371
0.15	0.93	5.06892
0.15	0.94	5.08726
0.15	0.95	5.1137
0.15	0.96	5.1241
0.15	0.97	5.15185
0.15	0.98	5.15185
0.15	0.99	5.15185


0.16	0	5.08612
0.16	0.01	5.08612
0.16	0.02	5.08612
0.16	0.03	5.05236
0.16	0.04	5.03973
0.16	0.05	5.01451
0.16	0.06	4.99685
0.16	0.07	4.9727
0.16	0.08	4.95188
0.16	0.09	4.92801
0.16	0.1	4.90651
0.16	0.11	4.88361
0.16	0.12	4.86214
0.16	0.13	4.84015
0.16	0.14	4.81903
0.16	0.15	4.79746
0.16	0.16	4.77685
0.16	0.17	4.75563
0.16	0.18	4.73553
0.16	0.19	4.71567
0.16	0.2	4.69769
0.16	0.21	4.67907
0.16	0.22	4.66225
0.16	0.23	4.64464
0.16	0.24	4.63005
0.16	0.25	4.61408
0.16	0.26	4.60082
0.16	0.27	4.58671
0.16	0.28	4.57601
0.16	0.29	4.5639
0.16	0.3	4.55499
0.16	0.31	4.54512
0.16	0.32	4.53846
0.16	0.33	4.53067
0.16	0.34	4.52577
0.16	0.35	4.52007
0.16	0.36	4.51673
0.16	0.37	4.51274
0.16	0.38	4.51066
0.16	0.39	4.50812
0.16	0.4	4.50681
0.16	0.41	4.50528
0.16	0.42	4.50456
0.16	0.43	4.50367
0.16	0.44	4.50322
0.16	0.45	4.50273
0.16	0.46	4.5025
0.16	0.47	4.50225
0.16	0.48	4.50214
0.16	0.49	4.50206
0.16	0.5	4.50206
0.16	0.51	4.50214
0.16	0.52	4.50225
0.16	0.53	4.5025
0.16	0.54	4.50273
0.16	0.55	4.50322
0.16	0.56	4.50367
0.16	0.57	4.50456
0.16	0.58	4.50528
0.16	0.59	4.50681
0.16	0.6	4.50812
0.16	0.61	4.51066
0.16	0.62	4.51274
0.16	0.63	4.51673
0.16	0.64	4.52007
0.16	0.65	4.52577
0.16	0.66	4.53067
0.16	0.67	4.53846
0.16	0.68	4.54512
0.16	0.69	4.55499
0.16	0.7	4.5639
0.16	0.71	4.57601
0.16	0.72	4.58671
0.16	0.73	4.60082
0.16	0.74	4.61408
0.16	0.75	4.63005
0.16	0.76	4.64464
0.16	0.77	4.66225
0.16	0.78	4.67907
0.16	0.79	4.69769
0.16	0.8	4.71567
0.16	0.81	4.73553
0.16	0.82	4.75563
0.16	0.83	4.77685
0.16	0.84	4.79746
0.16	0.85	4.81903
0.16	0.86	4.84015
0.16	0.87	4.86214
0.16	0.88	4.88361
0.16	0.89	4.90651
0.16	0.9	4.92801
0.16	0.91	4.95188
0.16	0.92	4.9727
0.16	0.93	4.99685
0.16	0.94	5.01451
0.16	0.95	5.03973
0.16	0.96	5.05236
0.16	0.97	5.08612
0.16	0.98	5.08612
0.16	0.99	5.08612


0.17	0	5.01403
0.17	0.01	5.01403
0.17	0.02	5.01403
0.17	0.03	4.9802
0.17	0.04	4.9679
0.17	0.05	4.94143
0.17	0.06	4.92406
0.17	0.07	4.90108
0.17	0.08	4.88142
0.17	0.09	4.85932
0.17	0.1	4.83845
0.17	0.11	4.8167
0.17	0.12	4.79618
0.17	0.13	4.77533
0.17	0.14	4.75543
0.17	0.15	4.7356
0.17	0.16	4.71738
0.17	0.17	4.6983
0.17	0.18	4.68093
0.17	0.19	4.6625
0.17	0.2	4.64674
0.17	0.21	4.63018
0.17	0.22	4.61596
0.17	0.23	4.60128
0.17	0.24	4.58945
0.17	0.25	4.57656
0.17	0.26	4.56676
0.17	0.27	4.55573
0.17	0.28	4.54789
0.17	0.29	4.53891
0.17	0.3	4.53298
0.17	0.31	4.52613
0.17	0.32	4.52188
0.17	0.33	4.51686
0.17	0.34	4.51406
0.17	0.35	4.5107
0.17	0.36	4.5089
0.17	0.37	4.50674
0.17	0.38	4.5057
0.17	0.39	4.50443
0.17	0.4	4.50377
0.17	0.41	4.50301
0.17	0.42	4.50268
0.17	0.43	4.50224
0.17	0.44	4.502
0.17	0.45	4.50176
0.17	0.46	4.50167
0.17	0.47	4.50155
0.17	0.48	4.50149
0.17	0.49	4.50146
0.17	0.5	4.50146
0.17	0.51	4.50149
0.17	0.52	4.50155
0.17	0.53	4.50167
0.17	0.54	4.50176
0.17	0.55	4.502
0.17	0.56	4.50224
0.17	0.57	4.50268
0.17	0.58	4.50301
0.17	0.59	4.50377
0.17	0.6	4.50443
0.17	0.61	4.5057
0.17	0.62	4.50674
0.17	0.63	4.5089
0.17	0.64	4.5107
0.17	0.65	4.51406
0.17	0.66	4.51686
0.17	0.67	4.52188
0.17	0.68	4.52613
0.17	0.69	4.53298
0.17	0.7	4.53891
0.17	0.71	4.54789
0.17	0.72	4.55573
0.17	0.73	4.56676
0.17	0.74	4.57656
0.17	0.75	4.58945
0.17	0.76	4.60128
0.17	0.77	4.61596
0.17	0.78	4.63018
0.17	0.79	4.64674
0.17	0.8	4.6625
0.17	0.81	4.68093
0.17	0.82	4.6983
0.17	0.83	4.71738
0.17	0.84	4.7356
0.17	0.85	4.75543
0.17	0.86	4.77533
0.17	0.87	4.79618
0.17	0.88	4.8167
0.17	0.89	4.83845
0.17	0.9	4.85932
0.17	0.91	4.88142
0.17	0.92	4.90108
0.17	0.93	4.92406
0.17	0.94	4.94143
0.17	0.95	4.9679
0.17	0.96	4.9802
0.17	0.97	5.01403
0.17	0.98	5.01403
0.17	0.99	5.01403


0.18	0	4.94352
0.18	0.01	4.94352
0.18	0.02	4.94352
0.18	0.03	4.90917
0.18	0.04	4.89712
0.18	0.05	4.87147
0.18	0.06	4.85462
0.18	0.07	4.83273
0.18	0.08	4.81425
0.18	0.09	4.79422
0.18	0.1	4.77531
0.18	0.11	4.75584
0.18	0.12	4.73746
0.18	0.13	4.71806
0.18	0.14	4.70012
0.18	0.15	4.68162
0.18	0.16	4.66527
0.18	0.17	4.64839
0.18	0.18	4.63354
0.18	0.19	4.61804
0.18	0.2	4.60511
0.18	0.21	4.59094
0.18	0.22	4.57991
0.18	0.23	4.5676
0.18	0.24	4.55818
0.18	0.25	4.54817
0.18	0.26	4.54126
0.18	0.27	4.53343
0.18	0.28	4.5281
0.18	0.29	4.52207
0.18	0.3	4.5187
0.18	0.31	4.51434
0.18	0.32	4.51182
0.18	0.33	4.50891
0.18	0.34	4.50749
0.18	0.35	4.5057
0.18	0.36	4.50476
0.18	0.37	4.50367
0.18	0.38	4.50317
0.18	0.39	4.50254
0.18	0.4	4.50221
0.18	0.41	4.50182
0.18	0.42	4.50166
0.18	0.43	4.50145
0.18	0.44	4.50133
0.18	0.45	4.50122
0.18	0.46	4.50117
0.18	0.47	4.50111
0.18	0.48	4.50109
0.18	0.49	4.50107
0.18	0.5	4.50107
0.18	0.51	4.50109
0.18	0.52	4.50111
0.18	0.53	4.50117
0.18	0.54	4.50122
0.18	0.55	4.50133
0.18	0.56	4.50145
0.18	0.57	4.50166
0.18	0.58	4.50182
0.18	0.59	4.50221
0.18	0.6	4.50254
0.18	0.61	4.50317
0.18	0.62	4.50367
0.18	0.63	4.50476
0.18	0.64	4.5057
0.18	0.65	4.50749
0.18	0.66	4.50891
0.18	0.67	4.51182
0.18	0.68	4.51434
0.18	0.69	4.5187
0.18	0.7	4.52207
0.18	0.71	4.5281
0.18	0.72	4.53343
0.18	0.73	4.54126
0.18	0.74	4.54817
0.18	0.75	4.55818
0.18	0.76	4.5676
0.18	0.77	4.57991
0.18	0.78	4.59094
0.18	0.79	4.60511
0.18	0.8	4.61804
0.18	0.81	4.63354
0.18	0.82	4.64839
0.18	0.83	4.66527
0.18	0.84	4.68162
0.18	0.85	4.70012
0.18	0.86	4.71806
0.18	0.87	4.73746
0.18	0.88	4.75584
0.18	0.89	4.77531
0.18	0.9	4.79422
0.18	0.91	4.81425
0.18	0.92	4.83273
0.18	0.93	4.85462
0.18	0.94	4.87147
0.18	0.95	4.89712
0.18	0.96	4.90917
0.18	0.97	4.94352
0.18	0.98	4.94352
0.18	0.99	4.94352


0.19	0	4.87577
0.19	0.01	4.87577
0.19	0.02	4.87577
0.19	0.03	4.84245
0.19	0.04	4.83083
0.19	0.05	4.80635
0.19	0.06	4.79043
0.19	0.07	4.76983
0.19	0.08	4.75273
0.19	0.09	4.73425
0.19	0.1	4.71746
0.19	0.11	4.69989
0.19	0.12	4.68413
0.19	0.13	4.66724
0.19	0.14	4.65238
0.19	0.15	4.636
0.19	0.16	4.62218
0.19	0.17	4.60718
0.19	0.18	4.59504
0.19	0.19	4.58197
0.19	0.2	4.57144
0.19	0.21	4.56032
0.19	0.22	4.55239
0.19	0.23	4.54309
0.19	0.24	4.53634
0.19	0.25	4.52883
0.19	0.26	4.5244
0.19	0.27	4.51892
0.19	0.28	4.51526
0.19	0.29	4.51164
0.19	0.3	4.50991
0.19	0.31	4.50758
0.19	0.32	4.50619
0.19	0.33	4.50472
0.19	0.34	4.50417
0.19	0.35	4.50322
0.19	0.36	4.50264
0.19	0.37	4.5021
0.19	0.38	4.50187
0.19	0.39	4.50155
0.19	0.4	4.50137
0.19	0.41	4.50118
0.19	0.42	4.50109
0.19	0.43	4.50099
0.19	0.44	4.50093
0.19	0.45	4.50088
0.19	0.46	4.50083
0.19	0.47	4.50081
0.19	0.48	4.5008
0.19	0.49	4.50079
0.19	0.5	4.50079
0.19	0.51	4.5008
0.19	0.52	4.50081
0.19	0.53	4.50083
0.19	0.54	4.50088
0.19	0.55	4.50093
0.19	0.56	4.50099
0.19	0.57	4.50109
0.19	0.58	4.50118
0.19	0.59	4.50137
0.19	0.6	4.50155
0.19	0.61	4.50187
0.19	0.62	4.5021
0.19	0.63	4.50264
0.19	0.64	4.50322
0.19	0.65	4.50417
0.19	0.66	4.50472
0.19	0.67	4.50619
0.19	0.68	4.50758
0.19	0.69	4.50991
0.19	0.7	4.51164
0.19	0.71	4.51526
0.19	0.72	4.51892
0.19	0.73	4.5244
0.19	0.74	4.52883
0.19	0.75	4.53634
0.19	0.76	4.54309
0.19	0.77	4.55239
0.19	0.78	4.56032
0.19	0.79	4.57144
0.19	0.8	4.58197
0.19	0.81	4.59504
0.19	0.82	4.60718
0.19	0.83	4.62218
0.19	0.84	4.636
0.19	0.85	4.65238
0.19	0.86	4.66724
0.19	0.87	4.68413
0.19	0.88	4.69989
0.19	0.89	4.71746
0.19	0.9	4.73425
0.19	0.91	4.75273
0.19	0.92	4.76983
0.19	0.93	4.79043
0.19	0.94	4.80635
0.19	0.95	4.83083
0.19	0.96	4.84245
0.19	0.97	4.87577
0.19	0.98	4.87577
0.19	0.99	4.87577


0.2	0	4.81253
0.2	0.01	4.81253
0.2	0.02	4.81253
0.2	0.03	4.78088
0.2	0.04	4.76996
0.2	0.05	4.74707
0.2	0.06	4.7323
0.2	0.07	4.71328
0.2	0.08	4.69765
0.2	0.09	4.68083
0.2	0.1	4.66611
0.2	0.11	4.65041
0.2	0.12	4.63688
0.2	0.13	4.62246
0.2	0.14	4.61058
0.2	0.15	4.59731
0.2	0.16	4.58654
0.2	0.17	4.57433
0.2	0.18	4.56555
0.2	0.19	4.5549
0.2	0.2	4.54688
0.2	0.21	4.5382
0.2	0.22	4.5327
0.2	0.23	4.52618
0.2	0.24	4.52156
0.2	0.25	4.51674
0.2	0.26	4.51431
0.2	0.27	4.51085
0.2	0.28	4.50854
0.2	0.29	4.50632
0.2	0.3	4.50529
0.2	0.31	4.50396
0.2	0.32	4.50302
0.2	0.33	4.50248
0.2	0.34	4.50225
0.2	0.35	4.50184
0.2	0.36	4.50156
0.2	0.37	4.50138
0.2	0.38	4.50123
0.2	0.39	4.50103
0.2	0.4	4.50088
0.2	0.41	4.50082
0.2	0.42	4.50075
0.2	0.43	4.5007
0.2	0.44	4.50066
0.2	0.45	4.50062
0.2	0.46	4.50061
0.2	0.47	4.50059
0.2	0.48	4.50057
0.2	0.49	4.50056
0.2	0.5	4.50056
0.2	0.51	4.50057
0.2	0.52	4.50059
0.2	0.53	4.50061
0.2	0.54	4.50062
0.2	0.55	4.50066
0.2	0.56	4.5007
0.2	0.57	4.50075
0.2	0.58	4.50082
0.2	0.59	4.50088
0.2	0.6	4.50103
0.2	0.61	4.50123
0.2	0.62	4.50138
0.2	0.63	4.50156
0.2	0.64	4.50184
0.2	0.65	4.50225
0.2	0.66	4.50248
0.2	0.67	4.50302
0.2	0.68	4.50396
0.2	0.69	4.50529
0.2	0.7	4.50632
0.2	0.71	4.50854
0.2	0.72	4.51085
0.2	0.73	4.51431
0.2	0.74	4.51674
0.2	0.75	4.52156
0.2	0.76	4.52618
0.2	0.77	4.5327
0.2	0.78	4.5382
0.2	0.79	4.54688
0.2	0.8	4.5549
0.2	0.81	4.56555
0.2	0.82	4.57433
0.2	0.83	4.58654
0.2	0.84	4.59731
0.2	0.85	4.61058
0.2	0.86	4.62246
0.2	0.87	4.63688
0.2	0.88	4.65041
0.2	0.89	4.66611
0.2	0.9	4.68083
0.2	0.91	4.69765
0.2	0.92	4.71328
0.2	0.93	4.7323
0.2	0.94	4.74707
0.2	0.95	4.76996
0.2	0.96	4.78088
0.2	0.97	4.81253
0.2	0.98	4.81253
0.2	0.99	4.81253


0.21	0	4.75463
0.21	0.01	4.75463
0.21	0.02	4.75463
0.21	0.03	4.72513
0.21	0.04	4.71498
0.21	0.05	4.69392
0.21	0.06	4.68044
0.21	0.07	4.66328
0.21	0.08	4.64955
0.21	0.09	4.63451
0.21	0.1	4.62201
0.21	0.11	4.60838
0.21	0.12	4.59703
0.21	0.13	4.58492
0.21	0.14	4.57577
0.21	0.15	4.56535
0.21	0.16	4.55729
0.21	0.17	4.54836
0.21	0.18	4.5427
0.21	0.19	4.53523
0.21	0.2	4.53009
0.21	0.21	4.52395
0.21	0.22	4.52067
0.21	0.23	4.51612
0.21	0.24	4.51304
0.21	0.25	4.51007
0.21	0.26	4.50851
0.21	0.27	4.5066
0.21	0.28	4.50517
0.21	0.29	4.50442
0.21	0.3	4.5033
0.21	0.31	4.50248
0.21	0.32	4.50197
0.21	0.33	4.50149
0.21	0.34	4.50107
0.21	0.35	4.50085
0.21	0.36	4.50088
0.21	0.37	4.50083
0.21	0.38	4.50076
0.21	0.39	4.50073
0.21	0.4	4.5007
0.21	0.41	4.50062
0.21	0.42	4.50053
0.21	0.43	4.50048
0.21	0.44	4.50045
0.21	0.45	4.50044
0.21	0.46	4.50042
0.21	0.47	4.5004
0.21	0.48	4.50039
0.21	0.49	4.50039
0.21	0.5	4.50039
0.21	0.51	4.50039
0.21	0.52	4.5004
0.21	0.53	4.50042
0.21	0.54	4.50044
0.21	0.55	4.50045
0.21	0.56	4.50048
0.21	0.57	4.50053
0.21	0.58	4.50062
0.21	0.59	4.5007
0.21	0.6	4.50073
0.21	0.61	4.50076
0.21	0.62	4.50083
0.21	0.63	4.50088
0.21	0.64	4.50085
0.21	0.65	4.50107
0.21	0.66	4.50149
0.21	0.67	4.50197
0.21	0.68	4.50248
0.21	0.69	4.5033
0.21	0.7	4.50442
0.21	0.71	4.50517
0.21	0.72	4.5066
0.21	0.73	4.50851
0.21	0.74	4.51007
0.21	0.75	4.51304
0.21	0.76	4.51612
0.21	0.77	4.52067
0.21	0.78	4.52395
0.21	0.79	4.53009
0.21	0.8	4.53523
0.21	0.81	4.5427
0.21	0.82	4.54836
0.21	0.83	4.55729
0.21	0.84	4.56535
0.21	0.85	4.57577
0.21	0.86	4.58492
0.21	0.87	4.59703
0.21	0.88	4.60838
0.21	0.89	4.62201
0.21	0.9	4.63451
0.21	0.91	4.64955
0.21	0.92	4.66328
0.21	0.93	4.68044
0.21	0.94	4.69392
0.21	0.95	4.71498
0.21	0.96	4.72513
0.21	0.97	4.75463
0.21	0.98	4.75463
0.21	0.99	4.75463


0.22	0	4.70235
0.22	0.01	4.70235
0.22	0.02	4.70235
0.22	0.03	4.67531
0.22	0.04	4.66613
0.22	0.05	4.64722
0.22	0.06	4.63534
0.22	0.07	4.62027
0.22	0.08	4.60857
0.22	0.09	4.59549
0.22	0.1	4.58539
0.22	0.11	4.57402
0.22	0.12	4.56502
0.22	0.13	4.55528
0.22	0.14	4.54863
0.22	0.15	4.54077
0.22	0.16	4.53514
0.22	0.17	4.52901
0.22	0.18	4.5256
0.22	0.19	4.52107
0.22	0.2	4.51826
0.22	0.21	4.51514
0.22	0.22	4.51327
0.22	0.23	4.51069
0.22	0.24	4.509
0.22	0.25	4.50776
0.22	0.26	4.50606
0.22	0.27	4.5047
0.22	0.28	4.50411
0.22	0.29	4.50327
0.22	0.3	4.50258
0.22	0.31	4.5023
0.22	0.32	4.50186
0.22	0.33	4.50138
0.22	0.34	4.50104
0.22	0.35	4.50077
0.22	0.36	4.50048
0.22	0.37	4.50032
0.22	0.38	4.50031
0.22	0.39	4.50037
0.22	0.4	4.50038
0.22	0.41	4.5004
0.22	0.42	4.50041
0.22	0.43	4.5004
0.22	0.44	4.50035
0.22	0.45	4.50029
0.22	0.46	4.50025
0.22	0.47	4.50024
0.22	0.48	4.50025
0.22	0.49	4.50024
0.22	0.5	4.50024
0.22	0.51	4.50025
0.22	0.52	4.50024
0.22	0.53	4.50025
0.22	0.54	4.50029
0.22	0.55	4.50035
0.22	0.56	4.5004
0.22	0.57	4.50041
0.22	0.58	4.5004
0.22	0.59	4.50038
0.22	0.6	4.50037
0.22	0.61	4.50031
0.22	0.62	4.50032
0.22	0.63	4.50048
0.22	0.64	4.50077
0.22	0.65	4.50104
0.22	0.66	4.50138
0.22	0.67	4.50186
0.22	0.68	4.5023
0.22	0.69	4.50258
0.22	0.7	4.50327
0.22	0.71	4.50411
0.22	0.72	4.5047
0.22	0.73	4.50606
0.22	0.74	4.50776
0.22	0.75	4.509
0.22	0.76	4.51069
0.22	0.77	4.51327
0.22	0.78	4.51514
0.22	0.79	4.51826
0.22	0.8	4.52107
0.22	0.81	4.5256
0.22	0.82	4.52901
0.22	0.83	4.53514
0.22	0.84	4.54077
0.22	0.85	4.54863
0.22	0.86	4.55528
0.22	0.87	4.56502
0.22	0.88	4.57402
0.22	0.89	4.58539
0.22	0.9	4.59549
0.22	0.91	4.60857
0.22	0.92	4.62027
0.22	0.93	4.63534
0.22	0.94	4.64722
0.22	0.95	4.66613
0.22	0.96	4.67531
0.22	0.97	4.70235
0.22	0.98	4.70235
0.22	0.99	4.70235


0.23	0	4.656
0.23	0.01	4.656
0.23	0.02	4.656
0.23	0.03	4.63184
0.23	0.04	4.6238
0.23	0.05	4.60724
0.23	0.06	4.59709
0.23	0.07	4.58438
0.23	0.08	4.57489
0.23	0.09	4.56399
0.23	0.1	4.55626
0.23	0.11	4.54725
0.23	0.12	4.54067
0.23	0.13	4.53337
0.23	0.14	4.52885
0.23	0.15	4.52337
0.23	0.16	4.51993
0.23	0.17	4.51611
0.23	0.18	4.51402
0.23	0.19	4.51149
0.23	0.2	4.51007
0.23	0.21	4.50919
0.23	0.22	4.50802
0.23	0.23	4.50741
0.23	0.24	4.50713
0.23	0.25	4.50618
0.23	0.26	4.50547
0.23	0.27	4.50491
0.23	0.28	4.50414
0.23	0.29	4.50336
0.23	0.3	4.50284
0.23	0.31	4.50233
0.23	0.32	4.50191
0.23	0.33	4.50165
0.23	0.34	4.50139
0.23	0.35	4.50111
0.23	0.36	4.50082
0.23	0.37	4.50057
0.23	0.38	4.50028
0.23	0.39	4.50012
0.23	0.4	4.50005
0.23	0.41	4.50006
0.23	0.42	4.50011
0.23	0.43	4.50017
0.23	0.44	4.5002
0.23	0.45	4.50022
0.23	0.46	4.50021
0.23	0.47	4.50017
0.23	0.48	4.50013
0.23	0.49	4.5001
0.23	0.5	4.5001
0.23	0.51	4.50013
0.23	0.52	4.50017
0.23	0.53	4.50021
0.23	0.54	4.50022
0.23	0.55	4.5002
0.23	0.56	4.50017
0.23	0.57	4.50011
0.23	0.58	4.50006
0.23	0.59	4.50005
0.23	0.6	4.50012
0.23	0.61	4.50028
0.23	0.62	4.50057
0.23	0.63	4.50082
0.23	0.64	4.50111
0.23	0.65	4.50139
0.23	0.66	4.50165
0.23	0.67	4.50191
0.23	0.68	4.50233
0.23	0.69	4.50284
0.23	0.7	4.50336
0.23	0.71	4.50414
0.23	0.72	4.50491
0.23	0.73	4.50547
0.23	0.74	4.50618
0.23	0.75	4.50713
0.23	0.76	4.50741
0.23	0.77	4.50802
0.23	0.78	4.50919
0.23	0.79	4.51007
0.23	0.8	4.51149
0.23	0.81	4.51402
0.23	0.82	4.51611
0.23	0.83	4.51993
0.23	0.84	4.52337
0.23	0.85	4.52885
0.23	0.86	4.53337
0.23	0.87	4.54067
0.23	0.88	4.54725
0.23	0.89	4.55626
0.23	0.9	4.56399
0.23	0.91	4.57489
0.23	0.92	4.58438
0.23	0.93	4.59709
0.23	0.94	4.60724
0.23	0.95	4.6238
0.23	0.96	4.63184
0.23	0.97	4.656
0.23	0.98	4.656
0.23	0.99	4.656


0.24	0	4.61588
0.24	0.01	4.61588
0.24	0.02	4.61588
0.24	0.03	4.5949
0.24	0.04	4.58814
0.24	0.05	4.57418
0.24	0.06	4.56594
0.24	0.07	4.55566
0.24	0.08	4.5485
0.24	0.09	4.53995
0.24	0.1	4.53436
0.24	0.11	4.52771
0.24	0.12	4.52349
0.24	0.13	4.51855
0.24	0.14	4.51552
0.24	0.15	4.51205
0.24	0.16	4.50991
0.24	0.17	4.50835
0.24	0.18	4.50659
0.24	0.19	4.50582
0.24	0.2	4.50543
0.24	0.21	4.50477
0.24	0.22	4.5046
0.24	0.23	4.50479
0.24	0.24	4.50462
0.24	0.25	4.50469
0.24	0.26	4.50487
0.24	0.27	4.50478
0.24	0.28	4.50444
0.24	0.29	4.50414
0.24	0.3	4.50366
0.24	0.31	4.50316
0.24	0.32	4.50266
0.24	0.33	4.50215
0.24	0.34	4.50175
0.24	0.35	4.50148
0.24	0.36	4.50124
0.24	0.37	4.50101
0.24	0.38	4.50077
0.24	0.39	4.50053
0.24	0.4	4.50023
0.24	0.41	4.50001
0.24	0.42	4.49992
0.24	0.43	4.49989
0.24	0.44	4.49991
0.24	0.45	4.49995
0.24	0.46	4.50003
0.24	0.47	4.50007
0.24	0.48	4.50011
0.24	0.49	4.50011
0.24	0.5	4.50011
0.24	0.51	4.50011
0.24	0.52	4.50007
0.24	0.53	4.50003
0.24	0.54	4.49995
0.24	0.55	4.49991
0.24	0.56	4.49989
0.24	0.57	4.49992
0.24	0.58	4.50001
0.24	0.59	4.50023
0.24	0.6	4.50053
0.24	0.61	4.50077
0.24	0.62	4.50101
0.24	0.63	4.50124
0.24	0.64	4.50148
0.24	0.65	4.50175
0.24	0.66	4.50215
0.24	0.67	4.50266
0.24	0.68	4.50316
0.24	0.69	4.50366
0.24	0.7	4.50414
0.24	0.71	4.50444
0.24	0.72	4.50478
0.24	0.73	4.50487
0.24	0.74	4.50469
0.24	0.75	4.50462
0.24	0.76	4.50479
0.24	0.77	4.5046
0.24	0.78	4.50477
0.24	0.79	4.50543
0.24	0.8	4.50582
0.24	0.81	4.50659
0.24	0.82	4.50835
0.24	0.83	4.50991
0.24	0.84	4.51205
0.24	0.85	4.51552
0.24	0.86	4.51855
0.24	0.87	4.52349
0.24	0.88	4.52771
0.24	0.89	4.53436
0.24	0.9	4.53995
0.24	0.91	4.5485
0.24	0.92	4.55566
0.24	0.93	4.56594
0.24	0.94	4.57418
0.24	0.95	4.58814
0.24	0.96	4.5949
0.24	0.97	4.61588
0.24	0.98	4.61588
0.24	0.99	4.61588


0.25	0	4.58217
0.25	0.01	4.58217
0.25	0.02	4.58217
0.25	0.03	4.56466
0.25	0.04	4.55929
0.25	0.05	4.54808
0.25	0.06	4.54201
0.25	0.07	4.53402
0.25	0.08	4.52913
0.25	0.09	4.52304
0.25	0.1	4.51914
0.25	0.11	4.51469
0.25	0.12	4.51179
0.25	0.13	4.50932
0.25	0.14	4.50679
0.25	0.15	4.50552
0.25	0.16	4.50454
0.25	0.17	4.50329
0.25	0.18	4.50277
0.25	0.19	4.50267
0.25	0.2	4.5022
0.25	0.21	4.50212
0.25	0.22	4.50228
0.25	0.23	4.50239
0.25	0.24	4.50263
0.25	0.25	4.503
0.25	0.26	4.50329
0.25	0.27	4.50358
0.25	0.28	4.50398
0.25	0.29	4.50413
0.25	0.3	4.50406
0.25	0.31	4.50394
0.25	0.32	4.50355
0.25	0.33	4.50326
0.25	0.34	4.50274
0.25	0.35	4.50225
0.25	0.36	4.50177
0.25	0.37	4.50146
0.25	0.38	4.50122
0.25	0.39	4.50099
0.25	0.4	4.50076
0.25	0.41	4.50055
0.25	0.42	4.50028
0.25	0.43	4.5
0.25	0.44	4.49985
0.25	0.45	4.4998
0.25	0.46	4.49983
0.25	0.47	4.49986
0.25	0.48	4.49993
0.25	0.49	4.50001
0.25	0.5	4.50001
0.25	0.51	4.49993
0.25	0.52	4.49986
0.25	0.53	4.49983
0.25	0.54	4.4998
0.25	0.55	4.49985
0.25	0.56	4.5
0.25	0.57	4.50028
0.25	0.58	4.50055
0.25	0.59	4.50076
0.25	0.6	4.50099
0.25	0.61	4.50122
0.25	0.62	4.50146
0.25	0.63	4.50177
0.25	0.64	4.50225
0.25	0.65	4.50274
0.25	0.66	4.50326
0.25	0.67	4.50355
0.25	0.68	4.50394
0.25	0.69	4.50406
0.25	0.7	4.50413
0.25	0.71	4.50398
0.25	0.72	4.50358
0.25	0.73	4.50329
0.25	0.74	4.503
0.25	0.75	4.50263
0.25	0.76	4.50239
0.25	0.77	4.50228
0.25	0.78	4.50212
0.25	0.79	4.5022
0.25	0.8	4.50267
0.25	0.81	4.50277
0.25	0.82	4.50329
0.25	0.83	4.50454
0.25	0.84	4.50552
0.25	0.85	4.50679
0.25	0.86	4.50932
0.25	0.87	4.51179
0.25	0.88	4.51469
0.25	0.89	4.51914
0.25	0.9	4.52304
0.25	0.91	4.52913
0.25	0.92	4.53402
0.25	0.93	4.54201
0.25	0.94	4.54808
0.25	0.95	4.55929
0.25	0.96	4.56466
0.25	0.97	4.58217
0.25	0.98	4.58217
0.25	0.99	4.58217


0.26	0	4.55503
0.26	0.01	4.55503
0.26	0.02	4.55503
0.26	0.03	4.5412
0.26	0.04	4.53733
0.26	0.05	4.52907
0.26	0.06	4.52477
0.26	0.07	4.51921
0.26	0.08	4.51555
0.26	0.09	4.51201
0.26	0.1	4.50876
0.26	0.11	4.50702
0.26	0.12	4.50518
0.26	0.13	4.50333
0.26	0.14	4.50253
0.26	0.15	4.50204
0.26	0.16	4.50113
0.26	0.17	4.50065
0.26	0.18	4.50071
0.26	0.19	4.50039
0.26	0.2	4.50025
0.26	0.21	4.50043
0.26	0.22	4.50059
0.26	0.23	4.50078
0.26	0.24	4.50104
0.26	0.25	4.50137
0.26	0.26	4.50174
0.26	0.27	4.50215
0.26	0.28	4.50256
0.26	0.29	4.50293
0.26	0.3	4.50339
0.26	0.31	4.5037
0.26	0.32	4.50379
0.26	0.33	4.50377
0.26	0.34	4.50354
0.26	0.35	4.50332
0.26	0.36	4.50285
0.26	0.37	4.50251
0.26	0.38	4.50194
0.26	0.39	4.50154
0.26	0.4	4.50125
0.26	0.41	4.50101
0.26	0.42	4.50081
0.26	0.43	4.50062
0.26	0.44	4.50041
0.26	0.45	4.50015
0.26	0.46	4.4999
0.26	0.47	4.49979
0.26	0.48	4.49968
0.26	0.49	4.4996
0.26	0.5	4.4996
0.26	0.51	4.49968
0.26	0.52	4.49979
0.26	0.53	4.4999
0.26	0.54	4.50015
0.26	0.55	4.50041
0.26	0.56	4.50062
0.26	0.57	4.50081
0.26	0.58	4.50101
0.26	0.59	4.50125
0.26	0.6	4.50154
0.26	0.61	4.50194
0.26	0.62	4.50251
0.26	0.63	4.50285
0.26	0.64	4.50332
0.26	0.65	4.50354
0.26	0.66	4.50377
0.26	0.67	4.50379
0.26	0.68	4.5037
0.26	0.69	4.50339
0.26	0.7	4.50293
0.26	0.71	4.50256
0.26	0.72	4.50215
0.26	0.73	4.50174
0.26	0.74	4.50137
0.26	0.75	4.50104
0.26	0.76	4.50078
0.26	0.77	4.50059
0.26	0.78	4.50043
0.26	0.79	4.50025
0.26	0.8	4.50039
0.26	0.81	4.50071
0.26	0.82	4.50065
0.26	0.83	4.50113
0.26	0.84	4.50204
0.26	0.85	4.50253
0.26	0.86	4.50333
0.26	0.87	4.50518
0.26	0.88	4.50702
0.26	0.89	4.50876
0.26	0.9	4.51201
0.26	0.91	4.51555
0.26	0.92	4.51921
0.26	0.93	4.52477
0.26	0.94	4.52907
0.26	0.95	4.53733
0.26	0.96	4.5412
0.26	0.97	4.55503
0.26	0.98	4.55503
0.26	0.99	4.55503


0.27	0	4.53457
0.27	0.01	4.53457
0.27	0.02	4.53457
0.27	0.03	4.52459
0.27	0.04	4.52165
0.27	0.05	4.51608
0.27	0.06	4.51262
0.27	0.07	4.50994
0.27	0.08	4.50721
0.27	0.09	4.5048
0.27	0.1	4.50383
0.27	0.11	4.50256
0.27	0.12	4.50123
0.27	0.13	4.50061
0.27	0.14	4.5004
0.27	0.15	4.4997
0.27	0.16	4.4992
0.27	0.17	4.49934
0.27	0.18	4.49914
0.27	0.19	4.49902
0.27	0.2	4.49916
0.27	0.21	4.49928
0.27	0.22	4.49939
0.27	0.23	4.49958
0.27	0.24	4.49981
0.27	0.25	4.5001
0.27	0.26	4.50042
0.27	0.27	4.50078
0.27	0.28	4.5011
0.27	0.29	4.50154
0.27	0.3	4.50201
0.27	0.31	4.5024
0.27	0.32	4.50282
0.27	0.33	4.50331
0.27	0.34	4.50357
0.27	0.35	4.50359
0.27	0.36	4.50348
0.27	0.37	4.50334
0.27	0.38	4.50297
0.27	0.39	4.50276
0.27	0.4	4.50225
0.27	0.41	4.50179
0.27	0.42	4.50143
0.27	0.43	4.50116
0.27	0.44	4.5009
0.27	0.45	4.50062
0.27	0.46	4.50033
0.27	0.47	4.50006
0.27	0.48	4.49982
0.27	0.49	4.49964
0.27	0.5	4.49964
0.27	0.51	4.49982
0.27	0.52	4.50006
0.27	0.53	4.50033
0.27	0.54	4.50062
0.27	0.55	4.5009
0.27	0.56	4.50116
0.27	0.57	4.50143
0.27	0.58	4.50179
0.27	0.59	4.50225
0.27	0.6	4.50276
0.27	0.61	4.50297
0.27	0.62	4.50334
0.27	0.63	4.50348
0.27	0.64	4.50359
0.27	0.65	4.50357
0.27	0.66	4.50331
0.27	0.67	4.50282
0.27	0.68	4.5024
0.27	0.69	4.50201
0.27	0.7	4.50154
0.27	0.71	4.5011
0.27	0.72	4.50078
0.27	0.73	4.50042
0.27	0.74	4.5001
0.27	0.75	4.49981
0.27	0.76	4.49958
0.27	0.77	4.49939
0.27	0.78	4.49928
0.27	0.79	4.49916
0.27	0.8	4.49902
0.27	0.81	4.49914
0.27	0.82	4.49934
0.27	0.83	4.4992
0.27	0.84	4.4997
0.27	0.85	4.5004
0.27	0.86	4.50061
0.27	0.87	4.50123
0.27	0.88	4.50256
0.27	0.89	4.50383
0.27	0.9	4.5048
0.27	0.91	4.50721
0.27	0.92	4.50994
0.27	0.93	4.51262
0.27	0.94	4.51608
0.27	0.95	4.52165
0.27	0.96	4.52459
0.27	0.97	4.53457
0.27	0.98	4.53457
0.27	0.99	4.53457


0.28	0	4.5197
0.28	0.01	4.5197
0.28	0.02	4.5197
0.28	0.03	4.51296
0.28	0.04	4.51124
0.28	0.05	4.50766
0.28	0.06	4.50626
0.28	0.07	4.50412
0.28	0.08	4.50253
0.28	0.09	4.50187
0.28	0.1	4.50094
0.28	0.11	4.49991
0.28	0.12	4.49939
0.28	0.13	4.49938
0.28	0.14	4.49883
0.28	0.15	4.49838
0.28	0.16	4.49849
0.28	0.17	4.49836
0.28	0.18	4.49824
0.28	0.19	4.49827
0.28	0.2	4.49835
0.28	0.21	4.49844
0.28	0.22	4.49857
0.28	0.23	4.4987
0.28	0.24	4.49892
0.28	0.25	4.49911
0.28	0.26	4.49932
0.28	0.27	4.49962
0.28	0.28	4.49995
0.28	0.29	4.50028
0.28	0.3	4.50062
0.28	0.31	4.50104
0.28	0.32	4.50149
0.28	0.33	4.50192
0.28	0.34	4.5023
0.28	0.35	4.50287
0.28	0.36	4.5033
0.28	0.37	4.50344
0.28	0.38	4.50343
0.28	0.39	4.5034
0.28	0.4	4.50319
0.28	0.41	4.50291
0.28	0.42	4.50242
0.28	0.43	4.50198
0.28	0.44	4.50145
0.28	0.45	4.5011
0.28	0.46	4.50086
0.28	0.47	4.50069
0.28	0.48	4.50063
0.28	0.49	4.50064
0.28	0.5	4.50064
0.28	0.51	4.50063
0.28	0.52	4.50069
0.28	0.53	4.50086
0.28	0.54	4.5011
0.28	0.55	4.50145
0.28	0.56	4.50198
0.28	0.57	4.50242
0.28	0.58	4.50291
0.28	0.59	4.50319
0.28	0.6	4.5034
0.28	0.61	4.50343
0.28	0.62	4.50344
0.28	0.63	4.5033
0.28	0.64	4.50287
0.28	0.65	4.5023
0.28	0.66	4.50192
0.28	0.67	4.50149
0.28	0.68	4.50104
0.28	0.69	4.50062
0.28	0.7	4.50028
0.28	0.71	4.49995
0.28	0.72	4.49962
0.28	0.73	4.49932
0.28	0.74	4.49911
0.28	0.75	4.49892
0.28	0.76	4.4987
0.28	0.77	4.49857
0.28	0.78	4.49844
0.28	0.79	4.49835
0.28	0.8	4.49827
0.28	0.81	4.49824
0.28	0.82	4.49836
0.28	0.83	4.49849
0.28	0.84	4.49838
0.28	0.85	4.49883
0.28	0.86	4.49938
0.28	0.87	4.49939
0.28	0.88	4.49991
0.28	0.89	4.50094
0.28	0.9	4.50187
0.28	0.91	4.50253
0.28	0.92	4.50412
0.28	0.93	4.50626
0.28	0.94	4.50766
0.28	0.95	4.51124
0.28	0.96	4.51296
0.28	0.97	4.5197
0.28	0.98	4.5197
0.28	0.99	4.5197


0.29	0	4.51
0.29	0.01	4.51
0.29	0.02	4.51
0.29	0.03	4.50585
0.29	0.04	4.50493
0.29	0.05	4.50323
0.29	0.06	4.5022
0.29	0.07	4.50111
0.29	0.08	4.50074
0.29	0.09	4.50004
0.29	0.1	4.49929
0.29	0.11	4.49887
0.29	0.12	4.49879
0.29	0.13	4.49833
0.29	0.14	4.49797
0.29	0.15	4.49802
0.29	0.16	4.49795
0.29	0.17	4.4978
0.29	0.18	4.49776
0.29	0.19	4.49781
0.29	0.2	4.49784
0.29	0.21	4.49788
0.29	0.22	4.49793
0.29	0.23	4.49805
0.29	0.24	4.49818
0.29	0.25	4.49837
0.29	0.26	4.49857
0.29	0.27	4.4987
0.29	0.28	4.49895
0.29	0.29	4.49925
0.29	0.3	4.49955
0.29	0.31	4.49982
0.29	0.32	4.5002
0.29	0.33	4.50062
0.29	0.34	4.50107
0.29	0.35	4.5015
0.29	0.36	4.50193
0.29	0.37	4.50245
0.29	0.38	4.50299
0.29	0.39	4.50319
0.29	0.4	4.50322
0.29	0.41	4.50316
0.29	0.42	4.50304
0.29	0.43	4.50288
0.29	0.44	4.50256
0.29	0.45	4.50244
0.29	0.46	4.50217
0.29	0.47	4.50195
0.29	0.48	4.50184
0.29	0.49	4.5018
0.29	0.5	4.5018
0.29	0.51	4.50184
0.29	0.52	4.50195
0.29	0.53	4.50217
0.29	0.54	4.50244
0.29	0.55	4.50256
0.29	0.56	4.50288
0.29	0.57	4.50304
0.29	0.58	4.50316
0.29	0.59	4.50322
0.29	0.6	4.50319
0.29	0.61	4.50299
0.29	0.62	4.50245
0.29	0.63	4.50193
0.29	0.64	4.5015
0.29	0.65	4.50107
0.29	0.66	4.50062
0.29	0.67	4.5002
0.29	0.68	4.49982
0.29	0.69	4.49955
0.29	0.7	4.49925
0.29	0.71	4.49895
0.29	0.72	4.4987
0.29	0.73	4.49857
0.29	0.74	4.49837
0.29	0.75	4.49818
0.29	0.76	4.49805
0.29	0.77	4.49793
0.29	0.78	4.49788
0.29	0.79	4.49784
0.29	0.8	4.49781
0.29	0.81	4.49776
0.29	0.82	4.4978
0.29	0.83	4.49795
0.29	0.84	4.49802
0.29	0.85	4.49797
0.29	0.86	4.49833
0.29	0.87	4.49879
0.29	0.88	4.49887
0.29	0.89	4.49929
0.29	0.9	4.50004
0.29	0.91	4.50074
0.29	0.92	4.50111
0.29	0.93	4.5022
0.29	0.94	4.50323
0.29	0.95	4.50493
0.29	0.96	4.50585
0.29	0.97	4.51
0.29	0.98	4.51
0.29	0.99	4.51


0.3	0	4.50434
0.3	0.01	4.50434
0.3	0.02	4.50434
0.3	0.03	4.5021
0.3	0.04	4.50168
0.3	0.05	4.50055
0.3	0.06	4.50005
0.3	0.07	4.49969
0.3	0.08	4.49925
0.3	0.09	4.49883
0.3	0.1	4.49869
0.3	0.11	4.49861
0.3	0.12	4.49824
0.3	0.13	4.49796
0.3	0.14	4.49792
0.3	0.15	4.49778
0.3	0.16	4.49761
0.3	0.17	4.49753
0.3	0.18	4.49754
0.3	0.19	4.49752
0.3	0.2	4.49748
0.3	0.21	4.49749
0.3	0.22	4.49756
0.3	0.23	4.49762
0.3	0.24	4.49766
0.3	0.25	4.49774
0.3	0.26	4.49791
0.3	0.27	4.4981
0.3	0.28	4.49822
0.3	0.29	4.4984
0.3	0.3	4.49865
0.3	0.31	4.49895
0.3	0.32	4.49922
0.3	0.33	4.49953
0.3	0.34	4.4999
0.3	0.35	4.50027
0.3	0.36	4.50064
0.3	0.37	4.50097
0.3	0.38	4.50135
0.3	0.39	4.50183
0.3	0.4	4.50235
0.3	0.41	4.50291
0.3	0.42	4.50317
0.3	0.43	4.50344
0.3	0.44	4.50363
0.3	0.45	4.50374
0.3	0.46	4.50371
0.3	0.47	4.5037
0.3	0.48	4.50352
0.3	0.49	4.50343
0.3	0.5	4.50343
0.3	0.51	4.50352
0.3	0.52	4.5037
0.3	0.53	4.50371
0.3	0.54	4.50374
0.3	0.55	4.50363
0.3	0.56	4.50344
0.3	0.57	4.50317
0.3	0.58	4.50291
0.3	0.59	4.50235
0.3	0.6	4.50183
0.3	0.61	4.50135
0.3	0.62	4.50097
0.3	0.63	4.50064
0.3	0.64	4.50027
0.3	0.65	4.4999
0.3	0.66	4.49953
0.3	0.67	4.49922
0.3	0.68	4.49895
0.3	0.69	4.49865
0.3	0.7	4.4984
0.3	0.71	4.49822
0.3	0.72	4.4981
0.3	0.73	4.49791
0.3	0.74	4.49774
0.3	0.75	4.49766
0.3	0.76	4.49762
0.3	0.77	4.49756
0.3	0.78	4.49749
0.3	0.79	4.49748
0.3	0.8	4.49752
0.3	0.81	4.49754
0.3	0.82	4.49753
0.3	0.83	4.49761
0.3	0.84	4.49778
0.3	0.85	4.49792
0.3	0.86	4.49796
0.3	0.87	4.49824
0.3	0.88	4.49861
0.3	0.89	4.49869
0.3	0.9	4.49883
0.3	0.91	4.49925
0.3	0.92	4.49969
0.3	0.93	4.50005
0.3	0.94	4.50055
0.3	0.95	4.50168
0.3	0.96	4.5021
0.3	0.97	4.50434
0.3	0.98	4.50434
0.3	0.99	4.50434


0.31	0	4.50129
0.31	0.01	4.50129
0.31	0.02	4.50129
0.31	0.03	4.50007
0.31	0.04	4.49981
0.31	0.05	4.49923
0.31	0.06	4.49901
0.31	0.07	4.49867
0.31	0.08	4.49842
0.31	0.09	4.49833
0.31	0.1	4.49827
0.31	0.11	4.49807
0.31	0.12	4.49795
0.31	0.13	4.49801
0.31	0.14	4.49789
0.31	0.15	4.49772
0.31	0.16	4.4976
0.31	0.17	4.49752
0.31	0.18	4.49742
0.31	0.19	4.49733
0.31	0.2	4.49731
0.31	0.21	4.4973
0.31	0.22	4.49727
0.31	0.23	4.49731
0.31	0.24	4.49737
0.31	0.25	4.4974
0.31	0.26	4.49742
0.31	0.27	4.49754
0.31	0.28	4.49771
0.31	0.29	4.49787
0.31	0.3	4.49803
0.31	0.31	4.49822
0.31	0.32	4.49845
0.31	0.33	4.49866
0.31	0.34	4.49883
0.31	0.35	4.49905
0.31	0.36	4.49937
0.31	0.37	4.49974
0.31	0.38	4.50014
0.31	0.39	4.50065
0.31	0.4	4.50129
0.31	0.41	4.50195
0.31	0.42	4.50264
0.31	0.43	4.50345
0.31	0.44	4.50396
0.31	0.45	4.5044
0.31	0.46	4.50476
0.31	0.47	4.5051
0.31	0.48	4.5054
0.31	0.49	4.50556
0.31	0.5	4.50556
0.31	0.51	4.5054
0.31	0.52	4.5051
0.31	0.53	4.50476
0.31	0.54	4.5044
0.31	0.55	4.50396
0.31	0.56	4.50345
0.31	0.57	4.50264
0.31	0.58	4.50195
0.31	0.59	4.50129
0.31	0.6	4.50065
0.31	0.61	4.50014
0.31	0.62	4.49974
0.31	0.63	4.49937
0.31	0.64	4.49905
0.31	0.65	4.49883
0.31	0.66	4.49866
0.31	0.67	4.49845
0.31	0.68	4.49822
0.31	0.69	4.49803
0.31	0.7	4.49787
0.31	0.71	4.49771
0.31	0.72	4.49754
0.31	0.73	4.49742
0.31	0.74	4.4974
0.31	0.75	4.49737
0.31	0.76	4.49731
0.31	0.77	4.49727
0.31	0.78	4.4973
0.31	0.79	4.49731
0.31	0.8	4.49733
0.31	0.81	4.49742
0.31	0.82	4.49752
0.31	0.83	4.4976
0.31	0.84	4.49772
0.31	0.85	4.49789
0.31	0.86	4.49801
0.31	0.87	4.49795
0.31	0.88	4.49807
0.31	0.89	4.49827
0.31	0.9	4.49833
0.31	0.91	4.49842
0.31	0.92	4.49867
0.31	0.93	4.49901
0.31	0.94	4.49923
0.31	0.95	4.49981
0.31	0.96	4.50007
0.31	0.97	4.50129
0.31	0.98	4.50129
0.31	0.99	4.50129


0.32	0	4.49962
0.32	0.01	4.49962
0.32	0.02	4.49962
0.32	0.03	4.49895
0.32	0.04	4.49881
0.32	0.05	4.49851
0.32	0.06	4.49835
0.32	0.07	4.49818
0.32	0.08	4.49812
0.32	0.09	4.49802
0.32	0.1	4.49788
0.32	0.11	4.49781
0.32	0.12	4.49784
0.32	0.13	4.49777
0.32	0.14	4.49769
0.32	0.15	4.49768
0.32	0.16	4.49766
0.32	0.17	4.49759
0.32	0.18	4.49747
0.32	0.19	4.49737
0.32	0.2	4.4973
0.32	0.21	4.49722
0.32	0.22	4.49717
0.32	0.23	4.49713
0.32	0.24	4.49712
0.32	0.25	4.49718
0.32	0.26	4.49726
0.32	0.27	4.49729
0.32	0.28	4.49733
0.32	0.29	4.49743
0.32	0.3	4.49754
0.32	0.31	4.49759
0.32	0.32	4.49766
0.32	0.33	4.49782
0.32	0.34	4.49802
0.32	0.35	4.49827
0.32	0.36	4.49859
0.32	0.37	4.49903
0.32	0.38	4.49955
0.32	0.39	4.50011
0.32	0.4	4.50065
0.32	0.41	4.50127
0.32	0.42	4.50197
0.32	0.43	4.50268
0.32	0.44	4.50356
0.32	0.45	4.5045
0.32	0.46	4.50531
0.32	0.47	4.50595
0.32	0.48	4.50638
0.32	0.49	4.50662
0.32	0.5	4.50662
0.32	0.51	4.50638
0.32	0.52	4.50595
0.32	0.53	4.50531
0.32	0.54	4.5045
0.32	0.55	4.50356
0.32	0.56	4.50268
0.32	0.57	4.50197
0.32	0.58	4.50127
0.32	0.59	4.50065
0.32	0.6	4.50011
0.32	0.61	4.49955
0.32	0.62	4.49903
0.32	0.63	4.49859
0.32	0.64	4.49827
0.32	0.65	4.49802
0.32	0.66	4.49782
0.32	0.67	4.49766
0.32	0.68	4.49759
0.32	0.69	4.49754
0.32	0.7	4.49743
0.32	0.71	4.49733
0.32	0.72	4.49729
0.32	0.73	4.49726
0.32	0.74	4.49718
0.32	0.75	4.49712
0.32	0.76	4.49713
0.32	0.77	4.49717
0.32	0.78	4.49722
0.32	0.79	4.4973
0.32	0.8	4.49737
0.32	0.81	4.49747
0.32	0.82	4.49759
0.32	0.83	4.49766
0.32	0.84	4.49768
0.32	0.85	4.49769
0.32	0.86	4.49777
0.32	0.87	4.49784
0.32	0.88	4.49781
0.32	0.89	4.49788
0.32	0.9	4.49802
0.32	0.91	4.49812
0.32	0.92	4.49818
0.32	0.93	4.49835
0.32	0.94	4.49851
0.32	0.95	4.49881
0.32	0.96	4.49895
0.32	0.97	4.49962
0.32	0.98	4.49962
0.32	0.99	4.49962


0.33	0	4.49871
0.33	0.01	4.49871
0.33	0.02	4.49871
0.33	0.03	4.49835
0.33	0.04	4.49828
0.33	0.05	4.4981
0.33	0.06	4.49801
0.33	0.07	4.49795
0.33	0.08	4.49787
0.33	0.09	4.49778
0.33	0.1	4.49773
0.33	0.11	4.49772
0.33	0.12	4.49765
0.33	0.13	4.49758
0.33	0.14	4.49757
0.33	0.15	4.49757
0.33	0.16	4.49753
0.33	0.17	4.49749
0.33	0.18	4.4975
0.33	0.19	4.49746
0.33	0.2	4.49738
0.33	0.21	4.4973
0.33	0.22	4.49723
0.33	0.23	4.49718
0.33	0.24	4.49713
0.33	0.25	4.4971
0.33	0.26	4.49708
0.33	0.27	4.4971
0.33	0.28	4.49708
0.33	0.29	4.49703
0.33	0.3	4.49704
0.33	0.31	4.4971
0.33	0.32	4.49721
0.33	0.33	4.4974
0.33	0.34	4.49768
0.33	0.35	4.49805
0.33	0.36	4.49846
0.33	0.37	4.49888
0.33	0.38	4.49929
0.33	0.39	4.49981
0.33	0.4	4.50039
0.33	0.41	4.50104
0.33	0.42	4.5018
0.33	0.43	4.50259
0.33	0.44	4.50335
0.33	0.45	4.50404
0.33	0.46	4.50468
0.33	0.47	4.50528
0.33	0.48	4.50575
0.33	0.49	4.50607
0.33	0.5	4.50607
0.33	0.51	4.50575
0.33	0.52	4.50528
0.33	0.53	4.50468
0.33	0.54	4.50404
0.33	0.55	4.50335
0.33	0.56	4.50259
0.33	0.57	4.5018
0.33	0.58	4.50104
0.33	0.59	4.50039
0.33	0.6	4.49981
0.33	0.61	4.49929
0.33	0.62	4.49888
0.33	0.63	4.49846
0.33	0.64	4.49805
0.33	0.65	4.49768
0.33	0.66	4.4974
0.33	0.67	4.49721
0.33	0.68	4.4971
0.33	0.69	4.49704
0.33	0.7	4.49703
0.33	0.71	4.49708
0.33	0.72	4.4971
0.33	0.73	4.49708
0.33	0.74	4.4971
0.33	0.75	4.49713
0.33	0.76	4.49718
0.33	0.77	4.49723
0.33	0.78	4.4973
0.33	0.79	4.49738
0.33	0.8	4.49746
0.33	0.81	4.4975
0.33	0.82	4.49749
0.33	0.83	4.49753
0.33	0.84	4.49757
0.33	0.85	4.49757
0.33	0.86	4.49758
0.33	0.87	4.49765
0.33	0.88	4.49772
0.33	0.89	4.49773
0.33	0.9	4.49778
0.33	0.91	4.49787
0.33	0.92	4.49795
0.33	0.93	4.49801
0.33	0.94	4.4981
0.33	0.95	4.49828
0.33	0.96	4.49835
0.33	0.97	4.49871
0.33	0.98	4.49871
0.33	0.99	4.49871


0.34	0	4.49822
0.34	0.01	4.49822
0.34	0.02	4.49822
0.34	0.03	4.49802
0.34	0.04	4.49797
0.34	0.05	4.49787
0.34	0.06	4.49782
0.34	0.07	4.49775
0.34	0.08	4.4977
0.34	0.09	4.49766
0.34	0.1	4.49763
0.34	0.11	4.49758
0.34	0.12	4.49752
0.34	0.13	4.4975
0.34	0.14	4.49749
0.34	0.15	4.49744
0.34	0.16	4.49741
0.34	0.17	4.49739
0.34	0.18	4.49739
0.34	0.19	4.49738
0.34	0.2	4.4974
0.34	0.21	4.49741
0.34	0.22	4.49737
0.34	0.23	4.49732
0.34	0.24	4.49723
0.34	0.25	4.49711
0.34	0.26	4.49698
0.34	0.27	4.49687
0.34	0.28	4.49682
0.34	0.29	4.49685
0.34	0.3	4.49692
0.34	0.31	4.49706
0.34	0.32	4.4973
0.34	0.33	4.49759
0.34	0.34	4.49787
0.34	0.35	4.49818
0.34	0.36	4.49853
0.34	0.37	4.49895
0.34	0.38	4.4995
0.34	0.39	4.50008
0.34	0.4	4.50069
0.34	0.41	4.50131
0.34	0.42	4.50186
0.34	0.43	4.50237
0.34	0.44	4.50281
0.34	0.45	4.50318
0.34	0.46	4.50345
0.34	0.47	4.50363
0.34	0.48	4.50369
0.34	0.49	4.50369
0.34	0.5	4.50369
0.34	0.51	4.50369
0.34	0.52	4.50363
0.34	0.53	4.50345
0.34	0.54	4.50318
0.34	0.55	4.50281
0.34	0.56	4.50237
0.34	0.57	4.50186
0.34	0.58	4.50131
0.34	0.59	4.50069
0.34	0.6	4.50008
0.34	0.61	4.4995
0.34	0.62	4.49895
0.34	0.63	4.49853
0.34	0.64	4.49818
0.34	0.65	4.49787
0.34	0.66	4.49759
0.34	0.67	4.4973
0.34	0.68	4.49706
0.34	0.69	4.49692
0.34	0.7	4.49685
0.34	0.71	4.49682
0.34	0.72	4.49687
0.34	0.73	4.49698
0.34	0.74	4.49711
0.34	0.75	4.49723
0.34	0.76	4.49732
0.34	0.77	4.49737
0.34	0.78	4.49741
0.34	0.79	4.4974
0.34	0.8	4.49738
0.34	0.81	4.49739
0.34	0.82	4.49739
0.34	0.83	4.49741
0.34	0.84	4.49744
0.34	0.85	4.49749
0.34	0.86	4.4975
0.34	0.87	4.49752
0.34	0.88	4.49758
0.34	0.89	4.49763
0.34	0.9	4.49766
0.34	0.91	4.4977
0.34	0.92	4.49775
0.34	0.93	4.49782
0.34	0.94	4.49787
0.34	0.95	4.49797
0.34	0.96	4.49802
0.34	0.97	4.49822
0.34	0.98	4.49822
0.34	0.99	4.49822


0.35	0	4.49794
0.35	0.01	4.49794
0.35	0.02	4.49794
0.35	0.03	4.49781
0.35	0.04	4.49778
0.35	0.05	4.49771
0.35	0.06	4.49767
0.35	0.07	4.49762
0.35	0.08	4.49759
0.35	0.09	4.49755
0.35	0.1	4.49751
0.35	0.11	4.49748
0.35	0.12	4.49746
0.35	0.13	4.49743
0.35	0.14	4.49739
0.35	0.15	4.49735
0.35	0.16	4.49737
0.35	0.17	4.49736
0.35	0.18	4.49735
0.35	0.19	4.49735
0.35	0.2	4.49734
0.35	0.21	4.49733
0.35	0.22	4.49729
0.35	0.23	4.49723
0.35	0.24	4.49715
0.35	0.25	4.49709
0.35	0.26	4.49704
0.35	0.27	4.49702
0.35	0.28	4.49702
0.35	0.29	4.49713
0.35	0.3	4.49732
0.35	0.31	4.49752
0.35	0.32	4.49773
0.35	0.33	4.49798
0.35	0.34	4.49828
0.35	0.35	4.49866
0.35	0.36	4.49914
0.35	0.37	4.49964
0.35	0.38	4.50008
0.35	0.39	4.50056
0.35	0.4	4.50092
0.35	0.41	4.50128
0.35	0.42	4.50151
0.35	0.43	4.50166
0.35	0.44	4.50169
0.35	0.45	4.50163
0.35	0.46	4.5015
0.35	0.47	4.50131
0.35	0.48	4.50121
0.35	0.49	4.50114
0.35	0.5	4.50114
0.35	0.51	4.50121
0.35	0.52	4.50131
0.35	0.53	4.5015
0.35	0.54	4.50163
0.35	0.55	4.50169
0.35	0.56	4.50166
0.35	0.57	4.50151
0.35	0.58	4.50128
0.35	0.59	4.50092
0.35	0.6	4.50056
0.35	0.61	4.50008
0.35	0.62	4.49964
0.35	0.63	4.49914
0.35	0.64	4.49866
0.35	0.65	4.49828
0.35	0.66	4.49798
0.35	0.67	4.49773
0.35	0.68	4.49752
0.35	0.69	4.49732
0.35	0.7	4.49713
0.35	0.71	4.49702
0.35	0.72	4.49702
0.35	0.73	4.49704
0.35	0.74	4.49709
0.35	0.75	4.49715
0.35	0.76	4.49723
0.35	0.77	4.49729
0.35	0.78	4.49733
0.35	0.79	4.49734
0.35	0.8	4.49735
0.35	0.81	4.49735
0.35	0.82	4.49736
0.35	0.83	4.49737
0.35	0.84	4.49735
0.35	0.85	4.49739
0.35	0.86	4.49743
0.35	0.87	4.49746
0.35	0.88	4.49748
0.35	0.89	4.49751
0.35	0.9	4.49755
0.35	0.91	4.49759
0.35	0.92	4.49762
0.35	0.93	4.49767
0.35	0.94	4.49771
0.35	0.95	4.49778
0.35	0.96	4.49781
0.35	0.97	4.49794
0.35	0.98	4.49794
0.35	0.99	4.49794


0.36	0	4.49776
0.36	0.01	4.49776
0.36	0.02	4.49776
0.36	0.03	4.49767
0.36	0.04	4.49764
0.36	0.05	4.49759
0.36	0.06	4.49756
0.36	0.07	4.49752
0.36	0.08	4.49749
0.36	0.09	4.49746
0.36	0.1	4.49743
0.36	0.11	4.4974
0.36	0.12	4.49738
0.36	0.13	4.49736
0.36	0.14	4.49736
0.36	0.15	4.49736
0.36	0.16	4.49735
0.36	0.17	4.49733
0.36	0.18	4.49731
0.36	0.19	4.49726
0.36	0.2	4.4972
0.36	0.21	4.49713
0.36	0.22	4.49709
0.36	0.23	4.49709
0.36	0.24	4.49712
0.36	0.25	4.49719
0.36	0.26	4.49734
0.36	0.27	4.49749
0.36	0.28	4.49772
0.36	0.29	4.49786
0.36	0.3	4.498
0.36	0.31	4.49819
0.36	0.32	4.49843
0.36	0.33	4.49882
0.36	0.34	4.4992
0.36	0.35	4.49963
0.36	0.36	4.49991
0.36	0.37	4.50026
0.36	0.38	4.50046
0.36	0.39	4.50063
0.36	0.4	4.50065
0.36	0.41	4.5006
0.36	0.42	4.50045
0.36	0.43	4.50021
0.36	0.44	4.49988
0.36	0.45	4.4996
0.36	0.46	4.49941
0.36	0.47	4.49923
0.36	0.48	4.49911
0.36	0.49	4.49904
0.36	0.5	4.49904
0.36	0.51	4.49911
0.36	0.52	4.49923
0.36	0.53	4.49941
0.36	0.54	4.4996
0.36	0.55	4.49988
0.36	0.56	4.50021
0.36	0.57	4.50045
0.36	0.58	4.5006
0.36	0.59	4.50065
0.36	0.6	4.50063
0.36	0.61	4.50046
0.36	0.62	4.50026
0.36	0.63	4.49991
0.36	0.64	4.49963
0.36	0.65	4.4992
0.36	0.66	4.49882
0.36	0.67	4.49843
0.36	0.68	4.49819
0.36	0.69	4.498
0.36	0.7	4.49786
0.36	0.71	4.49772
0.36	0.72	4.49749
0.36	0.73	4.49734
0.36	0.74	4.49719
0.36	0.75	4.49712
0.36	0.76	4.49709
0.36	0.77	4.49709
0.36	0.78	4.49713
0.36	0.79	4.4972
0.36	0.8	4.49726
0.36	0.81	4.49731
0.36	0.82	4.49733
0.36	0.83	4.49735
0.36	0.84	4.49736
0.36	0.85	4.49736
0.36	0.86	4.49736
0.36	0.87	4.49738
0.36	0.88	4.4974
0.36	0.89	4.49743
0.36	0.9	4.49746
0.36	0.91	4.49749
0.36	0.92	4.49752
0.36	0.93	4.49756
0.36	0.94	4.49759
0.36	0.95	4.49764
0.36	0.96	4.49767
0.36	0.97	4.49776
0.36	0.98	4.49776
0.36	0.99	4.49776


0.37	0	4.49763
0.37	0.01	4.49763
0.37	0.02	4.49763
0.37	0.03	4.49756
0.37	0.04	4.49754
0.37	0.05	4.49749
0.37	0.06	4.49747
0.37	0.07	4.49743
0.37	0.08	4.49741
0.37	0.09	4.49738
0.37	0.1	4.49737
0.37	0.11	4.49736
0.37	0.12	4.49735
0.37	0.13	4.49735
0.37	0.14	4.49734
0.37	0.15	4.49732
0.37	0.16	4.49727
0.37	0.17	4.4972
0.37	0.18	4.49715
0.37	0.19	4.49711
0.37	0.2	4.49708
0.37	0.21	4.49709
0.37	0.22	4.49713
0.37	0.23	4.49724
0.37	0.24	4.49743
0.37	0.25	4.49765
0.37	0.26	4.49787
0.37	0.27	4.49808
0.37	0.28	4.49831
0.37	0.29	4.4986
0.37	0.3	4.49899
0.37	0.31	4.49937
0.37	0.32	4.49964
0.37	0.33	4.49996
0.37	0.34	4.50012
0.37	0.35	4.50029
0.37	0.36	4.50029
0.37	0.37	4.50032
0.37	0.38	4.50022
0.37	0.39	4.49997
0.37	0.4	4.49966
0.37	0.41	4.49923
0.37	0.42	4.4988
0.37	0.43	4.49846
0.37	0.44	4.49815
0.37	0.45	4.4979
0.37	0.46	4.49769
0.37	0.47	4.49752
0.37	0.48	4.49745
0.37	0.49	4.49739
0.37	0.5	4.49739
0.37	0.51	4.49745
0.37	0.52	4.49752
0.37	0.53	4.49769
0.37	0.54	4.4979
0.37	0.55	4.49815
0.37	0.56	4.49846
0.37	0.57	4.4988
0.37	0.58	4.49923
0.37	0.59	4.49966
0.37	0.6	4.49997
0.37	0.61	4.50022
0.37	0.62	4.50032
0.37	0.63	4.50029
0.37	0.64	4.50029
0.37	0.65	4.50012
0.37	0.66	4.49996
0.37	0.67	4.49964
0.37	0.68	4.49937
0.37	0.69	4.49899
0.37	0.7	4.4986
0.37	0.71	4.49831
0.37	0.72	4.49808
0.37	0.73	4.49787
0.37	0.74	4.49765
0.37	0.75	4.49743
0.37	0.76	4.49724
0.37	0.77	4.49713
0.37	0.78	4.49709
0.37	0.79	4.49708
0.37	0.8	4.49711
0.37	0.81	4.49715
0.37	0.82	4.4972
0.37	0.83	4.49727
0.37	0.84	4.49732
0.37	0.85	4.49734
0.37	0.86	4.49735
0.37	0.87	4.49735
0.37	0.88	4.49736
0.37	0.89	4.49737
0.37	0.9	4.49738
0.37	0.91	4.49741
0.37	0.92	4.49743
0.37	0.93	4.49747
0.37	0.94	4.49749
0.37	0.95	4.49754
0.37	0.96	4.49756
0.37	0.97	4.49763
0.37	0.98	4.49763
0.37	0.99	4.49763


0.38	0	4.49752
0.38	0.01	4.49752
0.38	0.02	4.49752
0.38	0.03	4.49746
0.38	0.04	4.49744
0.38	0.05	4.4974
0.38	0.06	4.49739
0.38	0.07	4.49737
0.38	0.08	4.49736
0.38	0.09	4.49736
0.38	0.1	4.49735
0.38	0.11	4.49734
0.38	0.12	4.49732
0.38	0.13	4.49729
0.38	0.14	4.49722
0.38	0.15	4.49715
0.38	0.16	4.49711
0.38	0.17	4.4971
0.38	0.18	4.49709
0.38	0.19	4.49711
0.38	0.2	4.49719
0.38	0.21	4.49736
0.38	0.22	4.49759
0.38	0.23	4.49779
0.38	0.24	4.498
0.38	0.25	4.49823
0.38	0.26	4.49849
0.38	0.27	4.49886
0.38	0.28	4.49927
0.38	0.29	4.4997
0.38	0.3	4.49996
0.38	0.31	4.5003
0.38	0.32	4.50041
0.38	0.33	4.50054
0.38	0.34	4.50051
0.38	0.35	4.50038
0.38	0.36	4.50013
0.38	0.37	4.49969
0.38	0.38	4.49914
0.38	0.39	4.49869
0.38	0.4	4.49818
0.38	0.41	4.49778
0.38	0.42	4.49741
0.38	0.43	4.49707
0.38	0.44	4.49682
0.38	0.45	4.49657
0.38	0.46	4.49638
0.38	0.47	4.49625
0.38	0.48	4.49615
0.38	0.49	4.49609
0.38	0.5	4.49609
0.38	0.51	4.49615
0.38	0.52	4.49625
0.38	0.53	4.49638
0.38	0.54	4.49657
0.38	0.55	4.49682
0.38	0.56	4.49707
0.38	0.57	4.49741
0.38	0.58	4.49778
0.38	0.59	4.49818
0.38	0.6	4.49869
0.38	0.61	4.49914
0.38	0.62	4.49969
0.38	0.63	4.50013
0.38	0.64	4.50038
0.38	0.65	4.50051
0.38	0.66	4.50054
0.38	0.67	4.50041
0.38	0.68	4.5003
0.38	0.69	4.49996
0.38	0.7	4.4997
0.38	0.71	4.49927
0.38	0.72	4.49886
0.38	0.73	4.49849
0.38	0.74	4.49823
0.38	0.75	4.498
0.38	0.76	4.49779
0.38	0.77	4.49759
0.38	0.78	4.49736
0.38	0.79	4.49719
0.38	0.8	4.49711
0.38	0.81	4.49709
0.38	0.82	4.4971
0.38	0.83	4.49711
0.38	0.84	4.49715
0.38	0.85	4.49722
0.38	0.86	4.49729
0.38	0.87	4.49732
0.38	0.88	4.49734
0.38	0.89	4.49735
0.38	0.9	4.49736
0.38	0.91	4.49736
0.38	0.92	4.49737
0.38	0.93	4.49739
0.38	0.94	4.4974
0.38	0.95	4.49744
0.38	0.96	4.49746
0.38	0.97	4.49752
0.38	0.98	4.49752
0.38	0.99	4.49752


0.39	0	4.49743
0.39	0.01	4.49743
0.39	0.02	4.49743
0.39	0.03	4.49739
0.39	0.04	4.49738
0.39	0.05	4.49736
0.39	0.06	4.49736
0.39	0.07	4.49735
0.39	0.08	4.49734
0.39	0.09	4.49733
0.39	0.1	4.4973
0.39	0.11	4.49723
0.39	0.12	4.49716
0.39	0.13	4.49714
0.39	0.14	4.4971
0.39	0.15	4.4971
0.39	0.16	4.49711
0.39	0.17	4.49716
0.39	0.18	4.4973
0.39	0.19	4.49753
0.39	0.2	4.49775
0.39	0.21	4.49795
0.39	0.22	4.49816
0.39	0.23	4.49843
0.39	0.24	4.49877
0.39	0.25	4.49921
0.39	0.26	4.49952
0.39	0.27	4.49992
0.39	0.28	4.50014
0.39	0.29	4.5004
0.39	0.3	4.50041
0.39	0.31	4.5005
0.39	0.32	4.50051
0.39	0.33	4.50037
0.39	0.34	4.50001
0.39	0.35	4.49951
0.39	0.36	4.49901
0.39	0.37	4.4985
0.39	0.38	4.49801
0.39	0.39	4.49751
0.39	0.4	4.4971
0.39	0.41	4.49669
0.39	0.42	4.49634
0.39	0.43	4.49606
0.39	0.44	4.4958
0.39	0.45	4.4956
0.39	0.46	4.49544
0.39	0.47	4.49529
0.39	0.48	4.49521
0.39	0.49	4.49516
0.39	0.5	4.49516
0.39	0.51	4.49521
0.39	0.52	4.49529
0.39	0.53	4.49544
0.39	0.54	4.4956
0.39	0.55	4.4958
0.39	0.56	4.49606
0.39	0.57	4.49634
0.39	0.58	4.49669
0.39	0.59	4.4971
0.39	0.6	4.49751
0.39	0.61	4.49801
0.39	0.62	4.4985
0.39	0.63	4.49901
0.39	0.64	4.49951
0.39	0.65	4.50001
0.39	0.66	4.50037
0.39	0.67	4.50051
0.39	0.68	4.5005
0.39	0.69	4.50041
0.39	0.7	4.5004
0.39	0.71	4.50014
0.39	0.72	4.49992
0.39	0.73	4.49952
0.39	0.74	4.49921
0.39	0.75	4.49877
0.39	0.76	4.49843
0.39	0.77	4.49816
0.39	0.78	4.49795
0.39	0.79	4.49775
0.39	0.8	4.49753
0.39	0.81	4.4973
0.39	0.82	4.49716
0.39	0.83	4.49711
0.39	0.84	4.4971
0.39	0.85	4.4971
0.39	0.86	4.49714
0.39	0.87	4.49716
0.39	0.88	4.49723
0.39	0.89	4.4973
0.39	0.9	4.49733
0.39	0.91	4.49734
0.39	0.92	4.49735
0.39	0.93	4.49736
0.39	0.94	4.49736
0.39	0.95	4.49738
0.39	0.96	4.49739
0.39	0.97	4.49743
0.39	0.98	4.49743
0.39	0.99	4.49743


0.4	0	4.49738
0.4	0.01	4.49738
0.4	0.02	4.49738
0.4	0.03	4.49736
0.4	0.04	4.49736
0.4	0.05	4.49734
0.4	0.06	4.49733
0.4	0.07	4.4973
0.4	0.08	4.49725
0.4	0.09	4.49719
0.4	0.1	4.49713
0.4	0.11	4.49712
0.4	0.12	4.49711
0.4	0.13	4.49711
0.4	0.14	4.49714
0.4	0.15	4.49725
0.4	0.16	4.49746
0.4	0.17	4.49769
0.4	0.18	4.49791
0.4	0.19	4.49812
0.4	0.2	4.49836
0.4	0.21	4.49869
0.4	0.22	4.49909
0.4	0.23	4.49953
0.4	0.24	4.49977
0.4	0.25	4.50013
0.4	0.26	4.50026
0.4	0.27	4.50044
0.4	0.28	4.50044
0.4	0.29	4.50045
0.4	0.3	4.50039
0.4	0.31	4.50014
0.4	0.32	4.49962
0.4	0.33	4.4991
0.4	0.34	4.49867
0.4	0.35	4.4982
0.4	0.36	4.49782
0.4	0.37	4.49739
0.4	0.38	4.49701
0.4	0.39	4.49667
0.4	0.4	4.4963
0.4	0.41	4.49597
0.4	0.42	4.49566
0.4	0.43	4.49535
0.4	0.44	4.49512
0.4	0.45	4.49492
0.4	0.46	4.49476
0.4	0.47	4.49466
0.4	0.48	4.4946
0.4	0.49	4.49455
0.4	0.5	4.49455
0.4	0.51	4.4946
0.4	0.52	4.49466
0.4	0.53	4.49476
0.4	0.54	4.49492
0.4	0.55	4.49512
0.4	0.56	4.49535
0.4	0.57	4.49566
0.4	0.58	4.49597
0.4	0.59	4.4963
0.4	0.6	4.49667
0.4	0.61	4.49701
0.4	0.62	4.49739
0.4	0.63	4.49782
0.4	0.64	4.4982
0.4	0.65	4.49867
0.4	0.66	4.4991
0.4	0.67	4.49962
0.4	0.68	4.50014
0.4	0.69	4.50039
0.4	0.7	4.50045
0.4	0.71	4.50044
0.4	0.72	4.50044
0.4	0.73	4.50026
0.4	0.74	4.50013
0.4	0.75	4.49977
0.4	0.76	4.49953
0.4	0.77	4.49909
0.4	0.78	4.49869
0.4	0.79	4.49836
0.4	0.8	4.49812
0.4	0.81	4.49791
0.4	0.82	4.49769
0.4	0.83	4.49746
0.4	0.84	4.49725
0.4	0.85	4.49714
0.4	0.86	4.49711
0.4	0.87	4.49711
0.4	0.88	4.49712
0.4	0.89	4.49713
0.4	0.9	4.49719
0.4	0.91	4.49725
0.4	0.92	4.4973
0.4	0.93	4.49733
0.4	0.94	4.49734
0.4	0.95	4.49736
0.4	0.96	4.49736
0.4	0.97	4.49738
0.4	0.98	4.49738
0.4	0.99	4.49738


0.41	0	4.49735
0.41	0.01	4.49735
0.41	0.02	4.49735
0.41	0.03	4.49733
0.41	0.04	4.49731
0.41	0.05	4.49725
0.41	0.06	4.49719
0.41	0.07	4.49717
0.41	0.08	4.49713
0.41	0.09	4.49711
0.41	0.1	4.49712
0.41	0.11	4.49714
0.41	0.12	4.49721
0.41	0.13	4.49738
0.41	0.14	4.49764
0.41	0.15	4.49785
0.41	0.16	4.49807
0.41	0.17	4.4983
0.41	0.18	4.4986
0.41	0.19	4.49903
0.41	0.2	4.49937
0.41	0.21	4.49978
0.41	0.22	4.5
0.41	0.23	4.50028
0.41	0.24	4.50031
0.41	0.25	4.50043
0.41	0.26	4.50045
0.41	0.27	4.50041
0.41	0.28	4.50023
0.41	0.29	4.49977
0.41	0.3	4.49924
0.41	0.31	4.49874
0.41	0.32	4.4983
0.41	0.33	4.49787
0.41	0.34	4.49748
0.41	0.35	4.4971
0.41	0.36	4.49674
0.41	0.37	4.49643
0.41	0.38	4.49617
0.41	0.39	4.49587
0.41	0.4	4.49565
0.41	0.41	4.49541
0.41	0.42	4.49518
0.41	0.43	4.49498
0.41	0.44	4.49477
0.41	0.45	4.49457
0.41	0.46	4.49443
0.41	0.47	4.49432
0.41	0.48	4.49424
0.41	0.49	4.49421
0.41	0.5	4.49421
0.41	0.51	4.49424
0.41	0.52	4.49432
0.41	0.53	4.49443
0.41	0.54	4.49457
0.41	0.55	4.49477
0.41	0.56	4.49498
0.41	0.57	4.49518
0.41	0.58	4.49541
0.41	0.59	4.49565
0.41	0.6	4.49587
0.41	0.61	4.49617
0.41	0.62	4.49643
0.41	0.63	4.49674
0.41	0.64	4.4971
0.41	0.65	4.49748
0.41	0.66	4.49787
0.41	0.67	4.4983
0.41	0.68	4.49874
0.41	0.69	4.49924
0.41	0.7	4.49977
0.41	0.71	4.50023
0.41	0.72	4.50041
0.41	0.73	4.50045
0.41	0.74	4.50043
0.41	0.75	4.50031
0.41	0.76	4.50028
0.41	0.77	4.5
0.41	0.78	4.49978
0.41	0.79	4.49937
0.41	0.8	4.49903
0.41	0.81	4.4986
0.41	0.82	4.4983
0.41	0.83	4.49807
0.41	0.84	4.49785
0.41	0.85	4.49764
0.41	0.86	4.49738
0.41	0.87	4.49721
0.41	0.88	4.49714
0.41	0.89	4.49712
0.41	0.9	4.49711
0.41	0.91	4.49713
0.41	0.92	4.49717
0.41	0.93	4.49719
0.41	0.94	4.49725
0.41	0.95	4.49731
0.41	0.96	4.49733
0.41	0.97	4.49735
0.41	0.98	4.49735
0.41	0.99	4.49735


0.42	0	4.49728
0.42	0.01	4.49728
0.42	0.02	4.49728
0.42	0.03	4.49721
0.42	0.04	4.49717
0.42	0.05	4.49714
0.42	0.06	4.49713
0.42	0.07	4.49712
0.42	0.08	4.49713
0.42	0.09	4.49719
0.42	0.1	4.49732
0.42	0.11	4.49756
0.42	0.12	4.4978
0.42	0.13	4.49802
0.42	0.14	4.49824
0.42	0.15	4.49852
0.42	0.16	4.49892
0.42	0.17	4.49937
0.42	0.18	4.49961
0.42	0.19	4.49998
0.42	0.2	4.50015
0.42	0.21	4.50035
0.42	0.22	4.50037
0.42	0.23	4.50041
0.42	0.24	4.50041
0.42	0.25	4.5003
0.42	0.26	4.49995
0.42	0.27	4.49934
0.42	0.28	4.49889
0.42	0.29	4.49842
0.42	0.3	4.49795
0.42	0.31	4.49758
0.42	0.32	4.49719
0.42	0.33	4.49683
0.42	0.34	4.49649
0.42	0.35	4.49618
0.42	0.36	4.49595
0.42	0.37	4.4957
0.42	0.38	4.49544
0.42	0.39	4.49525
0.42	0.4	4.49508
0.42	0.41	4.49492
0.42	0.42	4.49481
0.42	0.43	4.49468
0.42	0.44	4.49457
0.42	0.45	4.49448
0.42	0.46	4.49437
0.42	0.47	4.49426
0.42	0.48	4.49418
0.42	0.49	4.49412
0.42	0.5	4.49412
0.42	0.51	4.49418
0.42	0.52	4.49426
0.42	0.53	4.49437
0.42	0.54	4.49448
0.42	0.55	4.49457
0.42	0.56	4.49468
0.42	0.57	4.49481
0.42	0.58	4.49492
0.42	0.59	4.49508
0.42	0.6	4.49525
0.42	0.61	4.49544
0.42	0.62	4.4957
0.42	0.63	4.49595
0.42	0.64	4.49618
0.42	0.65	4.49649
0.42	0.66	4.49683
0.42	0.67	4.49719
0.42	0.68	4.49758
0.42	0.69	4.49795
0.42	0.7	4.49842
0.42	0.71	4.49889
0.42	0.72	4.49934
0.42	0.73	4.49995
0.42	0.74	4.5003
0.42	0.75	4.50041
0.42	0.76	4.50041
0.42	0.77	4.50037
0.42	0.78	4.50035
0.42	0.79	4.50015
0.42	0.8	4.49998
0.42	0.81	4.49961
0.42	0.82	4.49937
0.42	0.83	4.49892
0.42	0.84	4.49852
0.42	0.85	4.49824
0.42	0.86	4.49802
0.42	0.87	4.4978
0.42	0.88	4.49756
0.42	0.89	4.49732
0.42	0.9	4.49719
0.42	0.91	4.49713
0.42	0.92	4.49712
0.42	0.93	4.49713
0.42	0.94	4.49714
0.42	0.95	4.49717
0.42	0.96	4.49721
0.42	0.97	4.49728
0.42	0.98	4.49728
0.42	0.99	4.49728


0.43	0	4.49715
0.43	0.01	4.49715
0.43	0.02	4.49715
0.43	0.03	4.49712
0.43	0.04	4.49713
0.43	0.05	4.49713
0.43	0.06	4.49717
0.43	0.07	4.49727
0.43	0.08	4.49748
0.43	0.09	4.49774
0.43	0.1	4.49797
0.43	0.11	4.49819
0.43	0.12	4.49846
0.43	0.13	4.49884
0.43	0.14	4.49922
0.43	0.15	4.49963
0.43	0.16	4.49985
0.43	0.17	4.50014
0.43	0.18	4.50023
0.43	0.19	4.50037
0.43	0.2	4.50041
0.43	0.21	4.50038
0.43	0.22	4.50031
0.43	0.23	4.50007
0.43	0.24	4.49955
0.43	0.25	4.49895
0.43	0.26	4.49854
0.43	0.27	4.49811
0.43	0.28	4.49767
0.43	0.29	4.49725
0.43	0.3	4.49695
0.43	0.31	4.49659
0.43	0.32	4.49627
0.43	0.33	4.49598
0.43	0.34	4.49574
0.43	0.35	4.49553
0.43	0.36	4.4953
0.43	0.37	4.49508
0.43	0.38	4.49495
0.43	0.39	4.49482
0.43	0.4	4.49469
0.43	0.41	4.4946
0.43	0.42	4.49451
0.43	0.43	4.49445
0.43	0.44	4.49443
0.43	0.45	4.49439
0.43	0.46	4.49436
0.43	0.47	4.49435
0.43	0.48	4.49435
0.43	0.49	4.49437
0.43	0.5	4.49437
0.43	0.51	4.49435
0.43	0.52	4.49435
0.43	0.53	4.49436
0.43	0.54	4.49439
0.43	0.55	4.49443
0.43	0.56	4.49445
0.43	0.57	4.49451
0.43	0.58	4.4946
0.43	0.59	4.49469
0.43	0.6	4.49482
0.43	0.61	4.49495
0.43	0.62	4.49508
0.43	0.63	4.4953
0.43	0.64	4.49553
0.43	0.65	4.49574
0.43	0.66	4.49598
0.43	0.67	4.49627
0.43	0.68	4.49659
0.43	0.69	4.49695
0.43	0.7	4.49725
0.43	0.71	4.49767
0.43	0.72	4.49811
0.43	0.73	4.49854
0.43	0.74	4.49895
0.43	0.75	4.49955
0.43	0.76	4.50007
0.43	0.77	4.50031
0.43	0.78	4.50038
0.43	0.79	4.50041
0.43	0.8	4.50037
0.43	0.81	4.50023
0.43	0.82	4.50014
0.43	0.83	4.49985
0.43	0.84	4.49963
0.43	0.85	4.49922
0.43	0.86	4.49884
0.43	0.87	4.49846
0.43	0.88	4.49819
0.43	0.89	4.49797
0.43	0.9	4.49774
0.43	0.91	4.49748
0.43	0.92	4.49727
0.43	0.93	4.49717
0.43	0.94	4.49713
0.43	0.95	4.49713
0.43	0.96	4.49712
0.43	0.97	4.49715
0.43	0.98	4.49715
0.43	0.99	4.49715


0.44	0	4.49712
0.44	0.01	4.49712
0.44	0.02	4.49712
0.44	0.03	4.49714
0.44	0.04	4.49725
0.44	0.05	4.49738
0.44	0.06	4.49768
0.44	0.07	4.49791
0.44	0.08	4.49815
0.44	0.09	4.49839
0.44	0.1	4.49874
0.44	0.11	4.49919
0.44	0.12	4.49946
0.44	0.13	4.49983
0.44	0.14	4.50003
0.44	0.15	4.50026
0.44	0.16	4.50029
0.44	0.17	4.50036
0.44	0.18	4.50039
0.44	0.19	4.50034
0.44	0.2	4.50014
0.44	0.21	4.4997
0.44	0.22	4.49914
0.44	0.23	4.49861
0.44	0.24	4.49819
0.44	0.25	4.4978
0.44	0.26	4.49739
0.44	0.27	4.49699
0.44	0.28	4.49666
0.44	0.29	4.49639
0.44	0.3	4.49607
0.44	0.31	4.49578
0.44	0.32	4.49556
0.44	0.33	4.49535
0.44	0.34	4.49517
0.44	0.35	4.49498
0.44	0.36	4.49482
0.44	0.37	4.49474
0.44	0.38	4.49463
0.44	0.39	4.49451
0.44	0.4	4.49445
0.44	0.41	4.4944
0.44	0.42	4.49439
0.44	0.43	4.49436
0.44	0.44	4.49435
0.44	0.45	4.49438
0.44	0.46	4.49443
0.44	0.47	4.49452
0.44	0.48	4.49455
0.44	0.49	4.49458
0.44	0.5	4.49458
0.44	0.51	4.49455
0.44	0.52	4.49452
0.44	0.53	4.49443
0.44	0.54	4.49438
0.44	0.55	4.49435
0.44	0.56	4.49436
0.44	0.57	4.49439
0.44	0.58	4.4944
0.44	0.59	4.49445
0.44	0.6	4.49451
0.44	0.61	4.49463
0.44	0.62	4.49474
0.44	0.63	4.49482
0.44	0.64	4.49498
0.44	0.65	4.49517
0.44	0.66	4.49535
0.44	0.67	4.49556
0.44	0.68	4.49578
0.44	0.69	4.49607
0.44	0.7	4.49639
0.44	0.71	4.49666
0.44	0.72	4.49699
0.44	0.73	4.49739
0.44	0.74	4.4978
0.44	0.75	4.49819
0.44	0.76	4.49861
0.44	0.77	4.49914
0.44	0.78	4.4997
0.44	0.79	4.50014
0.44	0.8	4.50034
0.44	0.81	4.50039
0.44	0.82	4.50036
0.44	0.83	4.50029
0.44	0.84	4.50026
0.44	0.85	4.50003
0.44	0.86	4.49983
0.44	0.87	4.49946
0.44	0.88	4.49919
0.44	0.89	4.49874
0.44	0.9	4.49839
0.44	0.91	4.49815
0.44	0.92	4.49791
0.44	0.93	4.49768
0.44	0.94	4.49738
0.44	0.95	4.49725
0.44	0.96	4.49714
0.44	0.97	4.49712
0.44	0.98	4.49712
0.44	0.99	4.49712


0.45	0	4.49729
0.45	0.01	4.49729
0.45	0.02	4.49729
0.45	0.03	4.49762
0.45	0.04	4.49782
0.45	0.05	4.49809
0.45	0.06	4.49833
0.45	0.07	4.49865
0.45	0.08	4.49905
0.45	0.09	4.49945
0.45	0.1	4.49969
0.45	0.11	4.50001
0.45	0.12	4.50014
0.45	0.13	4.50031
0.45	0.14	4.50036
0.45	0.15	4.50035
0.45	0.16	4.50034
0.45	0.17	4.50022
0.45	0.18	4.49987
0.45	0.19	4.49925
0.45	0.2	4.49878
0.45	0.21	4.4983
0.45	0.22	4.49785
0.45	0.23	4.49749
0.45	0.24	4.49713
0.45	0.25	4.49675
0.45	0.26	4.49641
0.45	0.27	4.49615
0.45	0.28	4.4959
0.45	0.29	4.49562
0.45	0.3	4.49537
0.45	0.31	4.49522
0.45	0.32	4.49504
0.45	0.33	4.49487
0.45	0.34	4.49473
0.45	0.35	4.49463
0.45	0.36	4.49458
0.45	0.37	4.49448
0.45	0.38	4.49439
0.45	0.39	4.49438
0.45	0.4	4.49438
0.45	0.41	4.49436
0.45	0.42	4.49435
0.45	0.43	4.4944
0.45	0.44	4.49446
0.45	0.45	4.49453
0.45	0.46	4.49455
0.45	0.47	4.49458
0.45	0.48	4.4946
0.45	0.49	4.49462
0.45	0.5	4.49462
0.45	0.51	4.4946
0.45	0.52	4.49458
0.45	0.53	4.49455
0.45	0.54	4.49453
0.45	0.55	4.49446
0.45	0.56	4.4944
0.45	0.57	4.49435
0.45	0.58	4.49436
0.45	0.59	4.49438
0.45	0.6	4.49438
0.45	0.61	4.49439
0.45	0.62	4.49448
0.45	0.63	4.49458
0.45	0.64	4.49463
0.45	0.65	4.49473
0.45	0.66	4.49487
0.45	0.67	4.49504
0.45	0.68	4.49522
0.45	0.69	4.49537
0.45	0.7	4.49562
0.45	0.71	4.4959
0.45	0.72	4.49615
0.45	0.73	4.49641
0.45	0.74	4.49675
0.45	0.75	4.49713
0.45	0.76	4.49749
0.45	0.77	4.49785
0.45	0.78	4.4983
0.45	0.79	4.49878
0.45	0.8	4.49925
0.45	0.81	4.49987
0.45	0.82	4.50022
0.45	0.83	4.50034
0.45	0.84	4.50035
0.45	0.85	4.50036
0.45	0.86	4.50031
0.45	0.87	4.50014
0.45	0.88	4.50001
0.45	0.89	4.49969
0.45	0.9	4.49945
0.45	0.91	4.49905
0.45	0.92	4.49865
0.45	0.93	4.49833
0.45	0.94	4.49809
0.45	0.95	4.49782
0.45	0.96	4.49762
0.45	0.97	4.49729
0.45	0.98	4.49729
0.45	0.99	4.49729


0.46	0	4.4979
0.46	0.01	4.4979
0.46	0.02	4.4979
0.46	0.03	4.49834
0.46	0.04	4.49853
0.46	0.05	4.49901
0.46	0.06	4.49929
0.46	0.07	4.4997
0.46	0.08	4.49988
0.46	0.09	4.50014
0.46	0.1	4.50019
0.46	0.11	4.50031
0.46	0.12	4.50036
0.46	0.13	4.50033
0.46	0.14	4.50023
0.46	0.15	4.49998
0.46	0.16	4.49947
0.46	0.17	4.49885
0.46	0.18	4.49844
0.46	0.19	4.498
0.46	0.2	4.49756
0.46	0.21	4.49718
0.46	0.22	4.49687
0.46	0.23	4.49653
0.46	0.24	4.49619
0.46	0.25	4.49592
0.46	0.26	4.49571
0.46	0.27	4.49547
0.46	0.28	4.49523
0.46	0.29	4.49505
0.46	0.3	4.49495
0.46	0.31	4.49479
0.46	0.32	4.49464
0.46	0.33	4.49456
0.46	0.34	4.4945
0.46	0.35	4.49445
0.46	0.36	4.49438
0.46	0.37	4.49435
0.46	0.38	4.49438
0.46	0.39	4.49438
0.46	0.4	4.49438
0.46	0.41	4.49444
0.46	0.42	4.4945
0.46	0.43	4.49454
0.46	0.44	4.49457
0.46	0.45	4.49457
0.46	0.46	4.49458
0.46	0.47	4.49459
0.46	0.48	4.49459
0.46	0.49	4.49458
0.46	0.5	4.49458
0.46	0.51	4.49459
0.46	0.52	4.49459
0.46	0.53	4.49458
0.46	0.54	4.49457
0.46	0.55	4.49457
0.46	0.56	4.49454
0.46	0.57	4.4945
0.46	0.58	4.49444
0.46	0.59	4.49438
0.46	0.6	4.49438
0.46	0.61	4.49438
0.46	0.62	4.49435
0.46	0.63	4.49438
0.46	0.64	4.49445
0.46	0.65	4.4945
0.46	0.66	4.49456
0.46	0.67	4.49464
0.46	0.68	4.49479
0.46	0.69	4.49495
0.46	0.7	4.49505
0.46	0.71	4.49523
0.46	0.72	4.49547
0.46	0.73	4.49571
0.46	0.74	4.49592
0.46	0.75	4.49619
0.46	0.76	4.49653
0.46	0.77	4.49687
0.46	0.78	4.49718
0.46	0.79	4.49756
0.46	0.8	4.498
0.46	0.81	4.49844
0.46	0.82	4.49885
0.46	0.83	4.49947
0.46	0.84	4.49998
0.46	0.85	4.50023
0.46	0.86	4.50033
0.46	0.87	4.50036
0.46	0.88	4.50031
0.46	0.89	4.50019
0.46	0.9	4.50014
0.46	0.91	4.49988
0.46	0.92	4.4997
0.46	0.93	4.49929
0.46	0.94	4.49901
0.46	0.95	4.49853
0.46	0.96	4.49834
0.46	0.97	4.4979
0.46	0.98	4.4979
0.46	0.99	4.4979


0.47	0	4.4987
0.47	0.01	4.4987
0.47	0.02	4.4987
0.47	0.03	4.49932
0.47	0.04	4.49953
0.47	0.05	4.4999
0.47	0.06	4.50001
0.47	0.07	4.50023
0.47	0.08	4.50026
0.47	0.09	4.50031
0.47	0.1	4.50033
0.47	0.11	4.50026
0.47	0.12	4.50004
0.47	0.13	4.49959
0.47	0.14	4.49903
0.47	0.15	4.4985
0.47	0.16	4.49809
0.47	0.17	4.49771
0.47	0.18	4.4973
0.47	0.19	4.49691
0.47	0.2	4.49661
0.47	0.21	4.49633
0.47	0.22	4.49601
0.47	0.23	4.49572
0.47	0.24	4.49552
0.47	0.25	4.49534
0.47	0.26	4.49511
0.47	0.27	4.49493
0.47	0.28	4.49481
0.47	0.29	4.49473
0.47	0.3	4.49459
0.47	0.31	4.49448
0.47	0.32	4.49446
0.47	0.33	4.49443
0.47	0.34	4.49438
0.47	0.35	4.49434
0.47	0.36	4.49437
0.47	0.37	4.4944
0.47	0.38	4.49443
0.47	0.39	4.49448
0.47	0.4	4.49453
0.47	0.41	4.49456
0.47	0.42	4.49458
0.47	0.43	4.49457
0.47	0.44	4.49458
0.47	0.45	4.49458
0.47	0.46	4.49458
0.47	0.47	4.49457
0.47	0.48	4.49456
0.47	0.49	4.49456
0.47	0.5	4.49456
0.47	0.51	4.49456
0.47	0.52	4.49457
0.47	0.53	4.49458
0.47	0.54	4.49458
0.47	0.55	4.49458
0.47	0.56	4.49457
0.47	0.57	4.49458
0.47	0.58	4.49456
0.47	0.59	4.49453
0.47	0.6	4.49448
0.47	0.61	4.49443
0.47	0.62	4.4944
0.47	0.63	4.49437
0.47	0.64	4.49434
0.47	0.65	4.49438
0.47	0.66	4.49443
0.47	0.67	4.49446
0.47	0.68	4.49448
0.47	0.69	4.49459
0.47	0.7	4.49473
0.47	0.71	4.49481
0.47	0.72	4.49493
0.47	0.73	4.49511
0.47	0.74	4.49534
0.47	0.75	4.49552
0.47	0.76	4.49572
0.47	0.77	4.49601
0.47	0.78	4.49633
0.47	0.79	4.49661
0.47	0.8	4.49691
0.47	0.81	4.4973
0.47	0.82	4.49771
0.47	0.83	4.49809
0.47	0.84	4.4985
0.47	0.85	4.49903
0.47	0.86	4.49959
0.47	0.87	4.50004
0.47	0.88	4.50026
0.47	0.89	4.50033
0.47	0.9	4.50031
0.47	0.91	4.50026
0.47	0.92	4.50023
0.47	0.93	4.50001
0.47	0.94	4.4999
0.47	0.95	4.49953
0.47	0.96	4.49932
0.47	0.97	4.4987
0.47	0.98	4.4987
0.47	0.99	4.4987


0.48	0	4.4996
0.48	0.01	4.4996
0.48	0.02	4.4996
0.48	0.03	4.50005
0.48	0.04	4.50011
0.48	0.05	4.50027
0.48	0.06	4.50029
0.48	0.07	4.5003
0.48	0.08	4.50027
0.48	0.09	4.50012
0.48	0.1	4.49975
0.48	0.11	4.49915
0.48	0.12	4.49867
0.48	0.13	4.49819
0.48	0.14	4.49775
0.48	0.15	4.49739
0.48	0.16	4.49704
0.48	0.17	4.49666
0.48	0.18	4.49634
0.48	0.19	4.4961
0.48	0.2	4.49584
0.48	0.21	4.49556
0.48	0.22	4.49534
0.48	0.23	4.49519
0.48	0.24	4.49502
0.48	0.25	4.49483
0.48	0.26	4.4947
0.48	0.27	4.49464
0.48	0.28	4.49456
0.48	0.29	4.49445
0.48	0.3	4.49439
0.48	0.31	4.49441
0.48	0.32	4.49438
0.48	0.33	4.49435
0.48	0.34	4.49438
0.48	0.35	4.49442
0.48	0.36	4.49448
0.48	0.37	4.49452
0.48	0.38	4.49454
0.48	0.39	4.49457
0.48	0.4	4.49459
0.48	0.41	4.49458
0.48	0.42	4.49458
0.48	0.43	4.49458
0.48	0.44	4.49458
0.48	0.45	4.49457
0.48	0.46	4.49456
0.48	0.47	4.49456
0.48	0.48	4.49456
0.48	0.49	4.49456
0.48	0.5	4.49456
0.48	0.51	4.49456
0.48	0.52	4.49456
0.48	0.53	4.49456
0.48	0.54	4.49457
0.48	0.55	4.49458
0.48	0.56	4.49458
0.48	0.57	4.49458
0.48	0.58	4.49458
0.48	0.59	4.49459
0.48	0.6	4.49457
0.48	0.61	4.49454
0.48	0.62	4.49452
0.48	0.63	4.49448
0.48	0.64	4.49442
0.48	0.65	4.49438
0.48	0.66	4.49435
0.48	0.67	4.49438
0.48	0.68	4.49441
0.48	0.69	4.49439
0.48	0.7	4.49445
0.48	0.71	4.49456
0.48	0.72	4.49464
0.48	0.73	4.4947
0.48	0.74	4.49483
0.48	0.75	4.49502
0.48	0.76	4.49519
0.48	0.77	4.49534
0.48	0.78	4.49556
0.48	0.79	4.49584
0.48	0.8	4.4961
0.48	0.81	4.49634
0.48	0.82	4.49666
0.48	0.83	4.49704
0.48	0.84	4.49739
0.48	0.85	4.49775
0.48	0.86	4.49819
0.48	0.87	4.49867
0.48	0.88	4.49915
0.48	0.89	4.49975
0.48	0.9	4.50012
0.48	0.91	4.50027
0.48	0.92	4.5003
0.48	0.93	4.50029
0.48	0.94	4.50027
0.48	0.95	4.50011
0.48	0.96	4.50005
0.48	0.97	4.4996
0.48	0.98	4.4996
0.48	0.99	4.4996


0.49	0	4.50011
0.49	0.01	4.50011
0.49	0.02	4.50011
0.49	0.03	4.50025
0.49	0.04	4.50023
0.49	0.05	4.50025
0.49	0.06	4.50014
0.49	0.07	4.49987
0.49	0.08	4.49932
0.49	0.09	4.49874
0.49	0.1	4.49834
0.49	0.11	4.4979
0.49	0.12	4.49746
0.49	0.13	4.49708
0.49	0.14	4.49679
0.49	0.15	4.49645
0.49	0.16	4.49612
0.49	0.17	4.49585
0.49	0.18	4.49565
0.49	0.19	4.4954
0.49	0.2	4.49518
0.49	0.21	4.49502
0.49	0.22	4.49492
0.49	0.23	4.49476
0.49	0.24	4.49462
0.49	0.25	4.49455
0.49	0.26	4.49452
0.49	0.27	4.49444
0.49	0.28	4.49438
0.49	0.29	4.49438
0.49	0.3	4.49438
0.49	0.31	4.49438
0.49	0.32	4.4944
0.49	0.33	4.49445
0.49	0.34	4.49451
0.49	0.35	4.49455
0.49	0.36	4.49455
0.49	0.37	4.49457
0.49	0.38	4.49459
0.49	0.39	4.49458
0.49	0.4	4.49458
0.49	0.41	4.49457
0.49	0.42	4.49457
0.49	0.43	4.49457
0.49	0.44	4.49456
0.49	0.45	4.49456
0.49	0.46	4.49456
0.49	0.47	4.49457
0.49	0.48	4.49456
0.49	0.49	4.49456
0.49	0.5	4.49456
0.49	0.51	4.49456
0.49	0.52	4.49457
0.49	0.53	4.49456
0.49	0.54	4.49456
0.49	0.55	4.49456
0.49	0.56	4.49457
0.49	0.57	4.49457
0.49	0.58	4.49457
0.49	0.59	4.49458
0.49	0.6	4.49458
0.49	0.61	4.49459
0.49	0.62	4.49457
0.49	0.63	4.49455
0.49	0.64	4.49455
0.49	0.65	4.49451
0.49	0.66	4.49445
0.49	0.67	4.4944
0.49	0.68	4.49438
0.49	0.69	4.49438
0.49	0.7	4.49438
0.49	0.71	4.49438
0.49	0.72	4.49444
0.49	0.73	4.49452
0.49	0.74	4.49455
0.49	0.75	4.49462
0.49	0.76	4.49476
0.49	0.77	4.49492
0.49	0.78	4.49502
0.49	0.79	4.49518
0.49	0.8	4.4954
0.49	0.81	4.49565
0.49	0.82	4.49585
0.49	0.83	4.49612
0.49	0.84	4.49645
0.49	0.85	4.49679
0.49	0.86	4.49708
0.49	0.87	4.49746
0.49	0.88	4.4979
0.49	0.89	4.49834
0.49	0.9	4.49874
0.49	0.91	4.49932
0.49	0.92	4.49987
0.49	0.93	4.50014
0.49	0.94	4.50025
0.49	0.95	4.50023
0.49	0.96	4.50025
0.49	0.97	4.50011
0.49	0.98	4.50011
0.49	0.99	4.50011


0.5	0	4.50021
0.5	0.01	4.50021
0.5	0.02	4.50021
0.5	0.03	4.50016
0.5	0.04	4.49987
0.5	0.05	4.49948
0.5	0.06	4.49885
0.5	0.07	4.49838
0.5	0.08	4.49795
0.5	0.09	4.4976
0.5	0.1	4.4972
0.5	0.11	4.49682
0.5	0.12	4.49651
0.5	0.13	4.49625
0.5	0.14	4.49594
0.5	0.15	4.49566
0.5	0.16	4.49546
0.5	0.17	4.49529
0.5	0.18	4.49507
0.5	0.19	4.49488
0.5	0.2	4.49478
0.5	0.21	4.49468
0.5	0.22	4.49456
0.5	0.23	4.49447
0.5	0.24	4.49446
0.5	0.25	4.49444
0.5	0.26	4.49438
0.5	0.27	4.49436
0.5	0.28	4.49439
0.5	0.29	4.49442
0.5	0.3	4.49446
0.5	0.31	4.49448
0.5	0.32	4.49453
0.5	0.33	4.49457
0.5	0.34	4.49457
0.5	0.35	4.49457
0.5	0.36	4.49458
0.5	0.37	4.49458
0.5	0.38	4.49457
0.5	0.39	4.49457
0.5	0.4	4.49457
0.5	0.41	4.49457
0.5	0.42	4.49456
0.5	0.43	4.49456
0.5	0.44	4.49456
0.5	0.45	4.49456
0.5	0.46	4.49456
0.5	0.47	4.49456
0.5	0.48	4.49456
0.5	0.49	4.49456
0.5	0.5	4.49456
0.5	0.51	4.49456
0.5	0.52	4.49456
0.5	0.53	4.49456
0.5	0.54	4.49456
0.5	0.55	4.49456
0.5	0.56	4.49456
0.5	0.57	4.49456
0.5	0.58	4.49457
0.5	0.59	4.49457
0.5	0.6	4.49457
0.5	0.61	4.49457
0.5	0.62	4.49458
0.5	0.63	4.49458
0.5	0.64	4.49457
0.5	0.65	4.49457
0.5	0.66	4.49457
0.5	0.67	4.49453
0.5	0.68	4.49448
0.5	0.69	4.49446
0.5	0.7	4.49442
0.5	0.71	4.49439
0.5	0.72	4.49436
0.5	0.73	4.49438
0.5	0.74	4.49444
0.5	0.75	4.49446
0.5	0.76	4.49447
0.5	0.77	4.49456
0.5	0.78	4.49468
0.5	0.79	4.49478
0.5	0.8	4.49488
0.5	0.81	4.49507
0.5	0.82	4.49529
0.5	0.83	4.49546
0.5	0.84	4.49566
0.5	0.85	4.49594
0.5	0.86	4.49625
0.5	0.87	4.49651
0.5	0.88	4.49682
0.5	0.89	4.4972
0.5	0.9	4.4976
0.5	0.91	4.49795
0.5	0.92	4.49838
0.5	0.93	4.49885
0.5	0.94	4.49948
0.5	0.95	4.49987
0.5	0.96	4.50016
0.5	0.97	4.50021
0.5	0.98	4.50021
0.5	0.99	4.50021


