0	0	3
0	0.01	3.00001
0	0.02	3.00001
0	0.03	3.00002
0	0.04	3.00003
0	0.05	3.00005
0	0.06	3.00008
0	0.07	3.00012
0	0.08	3.00018
0	0.09	3.00027
0	0.1	3.00041
0	0.11	3.0006
0	0.12	3.00088
0	0.13	3.00128
0	0.14	3.00183
0	0.15	3.0026
0	0.16	3.00366
0	0.17	3.00509
0	0.18	3.007
0	0.19	3.00955
0	0.2	3.01289
0	0.21	3.01723
0	0.22	3.02279
0	0.23	3.02986
0	0.24	3.03873
0	0.25	3.04972
0	0.26	3.06321
0	0.27	3.07956
0	0.28	3.09914
0	0.29	3.1223
0	0.3	3.14938
0	0.31	3.18064
0	0.32	3.21627
0	0.33	3.25634
0	0.34	3.30082
0	0.35	3.3495
0	0.36	3.40202
0	0.37	3.45783
0	0.38	3.51621
0	0.39	3.57623
0	0.4	3.63683
0	0.41	3.6968
0	0.42	3.75484
0	0.43	3.80957
0	0.44	3.85963
0	0.45	3.90371
0	0.46	3.94059
0	0.47	3.96923
0	0.48	3.98881
0	0.49	3.99875
0	0.5	3.99875
0	0.51	3.98881
0	0.52	3.96923
0	0.53	3.94059
0	0.54	3.90371
0	0.55	3.85963
0	0.56	3.80957
0	0.57	3.75484
0	0.58	3.6968
0	0.59	3.63683
0	0.6	3.57623
0	0.61	3.51621
0	0.62	3.45783
0	0.63	3.40202
0	0.64	3.3495
0	0.65	3.30082
0	0.66	3.25634
0	0.67	3.21627
0	0.68	3.18064
0	0.69	3.14938
0	0.7	3.1223
0	0.71	3.09914
0	0.72	3.07956
0	0.73	3.06321
0	0.74	3.04972
0	0.75	3.03873
0	0.76	3.02986
0	0.77	3.02279
0	0.78	3.01723
0	0.79	3.01289
0	0.8	3.00955
0	0.81	3.007
0	0.82	3.00509
0	0.83	3.00366
0	0.84	3.0026
0	0.85	3.00183
0	0.86	3.00128
0	0.87	3.00088
0	0.88	3.0006
0	0.89	3.00041
0	0.9	3.00027
0	0.91	3.00018
0	0.92	3.00012
0	0.93	3.00008
0	0.94	3.00005
0	0.95	3.00003
0	0.96	3.00002
0	0.97	3.00001
0	0.98	3.00001
0	0.99	3


0.01	0	3.00003
0.01	0.01	3.00003
0.01	0.02	3.00003
0.01	0.03	3.00004
0.01	0.04	3.00006
0.01	0.05	3.00009
0.01	0.06	3.00013
0.01	0.07	3.00021
0.01	0.08	3.0003
0.01	0.09	3.00045
0.01	0.1	3.00065
0.01	0.11	3.00094
0.01	0.12	3.00135
0.01	0.13	3.00191
0.01	0.14	3.00268
0.01	0.15	3.00373
0.01	0.16	3.00514
0.01	0.17	3.00701
0.01	0.18	3.00947
0.01	0.19	3.01267
0.01	0.2	3.01679
0.01	0.21	3.02205
0.01	0.22	3.02868
0.01	0.23	3.03695
0.01	0.24	3.04715
0.01	0.25	3.05962
0.01	0.26	3.07467
0.01	0.27	3.09263
0.01	0.28	3.11383
0.01	0.29	3.13856
0.01	0.3	3.16707
0.01	0.31	3.19956
0.01	0.32	3.23604
0.01	0.33	3.27642
0.01	0.34	3.32059
0.01	0.35	3.36825
0.01	0.36	3.41894
0.01	0.37	3.47199
0.01	0.38	3.52675
0.01	0.39	3.58197
0.01	0.4	3.6381
0.01	0.41	3.69155
0.01	0.42	3.74295
0.01	0.43	3.79074
0.01	0.44	3.83369
0.01	0.45	3.87057
0.01	0.46	3.90091
0.01	0.47	3.92574
0.01	0.48	3.94153
0.01	0.49	3.95195
0.01	0.5	3.95195
0.01	0.51	3.94153
0.01	0.52	3.92574
0.01	0.53	3.90091
0.01	0.54	3.87057
0.01	0.55	3.83369
0.01	0.56	3.79074
0.01	0.57	3.74295
0.01	0.58	3.69155
0.01	0.59	3.6381
0.01	0.6	3.58197
0.01	0.61	3.52675
0.01	0.62	3.47199
0.01	0.63	3.41894
0.01	0.64	3.36825
0.01	0.65	3.32059
0.01	0.66	3.27642
0.01	0.67	3.23604
0.01	0.68	3.19956
0.01	0.69	3.16707
0.01	0.7	3.13856
0.01	0.71	3.11383
0.01	0.72	3.09263
0.01	0.73	3.07467
0.01	0.74	3.05962
0.01	0.75	3.04715
0.01	0.76	3.03695
0.01	0.77	3.02868
0.01	0.78	3.02205
0.01	0.79	3.01679
0.01	0.8	3.01267
0.01	0.81	3.00947
0.01	0.82	3.00701
0.01	0.83	3.00514
0.01	0.84	3.00373
0.01	0.85	3.00268
0.01	0.86	3.00191
0.01	0.87	3.00135
0.01	0.88	3.00094
0.01	0.89	3.00065
0.01	0.9	3.00045
0.01	0.91	3.0003
0.01	0.92	3.00021
0.01	0.93	3.00013
0.01	0.94	3.00009
0.01	0.95	3.00006
0.01	0.96	3.00004
0.01	0.97	3.00003
0.01	0.98	3.00003
0.01	0.99	3.00003


0.02	0	3.00007
0.02	0.01	3.00007
0.02	0.02	3.00007
0.02	0.03	3.00013
0.02	0.04	3.00017
0.02	0.05	3.00026
0.02	0.06	3.00036
0.02	0.07	3.00056
0.02	0.08	3.00075
0.02	0.09	3.00114
0.02	0.1	3.00154
0.02	0.11	3.00221
0.02	0.12	3.00303
0.02	0.13	3.00418
0.02	0.14	3.00567
0.02	0.15	3.00766
0.02	0.16	3.01022
0.02	0.17	3.01351
0.02	0.18	3.01771
0.02	0.19	3.02299
0.02	0.2	3.02957
0.02	0.21	3.03769
0.02	0.22	3.0476
0.02	0.23	3.05956
0.02	0.24	3.07384
0.02	0.25	3.0907
0.02	0.26	3.11037
0.02	0.27	3.13305
0.02	0.28	3.15888
0.02	0.29	3.18793
0.02	0.3	3.22016
0.02	0.31	3.25513
0.02	0.32	3.29269
0.02	0.33	3.3324
0.02	0.34	3.37382
0.02	0.35	3.41645
0.02	0.36	3.45953
0.02	0.37	3.50295
0.02	0.38	3.54526
0.02	0.39	3.58853
0.02	0.4	3.6272
0.02	0.41	3.66407
0.02	0.42	3.698
0.02	0.43	3.72898
0.02	0.44	3.75672
0.02	0.45	3.78049
0.02	0.46	3.79967
0.02	0.47	3.81426
0.02	0.48	3.82438
0.02	0.49	3.83101
0.02	0.5	3.83101
0.02	0.51	3.82438
0.02	0.52	3.81426
0.02	0.53	3.79967
0.02	0.54	3.78049
0.02	0.55	3.75672
0.02	0.56	3.72898
0.02	0.57	3.698
0.02	0.58	3.66407
0.02	0.59	3.6272
0.02	0.6	3.58853
0.02	0.61	3.54526
0.02	0.62	3.50295
0.02	0.63	3.45953
0.02	0.64	3.41645
0.02	0.65	3.37382
0.02	0.66	3.3324
0.02	0.67	3.29269
0.02	0.68	3.25513
0.02	0.69	3.22016
0.02	0.7	3.18793
0.02	0.71	3.15888
0.02	0.72	3.13305
0.02	0.73	3.11037
0.02	0.74	3.0907
0.02	0.75	3.07384
0.02	0.76	3.05956
0.02	0.77	3.0476
0.02	0.78	3.03769
0.02	0.79	3.02957
0.02	0.8	3.02299
0.02	0.81	3.01771
0.02	0.82	3.01351
0.02	0.83	3.01022
0.02	0.84	3.00766
0.02	0.85	3.00567
0.02	0.86	3.00418
0.02	0.87	3.00303
0.02	0.88	3.00221
0.02	0.89	3.00154
0.02	0.9	3.00114
0.02	0.91	3.00075
0.02	0.92	3.00056
0.02	0.93	3.00036
0.02	0.94	3.00026
0.02	0.95	3.00017
0.02	0.96	3.00013
0.02	0.97	3.00007
0.02	0.98	3.00007
0.02	0.99	3.00007


0.03	0	3.0002
0.03	0.01	3.0002
0.03	0.02	3.0002
0.03	0.03	3.00036
0.03	0.04	3.00047
0.03	0.05	3.00073
0.03	0.06	3.00098
0.03	0.07	3.00147
0.03	0.08	3.00193
0.03	0.09	3.00284
0.03	0.1	3.0037
0.03	0.11	3.0053
0.03	0.12	3.0068
0.03	0.13	3.00956
0.03	0.14	3.01206
0.03	0.15	3.01652
0.03	0.16	3.02084
0.03	0.17	3.02735
0.03	0.18	3.03456
0.03	0.19	3.04396
0.03	0.2	3.05498
0.03	0.21	3.06838
0.03	0.22	3.0841
0.03	0.23	3.10254
0.03	0.24	3.12375
0.03	0.25	3.14787
0.03	0.26	3.17483
0.03	0.27	3.20449
0.03	0.28	3.23651
0.03	0.29	3.26985
0.03	0.3	3.30405
0.03	0.31	3.33858
0.03	0.32	3.37218
0.03	0.33	3.40549
0.03	0.34	3.43586
0.03	0.35	3.46646
0.03	0.36	3.49367
0.03	0.37	3.52037
0.03	0.38	3.5434
0.03	0.39	3.56503
0.03	0.4	3.58453
0.03	0.41	3.60281
0.03	0.42	3.61905
0.03	0.43	3.63315
0.03	0.44	3.64556
0.03	0.45	3.65625
0.03	0.46	3.66487
0.03	0.47	3.67124
0.03	0.48	3.67537
0.03	0.49	3.67783
0.03	0.5	3.67783
0.03	0.51	3.67537
0.03	0.52	3.67124
0.03	0.53	3.66487
0.03	0.54	3.65625
0.03	0.55	3.64556
0.03	0.56	3.63315
0.03	0.57	3.61905
0.03	0.58	3.60281
0.03	0.59	3.58453
0.03	0.6	3.56503
0.03	0.61	3.5434
0.03	0.62	3.52037
0.03	0.63	3.49367
0.03	0.64	3.46646
0.03	0.65	3.43586
0.03	0.66	3.40549
0.03	0.67	3.37218
0.03	0.68	3.33858
0.03	0.69	3.30405
0.03	0.7	3.26985
0.03	0.71	3.23651
0.03	0.72	3.20449
0.03	0.73	3.17483
0.03	0.74	3.14787
0.03	0.75	3.12375
0.03	0.76	3.10254
0.03	0.77	3.0841
0.03	0.78	3.06838
0.03	0.79	3.05498
0.03	0.8	3.04396
0.03	0.81	3.03456
0.03	0.82	3.02735
0.03	0.83	3.02084
0.03	0.84	3.01652
0.03	0.85	3.01206
0.03	0.86	3.00956
0.03	0.87	3.0068
0.03	0.88	3.0053
0.03	0.89	3.0037
0.03	0.9	3.00284
0.03	0.91	3.00193
0.03	0.92	3.00147
0.03	0.93	3.00098
0.03	0.94	3.00073
0.03	0.95	3.00047
0.03	0.96	3.00036
0.03	0.97	3.0002
0.03	0.98	3.0002
0.03	0.99	3.0002


0.04	0	3.00057
0.04	0.01	3.00057
0.04	0.02	3.00057
0.04	0.03	3.00098
0.04	0.04	3.00126
0.04	0.05	3.0019
0.04	0.06	3.00248
0.04	0.07	3.00362
0.04	0.08	3.00469
0.04	0.09	3.00666
0.04	0.1	3.00851
0.04	0.11	3.01183
0.04	0.12	3.01491
0.04	0.13	3.02027
0.04	0.14	3.02522
0.04	0.15	3.03353
0.04	0.16	3.04121
0.04	0.17	3.0536
0.04	0.18	3.06503
0.04	0.19	3.08277
0.04	0.2	3.09895
0.04	0.21	3.12308
0.04	0.22	3.14501
0.04	0.23	3.17536
0.04	0.24	3.20357
0.04	0.25	3.23832
0.04	0.26	3.27142
0.04	0.27	3.30569
0.04	0.28	3.33655
0.04	0.29	3.36889
0.04	0.3	3.39285
0.04	0.31	3.42027
0.04	0.32	3.43739
0.04	0.33	3.45741
0.04	0.34	3.47012
0.04	0.35	3.4832
0.04	0.36	3.49212
0.04	0.37	3.49958
0.04	0.38	3.50538
0.04	0.39	3.50981
0.04	0.4	3.5135
0.04	0.41	3.51655
0.04	0.42	3.51896
0.04	0.43	3.52087
0.04	0.44	3.52242
0.04	0.45	3.52362
0.04	0.46	3.52454
0.04	0.47	3.5253
0.04	0.48	3.52585
0.04	0.49	3.52618
0.04	0.5	3.52618
0.04	0.51	3.52585
0.04	0.52	3.5253
0.04	0.53	3.52454
0.04	0.54	3.52362
0.04	0.55	3.52242
0.04	0.56	3.52087
0.04	0.57	3.51896
0.04	0.58	3.51655
0.04	0.59	3.5135
0.04	0.6	3.50981
0.04	0.61	3.50538
0.04	0.62	3.49958
0.04	0.63	3.49212
0.04	0.64	3.4832
0.04	0.65	3.47012
0.04	0.66	3.45741
0.04	0.67	3.43739
0.04	0.68	3.42027
0.04	0.69	3.39285
0.04	0.7	3.36889
0.04	0.71	3.33655
0.04	0.72	3.30569
0.04	0.73	3.27142
0.04	0.74	3.23832
0.04	0.75	3.20357
0.04	0.76	3.17536
0.04	0.77	3.14501
0.04	0.78	3.12308
0.04	0.79	3.09895
0.04	0.8	3.08277
0.04	0.81	3.06503
0.04	0.82	3.0536
0.04	0.83	3.04121
0.04	0.84	3.03353
0.04	0.85	3.02522
0.04	0.86	3.02027
0.04	0.87	3.01491
0.04	0.88	3.01183
0.04	0.89	3.00851
0.04	0.9	3.00666
0.04	0.91	3.00469
0.04	0.92	3.00362
0.04	0.93	3.00248
0.04	0.94	3.0019
0.04	0.95	3.00126
0.04	0.96	3.00098
0.04	0.97	3.00057
0.04	0.98	3.00057
0.04	0.99	3.00057


0.05	0	3.00149
0.05	0.01	3.00149
0.05	0.02	3.00149
0.05	0.03	3.0025
0.05	0.04	3.00314
0.05	0.05	3.00461
0.05	0.06	3.0059
0.05	0.07	3.00835
0.05	0.08	3.01061
0.05	0.09	3.01466
0.05	0.1	3.01841
0.05	0.11	3.02489
0.05	0.12	3.03089
0.05	0.13	3.04092
0.05	0.14	3.05017
0.05	0.15	3.06514
0.05	0.16	3.07891
0.05	0.17	3.1003
0.05	0.18	3.11989
0.05	0.19	3.14878
0.05	0.2	3.17504
0.05	0.21	3.21106
0.05	0.22	3.24355
0.05	0.23	3.28315
0.05	0.24	3.3161
0.05	0.25	3.35128
0.05	0.26	3.3747
0.05	0.27	3.40406
0.05	0.28	3.41891
0.05	0.29	3.43899
0.05	0.3	3.44607
0.05	0.31	3.45691
0.05	0.32	3.46021
0.05	0.33	3.46294
0.05	0.34	3.46107
0.05	0.35	3.45861
0.05	0.36	3.45435
0.05	0.37	3.44799
0.05	0.38	3.44292
0.05	0.39	3.4357
0.05	0.4	3.42908
0.05	0.41	3.42226
0.05	0.42	3.41576
0.05	0.43	3.40999
0.05	0.44	3.40481
0.05	0.45	3.40037
0.05	0.46	3.39673
0.05	0.47	3.39394
0.05	0.48	3.39203
0.05	0.49	3.39104
0.05	0.5	3.39104
0.05	0.51	3.39203
0.05	0.52	3.39394
0.05	0.53	3.39673
0.05	0.54	3.40037
0.05	0.55	3.40481
0.05	0.56	3.40999
0.05	0.57	3.41576
0.05	0.58	3.42226
0.05	0.59	3.42908
0.05	0.6	3.4357
0.05	0.61	3.44292
0.05	0.62	3.44799
0.05	0.63	3.45435
0.05	0.64	3.45861
0.05	0.65	3.46107
0.05	0.66	3.46294
0.05	0.67	3.46021
0.05	0.68	3.45691
0.05	0.69	3.44607
0.05	0.7	3.43899
0.05	0.71	3.41891
0.05	0.72	3.40406
0.05	0.73	3.3747
0.05	0.74	3.35128
0.05	0.75	3.3161
0.05	0.76	3.28315
0.05	0.77	3.24355
0.05	0.78	3.21106
0.05	0.79	3.17504
0.05	0.8	3.14878
0.05	0.81	3.11989
0.05	0.82	3.1003
0.05	0.83	3.07891
0.05	0.84	3.06514
0.05	0.85	3.05017
0.05	0.86	3.04092
0.05	0.87	3.03089
0.05	0.88	3.02489
0.05	0.89	3.01841
0.05	0.9	3.01466
0.05	0.91	3.01061
0.05	0.92	3.00835
0.05	0.93	3.0059
0.05	0.94	3.00461
0.05	0.95	3.00314
0.05	0.96	3.0025
0.05	0.97	3.00149
0.05	0.98	3.00149
0.05	0.99	3.00149


0.06	0	3.00367
0.06	0.01	3.00367
0.06	0.02	3.00367
0.06	0.03	3.00595
0.06	0.04	3.00733
0.06	0.05	3.01046
0.06	0.06	3.01318
0.06	0.07	3.01814
0.06	0.08	3.0227
0.06	0.09	3.03058
0.06	0.1	3.03787
0.06	0.11	3.05008
0.06	0.12	3.06135
0.06	0.13	3.07966
0.06	0.14	3.0965
0.06	0.15	3.12279
0.06	0.16	3.14681
0.06	0.17	3.18217
0.06	0.18	3.21416
0.06	0.19	3.25751
0.06	0.2	3.29489
0.06	0.21	3.33491
0.06	0.22	3.36096
0.06	0.23	3.3935
0.06	0.24	3.40972
0.06	0.25	3.432
0.06	0.26	3.43819
0.06	0.27	3.45022
0.06	0.28	3.45065
0.06	0.29	3.4541
0.06	0.3	3.45277
0.06	0.31	3.44712
0.06	0.32	3.43755
0.06	0.33	3.43054
0.06	0.34	3.42078
0.06	0.35	3.40741
0.06	0.36	3.39656
0.06	0.37	3.38391
0.06	0.38	3.36953
0.06	0.39	3.35837
0.06	0.4	3.34442
0.06	0.41	3.33298
0.06	0.42	3.32179
0.06	0.43	3.31162
0.06	0.44	3.30241
0.06	0.45	3.29455
0.06	0.46	3.28822
0.06	0.47	3.28341
0.06	0.48	3.28015
0.06	0.49	3.27844
0.06	0.5	3.27844
0.06	0.51	3.28015
0.06	0.52	3.28341
0.06	0.53	3.28822
0.06	0.54	3.29455
0.06	0.55	3.30241
0.06	0.56	3.31162
0.06	0.57	3.32179
0.06	0.58	3.33298
0.06	0.59	3.34442
0.06	0.6	3.35837
0.06	0.61	3.36953
0.06	0.62	3.38391
0.06	0.63	3.39656
0.06	0.64	3.40741
0.06	0.65	3.42078
0.06	0.66	3.43054
0.06	0.67	3.43755
0.06	0.68	3.44712
0.06	0.69	3.45277
0.06	0.7	3.4541
0.06	0.71	3.45065
0.06	0.72	3.45022
0.06	0.73	3.43819
0.06	0.74	3.432
0.06	0.75	3.40972
0.06	0.76	3.3935
0.06	0.77	3.36096
0.06	0.78	3.33491
0.06	0.79	3.29489
0.06	0.8	3.25751
0.06	0.81	3.21416
0.06	0.82	3.18217
0.06	0.83	3.14681
0.06	0.84	3.12279
0.06	0.85	3.0965
0.06	0.86	3.07966
0.06	0.87	3.06135
0.06	0.88	3.05008
0.06	0.89	3.03787
0.06	0.9	3.03058
0.06	0.91	3.0227
0.06	0.92	3.01814
0.06	0.93	3.01318
0.06	0.94	3.01046
0.06	0.95	3.00733
0.06	0.96	3.00595
0.06	0.97	3.00367
0.06	0.98	3.00367
0.06	0.99	3.00367


0.07	0	3.00849
0.07	0.01	3.00849
0.07	0.02	3.00849
0.07	0.03	3.01331
0.07	0.04	3.01616
0.07	0.05	3.0225
0.07	0.06	3.02794
0.07	0.07	3.03766
0.07	0.08	3.04655
0.07	0.09	3.0616
0.07	0.1	3.0755
0.07	0.11	3.09829
0.07	0.12	3.11929
0.07	0.13	3.15226
0.07	0.14	3.18236
0.07	0.15	3.22751
0.07	0.16	3.26767
0.07	0.17	3.31536
0.07	0.18	3.34582
0.07	0.19	3.38276
0.07	0.2	3.4006
0.07	0.21	3.42638
0.07	0.22	3.43314
0.07	0.23	3.44643
0.07	0.24	3.44709
0.07	0.25	3.45123
0.07	0.26	3.45031
0.07	0.27	3.448
0.07	0.28	3.43799
0.07	0.29	3.4277
0.07	0.3	3.41799
0.07	0.31	3.40805
0.07	0.32	3.39215
0.07	0.33	3.37793
0.07	0.34	3.36418
0.07	0.35	3.34792
0.07	0.36	3.33122
0.07	0.37	3.31642
0.07	0.38	3.29969
0.07	0.39	3.28386
0.07	0.4	3.26934
0.07	0.41	3.25434
0.07	0.42	3.24118
0.07	0.43	3.22897
0.07	0.44	3.21815
0.07	0.45	3.20881
0.07	0.46	3.20111
0.07	0.47	3.19518
0.07	0.48	3.19129
0.07	0.49	3.18908
0.07	0.5	3.18908
0.07	0.51	3.19129
0.07	0.52	3.19518
0.07	0.53	3.20111
0.07	0.54	3.20881
0.07	0.55	3.21815
0.07	0.56	3.22897
0.07	0.57	3.24118
0.07	0.58	3.25434
0.07	0.59	3.26934
0.07	0.6	3.28386
0.07	0.61	3.29969
0.07	0.62	3.31642
0.07	0.63	3.33122
0.07	0.64	3.34792
0.07	0.65	3.36418
0.07	0.66	3.37793
0.07	0.67	3.39215
0.07	0.68	3.40805
0.07	0.69	3.41799
0.07	0.7	3.4277
0.07	0.71	3.43799
0.07	0.72	3.448
0.07	0.73	3.45031
0.07	0.74	3.45123
0.07	0.75	3.44709
0.07	0.76	3.44643
0.07	0.77	3.43314
0.07	0.78	3.42638
0.07	0.79	3.4006
0.07	0.8	3.38276
0.07	0.81	3.34582
0.07	0.82	3.31536
0.07	0.83	3.26767
0.07	0.84	3.22751
0.07	0.85	3.18236
0.07	0.86	3.15226
0.07	0.87	3.11929
0.07	0.88	3.09829
0.07	0.89	3.0755
0.07	0.9	3.0616
0.07	0.91	3.04655
0.07	0.92	3.03766
0.07	0.93	3.02794
0.07	0.94	3.0225
0.07	0.95	3.01616
0.07	0.96	3.01331
0.07	0.97	3.00849
0.07	0.98	3.00849
0.07	0.99	3.00849


0.08	0	3.01862
0.08	0.01	3.01862
0.08	0.02	3.01862
0.08	0.03	3.02841
0.08	0.04	3.03412
0.08	0.05	3.04669
0.08	0.06	3.05743
0.08	0.07	3.07646
0.08	0.08	3.09386
0.08	0.09	3.12295
0.08	0.1	3.14971
0.08	0.11	3.19357
0.08	0.12	3.23399
0.08	0.13	3.28986
0.08	0.14	3.3274
0.08	0.15	3.37023
0.08	0.16	3.38944
0.08	0.17	3.41976
0.08	0.18	3.42829
0.08	0.19	3.44315
0.08	0.2	3.44404
0.08	0.21	3.44945
0.08	0.22	3.44909
0.08	0.23	3.44839
0.08	0.24	3.44184
0.08	0.25	3.43033
0.08	0.26	3.41912
0.08	0.27	3.40994
0.08	0.28	3.398
0.08	0.29	3.38246
0.08	0.3	3.36699
0.08	0.31	3.35306
0.08	0.32	3.33708
0.08	0.33	3.31941
0.08	0.34	3.30305
0.08	0.35	3.28675
0.08	0.36	3.2689
0.08	0.37	3.25204
0.08	0.38	3.23558
0.08	0.39	3.21923
0.08	0.4	3.20375
0.08	0.41	3.18901
0.08	0.42	3.17526
0.08	0.43	3.16268
0.08	0.44	3.1515
0.08	0.45	3.14192
0.08	0.46	3.13421
0.08	0.47	3.12808
0.08	0.48	3.12427
0.08	0.49	3.12186
0.08	0.5	3.12186
0.08	0.51	3.12427
0.08	0.52	3.12808
0.08	0.53	3.13421
0.08	0.54	3.14192
0.08	0.55	3.1515
0.08	0.56	3.16268
0.08	0.57	3.17526
0.08	0.58	3.18901
0.08	0.59	3.20375
0.08	0.6	3.21923
0.08	0.61	3.23558
0.08	0.62	3.25204
0.08	0.63	3.2689
0.08	0.64	3.28675
0.08	0.65	3.30305
0.08	0.66	3.31941
0.08	0.67	3.33708
0.08	0.68	3.35306
0.08	0.69	3.36699
0.08	0.7	3.38246
0.08	0.71	3.398
0.08	0.72	3.40994
0.08	0.73	3.41912
0.08	0.74	3.43033
0.08	0.75	3.44184
0.08	0.76	3.44839
0.08	0.77	3.44909
0.08	0.78	3.44945
0.08	0.79	3.44404
0.08	0.8	3.44315
0.08	0.81	3.42829
0.08	0.82	3.41976
0.08	0.83	3.38944
0.08	0.84	3.37023
0.08	0.85	3.3274
0.08	0.86	3.28986
0.08	0.87	3.23399
0.08	0.88	3.19357
0.08	0.89	3.14971
0.08	0.9	3.12295
0.08	0.91	3.09386
0.08	0.92	3.07646
0.08	0.93	3.05743
0.08	0.94	3.04669
0.08	0.95	3.03412
0.08	0.96	3.02841
0.08	0.97	3.01862
0.08	0.98	3.01862
0.08	0.99	3.01862


0.09	0	3.03943
0.09	0.01	3.03943
0.09	0.02	3.03943
0.09	0.03	3.05929
0.09	0.04	3.07085
0.09	0.05	3.09642
0.09	0.06	3.11823
0.09	0.07	3.15799
0.09	0.08	3.19512
0.09	0.09	3.25652
0.09	0.1	3.30334
0.09	0.11	3.35393
0.09	0.12	3.37607
0.09	0.13	3.41158
0.09	0.14	3.42254
0.09	0.15	3.43979
0.09	0.16	3.44065
0.09	0.17	3.44788
0.09	0.18	3.44808
0.09	0.19	3.44815
0.09	0.2	3.44445
0.09	0.21	3.43504
0.09	0.22	3.42192
0.09	0.23	3.41226
0.09	0.24	3.40195
0.09	0.25	3.38968
0.09	0.26	3.37322
0.09	0.27	3.35858
0.09	0.28	3.34421
0.09	0.29	3.32904
0.09	0.3	3.31146
0.09	0.31	3.29506
0.09	0.32	3.27887
0.09	0.33	3.26206
0.09	0.34	3.24463
0.09	0.35	3.22804
0.09	0.36	3.21146
0.09	0.37	3.19521
0.09	0.38	3.17943
0.09	0.39	3.16394
0.09	0.4	3.14951
0.09	0.41	3.13555
0.09	0.42	3.12311
0.09	0.43	3.11124
0.09	0.44	3.10138
0.09	0.45	3.09226
0.09	0.46	3.08532
0.09	0.47	3.07962
0.09	0.48	3.07617
0.09	0.49	3.07405
0.09	0.5	3.07405
0.09	0.51	3.07617
0.09	0.52	3.07962
0.09	0.53	3.08532
0.09	0.54	3.09226
0.09	0.55	3.10138
0.09	0.56	3.11124
0.09	0.57	3.12311
0.09	0.58	3.13555
0.09	0.59	3.14951
0.09	0.6	3.16394
0.09	0.61	3.17943
0.09	0.62	3.19521
0.09	0.63	3.21146
0.09	0.64	3.22804
0.09	0.65	3.24463
0.09	0.66	3.26206
0.09	0.67	3.27887
0.09	0.68	3.29506
0.09	0.69	3.31146
0.09	0.7	3.32904
0.09	0.71	3.34421
0.09	0.72	3.35858
0.09	0.73	3.37322
0.09	0.74	3.38968
0.09	0.75	3.40195
0.09	0.76	3.41226
0.09	0.77	3.42192
0.09	0.78	3.43504
0.09	0.79	3.44445
0.09	0.8	3.44815
0.09	0.81	3.44808
0.09	0.82	3.44788
0.09	0.83	3.44065
0.09	0.84	3.43979
0.09	0.85	3.42254
0.09	0.86	3.41158
0.09	0.87	3.37607
0.09	0.88	3.35393
0.09	0.89	3.30334
0.09	0.9	3.25652
0.09	0.91	3.19512
0.09	0.92	3.15799
0.09	0.93	3.11823
0.09	0.94	3.09642
0.09	0.95	3.07085
0.09	0.96	3.05929
0.09	0.97	3.03943
0.09	0.98	3.03943
0.09	0.99	3.03943


0.1	0	3.0836
0.1	0.01	3.0836
0.1	0.02	3.0836
0.1	0.03	3.12656
0.1	0.04	3.15302
0.1	0.05	3.21647
0.1	0.06	3.26837
0.1	0.07	3.33247
0.1	0.08	3.36021
0.1	0.09	3.40187
0.1	0.1	3.41441
0.1	0.11	3.43549
0.1	0.12	3.4375
0.1	0.13	3.44626
0.1	0.14	3.44676
0.1	0.15	3.44752
0.1	0.16	3.44572
0.1	0.17	3.43954
0.1	0.18	3.42594
0.1	0.19	3.41521
0.1	0.2	3.40513
0.1	0.21	3.39477
0.1	0.22	3.38091
0.1	0.23	3.36516
0.1	0.24	3.3507
0.1	0.25	3.33672
0.1	0.26	3.32151
0.1	0.27	3.30477
0.1	0.28	3.28861
0.1	0.29	3.27285
0.1	0.3	3.25658
0.1	0.31	3.23991
0.1	0.32	3.22345
0.1	0.33	3.20735
0.1	0.34	3.19164
0.1	0.35	3.17565
0.1	0.36	3.16092
0.1	0.37	3.14564
0.1	0.38	3.132
0.1	0.39	3.1179
0.1	0.4	3.10598
0.1	0.41	3.0935
0.1	0.42	3.08321
0.1	0.43	3.07299
0.1	0.44	3.06484
0.1	0.45	3.0572
0.1	0.46	3.0516
0.1	0.47	3.04673
0.1	0.48	3.04387
0.1	0.49	3.04198
0.1	0.5	3.04198
0.1	0.51	3.04387
0.1	0.52	3.04673
0.1	0.53	3.0516
0.1	0.54	3.0572
0.1	0.55	3.06484
0.1	0.56	3.07299
0.1	0.57	3.08321
0.1	0.58	3.0935
0.1	0.59	3.10598
0.1	0.6	3.1179
0.1	0.61	3.132
0.1	0.62	3.14564
0.1	0.63	3.16092
0.1	0.64	3.17565
0.1	0.65	3.19164
0.1	0.66	3.20735
0.1	0.67	3.22345
0.1	0.68	3.23991
0.1	0.69	3.25658
0.1	0.7	3.27285
0.1	0.71	3.28861
0.1	0.72	3.30477
0.1	0.73	3.32151
0.1	0.74	3.33672
0.1	0.75	3.3507
0.1	0.76	3.36516
0.1	0.77	3.38091
0.1	0.78	3.39477
0.1	0.79	3.40513
0.1	0.8	3.41521
0.1	0.81	3.42594
0.1	0.82	3.43954
0.1	0.83	3.44572
0.1	0.84	3.44752
0.1	0.85	3.44676
0.1	0.86	3.44626
0.1	0.87	3.4375
0.1	0.88	3.43549
0.1	0.89	3.41441
0.1	0.9	3.40187
0.1	0.91	3.36021
0.1	0.92	3.33247
0.1	0.93	3.26837
0.1	0.94	3.21647
0.1	0.95	3.15302
0.1	0.96	3.12656
0.1	0.97	3.0836
0.1	0.98	3.0836
0.1	0.99	3.0836


0.11	0	3.20196
0.11	0.01	3.20196
0.11	0.02	3.20196
0.11	0.03	3.30718
0.11	0.04	3.34166
0.11	0.05	3.39037
0.11	0.06	3.40208
0.11	0.07	3.43032
0.11	0.08	3.43486
0.11	0.09	3.44455
0.11	0.1	3.44433
0.11	0.11	3.44685
0.11	0.12	3.44616
0.11	0.13	3.44262
0.11	0.14	3.43086
0.11	0.15	3.41868
0.11	0.16	3.40845
0.11	0.17	3.39862
0.11	0.18	3.38699
0.11	0.19	3.37288
0.11	0.2	3.35742
0.11	0.21	3.34358
0.11	0.22	3.32958
0.11	0.23	3.31486
0.11	0.24	3.29845
0.11	0.25	3.28287
0.11	0.26	3.26745
0.11	0.27	3.25188
0.11	0.28	3.23564
0.11	0.29	3.21975
0.11	0.3	3.20432
0.11	0.31	3.1887
0.11	0.32	3.17407
0.11	0.33	3.15878
0.11	0.34	3.14484
0.11	0.35	3.13032
0.11	0.36	3.11781
0.11	0.37	3.10441
0.11	0.38	3.09319
0.11	0.39	3.08122
0.11	0.4	3.07175
0.11	0.41	3.06153
0.11	0.42	3.05375
0.11	0.43	3.04556
0.11	0.44	3.03963
0.11	0.45	3.03358
0.11	0.46	3.02945
0.11	0.47	3.02579
0.11	0.48	3.02383
0.11	0.49	3.02247
0.11	0.5	3.02247
0.11	0.51	3.02383
0.11	0.52	3.02579
0.11	0.53	3.02945
0.11	0.54	3.03358
0.11	0.55	3.03963
0.11	0.56	3.04556
0.11	0.57	3.05375
0.11	0.58	3.06153
0.11	0.59	3.07175
0.11	0.6	3.08122
0.11	0.61	3.09319
0.11	0.62	3.10441
0.11	0.63	3.11781
0.11	0.64	3.13032
0.11	0.65	3.14484
0.11	0.66	3.15878
0.11	0.67	3.17407
0.11	0.68	3.1887
0.11	0.69	3.20432
0.11	0.7	3.21975
0.11	0.71	3.23564
0.11	0.72	3.25188
0.11	0.73	3.26745
0.11	0.74	3.28287
0.11	0.75	3.29845
0.11	0.76	3.31486
0.11	0.77	3.32958
0.11	0.78	3.34358
0.11	0.79	3.35742
0.11	0.8	3.37288
0.11	0.81	3.38699
0.11	0.82	3.39862
0.11	0.83	3.40845
0.11	0.84	3.41868
0.11	0.85	3.43086
0.11	0.86	3.44262
0.11	0.87	3.44616
0.11	0.88	3.44685
0.11	0.89	3.44433
0.11	0.9	3.44455
0.11	0.91	3.43486
0.11	0.92	3.43032
0.11	0.93	3.40208
0.11	0.94	3.39037
0.11	0.95	3.34166
0.11	0.96	3.30718
0.11	0.97	3.20196
0.11	0.98	3.20196
0.11	0.99	3.20196


0.12	0	3.38286
0.12	0.01	3.38286
0.12	0.02	3.38286
0.12	0.03	3.42928
0.12	0.04	3.42753
0.12	0.05	3.44446
0.12	0.06	3.444
0.12	0.07	3.44609
0.12	0.08	3.44493
0.12	0.09	3.44383
0.12	0.1	3.43575
0.12	0.11	3.42311
0.12	0.12	3.41168
0.12	0.13	3.40217
0.12	0.14	3.39161
0.12	0.15	3.37992
0.12	0.16	3.36457
0.12	0.17	3.35041
0.12	0.18	3.33688
0.12	0.19	3.32324
0.12	0.2	3.30835
0.12	0.21	3.29276
0.12	0.22	3.27756
0.12	0.23	3.26262
0.12	0.24	3.24738
0.12	0.25	3.2317
0.12	0.26	3.21663
0.12	0.27	3.20135
0.12	0.28	3.18682
0.12	0.29	3.17189
0.12	0.3	3.15792
0.12	0.31	3.14343
0.12	0.32	3.13067
0.12	0.33	3.11704
0.12	0.34	3.10523
0.12	0.35	3.09272
0.12	0.36	3.08256
0.12	0.37	3.07139
0.12	0.38	3.06264
0.12	0.39	3.05308
0.12	0.4	3.04606
0.12	0.41	3.03822
0.12	0.42	3.03278
0.12	0.43	3.02675
0.12	0.44	3.02288
0.12	0.45	3.01872
0.12	0.46	3.0162
0.12	0.47	3.01377
0.12	0.48	3.01242
0.12	0.49	3.01151
0.12	0.5	3.01151
0.12	0.51	3.01242
0.12	0.52	3.01377
0.12	0.53	3.0162
0.12	0.54	3.01872
0.12	0.55	3.02288
0.12	0.56	3.02675
0.12	0.57	3.03278
0.12	0.58	3.03822
0.12	0.59	3.04606
0.12	0.6	3.05308
0.12	0.61	3.06264
0.12	0.62	3.07139
0.12	0.63	3.08256
0.12	0.64	3.09272
0.12	0.65	3.10523
0.12	0.66	3.11704
0.12	0.67	3.13067
0.12	0.68	3.14343
0.12	0.69	3.15792
0.12	0.7	3.17189
0.12	0.71	3.18682
0.12	0.72	3.20135
0.12	0.73	3.21663
0.12	0.74	3.2317
0.12	0.75	3.24738
0.12	0.76	3.26262
0.12	0.77	3.27756
0.12	0.78	3.29276
0.12	0.79	3.30835
0.12	0.8	3.32324
0.12	0.81	3.33688
0.12	0.82	3.35041
0.12	0.83	3.36457
0.12	0.84	3.37992
0.12	0.85	3.39161
0.12	0.86	3.40217
0.12	0.87	3.41168
0.12	0.88	3.42311
0.12	0.89	3.43575
0.12	0.9	3.44383
0.12	0.91	3.44493
0.12	0.92	3.44609
0.12	0.93	3.444
0.12	0.94	3.44446
0.12	0.95	3.42753
0.12	0.96	3.42928
0.12	0.97	3.38286
0.12	0.98	3.38286
0.12	0.99	3.38286


0.13	0	3.44092
0.13	0.01	3.44092
0.13	0.02	3.44092
0.13	0.03	3.4479
0.13	0.04	3.44523
0.13	0.05	3.44635
0.13	0.06	3.43875
0.13	0.07	3.43108
0.13	0.08	3.41543
0.13	0.09	3.40646
0.13	0.1	3.39559
0.13	0.11	3.3849
0.13	0.12	3.37123
0.13	0.13	3.35763
0.13	0.14	3.34384
0.13	0.15	3.33071
0.13	0.16	3.31681
0.13	0.17	3.30264
0.13	0.18	3.28735
0.13	0.19	3.27266
0.13	0.2	3.25804
0.13	0.21	3.24328
0.13	0.22	3.2283
0.13	0.23	3.2134
0.13	0.24	3.19921
0.13	0.25	3.18453
0.13	0.26	3.17053
0.13	0.27	3.15629
0.13	0.28	3.14343
0.13	0.29	3.12978
0.13	0.3	3.11762
0.13	0.31	3.10484
0.13	0.32	3.09416
0.13	0.33	3.08252
0.13	0.34	3.07303
0.13	0.35	3.06274
0.13	0.36	3.05492
0.13	0.37	3.04614
0.13	0.38	3.03975
0.13	0.39	3.0326
0.13	0.4	3.0278
0.13	0.41	3.02227
0.13	0.42	3.01882
0.13	0.43	3.01488
0.13	0.44	3.01255
0.13	0.45	3.00997
0.13	0.46	3.00861
0.13	0.47	3.0072
0.13	0.48	3.0066
0.13	0.49	3.00611
0.13	0.5	3.00611
0.13	0.51	3.0066
0.13	0.52	3.0072
0.13	0.53	3.00861
0.13	0.54	3.00997
0.13	0.55	3.01255
0.13	0.56	3.01488
0.13	0.57	3.01882
0.13	0.58	3.02227
0.13	0.59	3.0278
0.13	0.6	3.0326
0.13	0.61	3.03975
0.13	0.62	3.04614
0.13	0.63	3.05492
0.13	0.64	3.06274
0.13	0.65	3.07303
0.13	0.66	3.08252
0.13	0.67	3.09416
0.13	0.68	3.10484
0.13	0.69	3.11762
0.13	0.7	3.12978
0.13	0.71	3.14343
0.13	0.72	3.15629
0.13	0.73	3.17053
0.13	0.74	3.18453
0.13	0.75	3.19921
0.13	0.76	3.2134
0.13	0.77	3.2283
0.13	0.78	3.24328
0.13	0.79	3.25804
0.13	0.8	3.27266
0.13	0.81	3.28735
0.13	0.82	3.30264
0.13	0.83	3.31681
0.13	0.84	3.33071
0.13	0.85	3.34384
0.13	0.86	3.35763
0.13	0.87	3.37123
0.13	0.88	3.3849
0.13	0.89	3.39559
0.13	0.9	3.40646
0.13	0.91	3.41543
0.13	0.92	3.43108
0.13	0.93	3.43875
0.13	0.94	3.44635
0.13	0.95	3.44523
0.13	0.96	3.4479
0.13	0.97	3.44092
0.13	0.98	3.44092
0.13	0.99	3.44092


0.14	0	3.44483
0.14	0.01	3.44483
0.14	0.02	3.44483
0.14	0.03	3.43466
0.14	0.04	3.42204
0.14	0.05	3.41194
0.14	0.06	3.40044
0.14	0.07	3.39134
0.14	0.08	3.37821
0.14	0.09	3.36603
0.14	0.1	3.35139
0.14	0.11	3.33863
0.14	0.12	3.32446
0.14	0.13	3.31127
0.14	0.14	3.29628
0.14	0.15	3.28241
0.14	0.16	3.26812
0.14	0.17	3.25397
0.14	0.18	3.23938
0.14	0.19	3.22501
0.14	0.2	3.211
0.14	0.21	3.19666
0.14	0.22	3.18271
0.14	0.23	3.16874
0.14	0.24	3.15596
0.14	0.25	3.14239
0.14	0.26	3.12987
0.14	0.27	3.11701
0.14	0.28	3.10606
0.14	0.29	3.09409
0.14	0.3	3.08395
0.14	0.31	3.07316
0.14	0.32	3.06467
0.14	0.33	3.0552
0.14	0.34	3.04801
0.14	0.35	3.04001
0.14	0.36	3.03439
0.14	0.37	3.02794
0.14	0.38	3.02369
0.14	0.39	3.01878
0.14	0.4	3.01577
0.14	0.41	3.01223
0.14	0.42	3.01025
0.14	0.43	3.0079
0.14	0.44	3.0067
0.14	0.45	3.0053
0.14	0.46	3.00464
0.14	0.47	3.00399
0.14	0.48	3.00367
0.14	0.49	3.00348
0.14	0.5	3.00348
0.14	0.51	3.00367
0.14	0.52	3.00399
0.14	0.53	3.00464
0.14	0.54	3.0053
0.14	0.55	3.0067
0.14	0.56	3.0079
0.14	0.57	3.01025
0.14	0.58	3.01223
0.14	0.59	3.01577
0.14	0.6	3.01878
0.14	0.61	3.02369
0.14	0.62	3.02794
0.14	0.63	3.03439
0.14	0.64	3.04001
0.14	0.65	3.04801
0.14	0.66	3.0552
0.14	0.67	3.06467
0.14	0.68	3.07316
0.14	0.69	3.08395
0.14	0.7	3.09409
0.14	0.71	3.10606
0.14	0.72	3.11701
0.14	0.73	3.12987
0.14	0.74	3.14239
0.14	0.75	3.15596
0.14	0.76	3.16874
0.14	0.77	3.18271
0.14	0.78	3.19666
0.14	0.79	3.211
0.14	0.8	3.22501
0.14	0.81	3.23938
0.14	0.82	3.25397
0.14	0.83	3.26812
0.14	0.84	3.28241
0.14	0.85	3.29628
0.14	0.86	3.31127
0.14	0.87	3.32446
0.14	0.88	3.33863
0.14	0.89	3.35139
0.14	0.9	3.36603
0.14	0.91	3.37821
0.14	0.92	3.39134
0.14	0.93	3.40044
0.14	0.94	3.41194
0.14	0.95	3.42204
0.14	0.96	3.43466
0.14	0.97	3.44483
0.14	0.98	3.44483
0.14	0.99	3.44483


0.15	0	3.41069
0.15	0.01	3.41069
0.15	0.02	3.41069
0.15	0.03	3.39441
0.15	0.04	3.38805
0.15	0.05	3.37221
0.15	0.06	3.36104
0.15	0.07	3.34574
0.15	0.08	3.33348
0.15	0.09	3.32004
0.15	0.1	3.30651
0.15	0.11	3.29292
0.15	0.12	3.27858
0.15	0.13	3.26468
0.15	0.14	3.25011
0.15	0.15	3.23598
0.15	0.16	3.22175
0.15	0.17	3.20802
0.15	0.18	3.19458
0.15	0.19	3.18082
0.15	0.2	3.16803
0.15	0.21	3.15466
0.15	0.22	3.14204
0.15	0.23	3.12916
0.15	0.24	3.11797
0.15	0.25	3.10585
0.15	0.26	3.09516
0.15	0.27	3.08401
0.15	0.28	3.07504
0.15	0.29	3.06499
0.15	0.3	3.05699
0.15	0.31	3.04831
0.15	0.32	3.04198
0.15	0.33	3.0347
0.15	0.34	3.02965
0.15	0.35	3.0239
0.15	0.36	3.02018
0.15	0.37	3.01583
0.15	0.38	3.01327
0.15	0.39	3.0102
0.15	0.4	3.0085
0.15	0.41	3.00648
0.15	0.42	3.00548
0.15	0.43	3.00427
0.15	0.44	3.00368
0.15	0.45	3.00302
0.15	0.46	3.00268
0.15	0.47	3.00235
0.15	0.48	3.0022
0.15	0.49	3.00208
0.15	0.5	3.00208
0.15	0.51	3.0022
0.15	0.52	3.00235
0.15	0.53	3.00268
0.15	0.54	3.00302
0.15	0.55	3.00368
0.15	0.56	3.00427
0.15	0.57	3.00548
0.15	0.58	3.00648
0.15	0.59	3.0085
0.15	0.6	3.0102
0.15	0.61	3.01327
0.15	0.62	3.01583
0.15	0.63	3.02018
0.15	0.64	3.0239
0.15	0.65	3.02965
0.15	0.66	3.0347
0.15	0.67	3.04198
0.15	0.68	3.04831
0.15	0.69	3.05699
0.15	0.7	3.06499
0.15	0.71	3.07504
0.15	0.72	3.08401
0.15	0.73	3.09516
0.15	0.74	3.10585
0.15	0.75	3.11797
0.15	0.76	3.12916
0.15	0.77	3.14204
0.15	0.78	3.15466
0.15	0.79	3.16803
0.15	0.8	3.18082
0.15	0.81	3.19458
0.15	0.82	3.20802
0.15	0.83	3.22175
0.15	0.84	3.23598
0.15	0.85	3.25011
0.15	0.86	3.26468
0.15	0.87	3.27858
0.15	0.88	3.29292
0.15	0.89	3.30651
0.15	0.9	3.32004
0.15	0.91	3.33348
0.15	0.92	3.34574
0.15	0.93	3.36104
0.15	0.94	3.37221
0.15	0.95	3.38805
0.15	0.96	3.39441
0.15	0.97	3.41069
0.15	0.98	3.41069
0.15	0.99	3.41069


0.16	0	3.37127
0.16	0.01	3.37127
0.16	0.02	3.37127
0.16	0.03	3.3511
0.16	0.04	3.34343
0.16	0.05	3.32821
0.16	0.06	3.3174
0.16	0.07	3.30262
0.16	0.08	3.28976
0.16	0.09	3.27497
0.16	0.1	3.2616
0.16	0.11	3.24732
0.16	0.12	3.23391
0.16	0.13	3.22013
0.16	0.14	3.20685
0.16	0.15	3.19321
0.16	0.16	3.18014
0.16	0.17	3.16659
0.16	0.18	3.15377
0.16	0.19	3.14102
0.16	0.2	3.12951
0.16	0.21	3.11748
0.16	0.22	3.10663
0.16	0.23	3.09519
0.16	0.24	3.08573
0.16	0.25	3.07528
0.16	0.26	3.06663
0.16	0.27	3.05736
0.16	0.28	3.05035
0.16	0.29	3.04236
0.16	0.3	3.03649
0.16	0.31	3.02996
0.16	0.32	3.02556
0.16	0.33	3.02039
0.16	0.34	3.01715
0.16	0.35	3.01335
0.16	0.36	3.01114
0.16	0.37	3.00848
0.16	0.38	3.0071
0.16	0.39	3.00541
0.16	0.4	3.00454
0.16	0.41	3.00352
0.16	0.42	3.00304
0.16	0.43	3.00245
0.16	0.44	3.00215
0.16	0.45	3.00182
0.16	0.46	3.00166
0.16	0.47	3.0015
0.16	0.48	3.00142
0.16	0.49	3.00137
0.16	0.5	3.00137
0.16	0.51	3.00142
0.16	0.52	3.0015
0.16	0.53	3.00166
0.16	0.54	3.00182
0.16	0.55	3.00215
0.16	0.56	3.00245
0.16	0.57	3.00304
0.16	0.58	3.00352
0.16	0.59	3.00454
0.16	0.6	3.00541
0.16	0.61	3.0071
0.16	0.62	3.00848
0.16	0.63	3.01114
0.16	0.64	3.01335
0.16	0.65	3.01715
0.16	0.66	3.02039
0.16	0.67	3.02556
0.16	0.68	3.02996
0.16	0.69	3.03649
0.16	0.7	3.04236
0.16	0.71	3.05035
0.16	0.72	3.05736
0.16	0.73	3.06663
0.16	0.74	3.07528
0.16	0.75	3.08573
0.16	0.76	3.09519
0.16	0.77	3.10663
0.16	0.78	3.11748
0.16	0.79	3.12951
0.16	0.8	3.14102
0.16	0.81	3.15377
0.16	0.82	3.16659
0.16	0.83	3.18014
0.16	0.84	3.19321
0.16	0.85	3.20685
0.16	0.86	3.22013
0.16	0.87	3.23391
0.16	0.88	3.24732
0.16	0.89	3.2616
0.16	0.9	3.27497
0.16	0.91	3.28976
0.16	0.92	3.30262
0.16	0.93	3.3174
0.16	0.94	3.32821
0.16	0.95	3.34343
0.16	0.96	3.3511
0.16	0.97	3.37127
0.16	0.98	3.37127
0.16	0.99	3.37127


0.17	0	3.32755
0.17	0.01	3.32755
0.17	0.02	3.32755
0.17	0.03	3.307
0.17	0.04	3.29948
0.17	0.05	3.28328
0.17	0.06	3.27257
0.17	0.07	3.25839
0.17	0.08	3.24615
0.17	0.09	3.23235
0.17	0.1	3.21922
0.17	0.11	3.20548
0.17	0.12	3.19249
0.17	0.13	3.17923
0.17	0.14	3.16656
0.17	0.15	3.15387
0.17	0.16	3.14223
0.17	0.17	3.12994
0.17	0.18	3.11874
0.17	0.19	3.10679
0.17	0.2	3.09658
0.17	0.21	3.08577
0.17	0.22	3.07652
0.17	0.23	3.0669
0.17	0.24	3.05918
0.17	0.25	3.05068
0.17	0.26	3.04426
0.17	0.27	3.03697
0.17	0.28	3.0318
0.17	0.29	3.02585
0.17	0.3	3.02192
0.17	0.31	3.01738
0.17	0.32	3.01456
0.17	0.33	3.01122
0.17	0.34	3.00937
0.17	0.35	3.00712
0.17	0.36	3.00593
0.17	0.37	3.00449
0.17	0.38	3.0038
0.17	0.39	3.00295
0.17	0.4	3.00251
0.17	0.41	3.00201
0.17	0.42	3.00178
0.17	0.43	3.00149
0.17	0.44	3.00133
0.17	0.45	3.00117
0.17	0.46	3.00111
0.17	0.47	3.00103
0.17	0.48	3.00099
0.17	0.49	3.00097
0.17	0.5	3.00097
0.17	0.51	3.00099
0.17	0.52	3.00103
0.17	0.53	3.00111
0.17	0.54	3.00117
0.17	0.55	3.00133
0.17	0.56	3.00149
0.17	0.57	3.00178
0.17	0.58	3.00201
0.17	0.59	3.00251
0.17	0.6	3.00295
0.17	0.61	3.0038
0.17	0.62	3.00449
0.17	0.63	3.00593
0.17	0.64	3.00712
0.17	0.65	3.00937
0.17	0.66	3.01122
0.17	0.67	3.01456
0.17	0.68	3.01738
0.17	0.69	3.02192
0.17	0.7	3.02585
0.17	0.71	3.0318
0.17	0.72	3.03697
0.17	0.73	3.04426
0.17	0.74	3.05068
0.17	0.75	3.05918
0.17	0.76	3.0669
0.17	0.77	3.07652
0.17	0.78	3.08577
0.17	0.79	3.09658
0.17	0.8	3.10679
0.17	0.81	3.11874
0.17	0.82	3.12994
0.17	0.83	3.14223
0.17	0.84	3.15387
0.17	0.85	3.16656
0.17	0.86	3.17923
0.17	0.87	3.19249
0.17	0.88	3.20548
0.17	0.89	3.21922
0.17	0.9	3.23235
0.17	0.91	3.24615
0.17	0.92	3.25839
0.17	0.93	3.27257
0.17	0.94	3.28328
0.17	0.95	3.29948
0.17	0.96	3.307
0.17	0.97	3.32755
0.17	0.98	3.32755
0.17	0.99	3.32755


0.18	0	3.28428
0.18	0.01	3.28428
0.18	0.02	3.28428
0.18	0.03	3.26311
0.18	0.04	3.25566
0.18	0.05	3.23973
0.18	0.06	3.22923
0.18	0.07	3.21555
0.18	0.08	3.20394
0.18	0.09	3.19132
0.18	0.1	3.17934
0.18	0.11	3.16694
0.18	0.12	3.15521
0.18	0.13	3.14273
0.18	0.14	3.13119
0.18	0.15	3.11922
0.18	0.16	3.10865
0.18	0.17	3.09767
0.18	0.18	3.08803
0.18	0.19	3.07789
0.18	0.2	3.06946
0.18	0.21	3.06014
0.18	0.22	3.05292
0.18	0.23	3.04479
0.18	0.24	3.03859
0.18	0.25	3.03197
0.18	0.26	3.02741
0.18	0.27	3.02221
0.18	0.28	3.01869
0.18	0.29	3.01468
0.18	0.3	3.01245
0.18	0.31	3.00955
0.18	0.32	3.00787
0.18	0.33	3.00593
0.18	0.34	3.00499
0.18	0.35	3.0038
0.18	0.36	3.00317
0.18	0.37	3.00245
0.18	0.38	3.00212
0.18	0.39	3.00169
0.18	0.4	3.00147
0.18	0.41	3.00122
0.18	0.42	3.00111
0.18	0.43	3.00096
0.18	0.44	3.00088
0.18	0.45	3.00082
0.18	0.46	3.00078
0.18	0.47	3.00074
0.18	0.48	3.00072
0.18	0.49	3.00072
0.18	0.5	3.00072
0.18	0.51	3.00072
0.18	0.52	3.00074
0.18	0.53	3.00078
0.18	0.54	3.00082
0.18	0.55	3.00088
0.18	0.56	3.00096
0.18	0.57	3.00111
0.18	0.58	3.00122
0.18	0.59	3.00147
0.18	0.6	3.00169
0.18	0.61	3.00212
0.18	0.62	3.00245
0.18	0.63	3.00317
0.18	0.64	3.0038
0.18	0.65	3.00499
0.18	0.66	3.00593
0.18	0.67	3.00787
0.18	0.68	3.00955
0.18	0.69	3.01245
0.18	0.7	3.01468
0.18	0.71	3.01869
0.18	0.72	3.02221
0.18	0.73	3.02741
0.18	0.74	3.03197
0.18	0.75	3.03859
0.18	0.76	3.04479
0.18	0.77	3.05292
0.18	0.78	3.06014
0.18	0.79	3.06946
0.18	0.8	3.07789
0.18	0.81	3.08803
0.18	0.82	3.09767
0.18	0.83	3.10865
0.18	0.84	3.11922
0.18	0.85	3.13119
0.18	0.86	3.14273
0.18	0.87	3.15521
0.18	0.88	3.16694
0.18	0.89	3.17934
0.18	0.9	3.19132
0.18	0.91	3.20394
0.18	0.92	3.21555
0.18	0.93	3.22923
0.18	0.94	3.23973
0.18	0.95	3.25566
0.18	0.96	3.26311
0.18	0.97	3.28428
0.18	0.98	3.28428
0.18	0.99	3.28428


0.19	0	3.24222
0.19	0.01	3.24222
0.19	0.02	3.24222
0.19	0.03	3.22141
0.19	0.04	3.21415
0.19	0.05	3.19876
0.19	0.06	3.18873
0.19	0.07	3.17569
0.19	0.08	3.16484
0.19	0.09	3.15306
0.19	0.1	3.14234
0.19	0.11	3.13105
0.19	0.12	3.12092
0.19	0.13	3.10998
0.19	0.14	3.10036
0.19	0.15	3.08968
0.19	0.16	3.08067
0.19	0.17	3.07082
0.19	0.18	3.06288
0.19	0.19	3.05428
0.19	0.2	3.04735
0.19	0.21	3.04001
0.19	0.22	3.03478
0.19	0.23	3.02862
0.19	0.24	3.02416
0.19	0.25	3.01917
0.19	0.26	3.01623
0.19	0.27	3.01259
0.19	0.28	3.01016
0.19	0.29	3.00775
0.19	0.3	3.0066
0.19	0.31	3.00505
0.19	0.32	3.00413
0.19	0.33	3.00315
0.19	0.34	3.00278
0.19	0.35	3.00214
0.19	0.36	3.00176
0.19	0.37	3.0014
0.19	0.38	3.00125
0.19	0.39	3.00103
0.19	0.4	3.00091
0.19	0.41	3.00079
0.19	0.42	3.00073
0.19	0.43	3.00066
0.19	0.44	3.00062
0.19	0.45	3.00059
0.19	0.46	3.00056
0.19	0.47	3.00054
0.19	0.48	3.00054
0.19	0.49	3.00053
0.19	0.5	3.00053
0.19	0.51	3.00054
0.19	0.52	3.00054
0.19	0.53	3.00056
0.19	0.54	3.00059
0.19	0.55	3.00062
0.19	0.56	3.00066
0.19	0.57	3.00073
0.19	0.58	3.00079
0.19	0.59	3.00091
0.19	0.6	3.00103
0.19	0.61	3.00125
0.19	0.62	3.0014
0.19	0.63	3.00176
0.19	0.64	3.00214
0.19	0.65	3.00278
0.19	0.66	3.00315
0.19	0.67	3.00413
0.19	0.68	3.00505
0.19	0.69	3.0066
0.19	0.7	3.00775
0.19	0.71	3.01016
0.19	0.72	3.01259
0.19	0.73	3.01623
0.19	0.74	3.01917
0.19	0.75	3.02416
0.19	0.76	3.02862
0.19	0.77	3.03478
0.19	0.78	3.04001
0.19	0.79	3.04735
0.19	0.8	3.05428
0.19	0.81	3.06288
0.19	0.82	3.07082
0.19	0.83	3.08067
0.19	0.84	3.08968
0.19	0.85	3.10036
0.19	0.86	3.10998
0.19	0.87	3.12092
0.19	0.88	3.13105
0.19	0.89	3.14234
0.19	0.9	3.15306
0.19	0.91	3.16484
0.19	0.92	3.17569
0.19	0.93	3.18873
0.19	0.94	3.19876
0.19	0.95	3.21415
0.19	0.96	3.22141
0.19	0.97	3.24222
0.19	0.98	3.24222
0.19	0.99	3.24222


0.2	0	3.20254
0.2	0.01	3.20254
0.2	0.02	3.20254
0.2	0.03	3.18254
0.2	0.04	3.17564
0.2	0.05	3.16108
0.2	0.06	3.15168
0.2	0.07	3.13951
0.2	0.08	3.1295
0.2	0.09	3.11865
0.2	0.1	3.10918
0.2	0.11	3.09899
0.2	0.12	3.09024
0.2	0.13	3.08082
0.2	0.14	3.07309
0.2	0.15	3.06438
0.2	0.16	3.05733
0.2	0.17	3.04928
0.2	0.18	3.0435
0.2	0.19	3.03645
0.2	0.2	3.03115
0.2	0.21	3.02539
0.2	0.22	3.02175
0.2	0.23	3.01742
0.2	0.24	3.01435
0.2	0.25	3.01115
0.2	0.26	3.00953
0.2	0.27	3.00722
0.2	0.28	3.00569
0.2	0.29	3.00421
0.2	0.3	3.00352
0.2	0.31	3.00264
0.2	0.32	3.00201
0.2	0.33	3.00165
0.2	0.34	3.0015
0.2	0.35	3.00123
0.2	0.36	3.00104
0.2	0.37	3.00092
0.2	0.38	3.00082
0.2	0.39	3.00068
0.2	0.4	3.00059
0.2	0.41	3.00054
0.2	0.42	3.0005
0.2	0.43	3.00047
0.2	0.44	3.00044
0.2	0.45	3.00041
0.2	0.46	3.0004
0.2	0.47	3.00039
0.2	0.48	3.00038
0.2	0.49	3.00038
0.2	0.5	3.00038
0.2	0.51	3.00038
0.2	0.52	3.00039
0.2	0.53	3.0004
0.2	0.54	3.00041
0.2	0.55	3.00044
0.2	0.56	3.00047
0.2	0.57	3.0005
0.2	0.58	3.00054
0.2	0.59	3.00059
0.2	0.6	3.00068
0.2	0.61	3.00082
0.2	0.62	3.00092
0.2	0.63	3.00104
0.2	0.64	3.00123
0.2	0.65	3.0015
0.2	0.66	3.00165
0.2	0.67	3.00201
0.2	0.68	3.00264
0.2	0.69	3.00352
0.2	0.7	3.00421
0.2	0.71	3.00569
0.2	0.72	3.00722
0.2	0.73	3.00953
0.2	0.74	3.01115
0.2	0.75	3.01435
0.2	0.76	3.01742
0.2	0.77	3.02175
0.2	0.78	3.02539
0.2	0.79	3.03115
0.2	0.8	3.03645
0.2	0.81	3.0435
0.2	0.82	3.04928
0.2	0.83	3.05733
0.2	0.84	3.06438
0.2	0.85	3.07309
0.2	0.86	3.08082
0.2	0.87	3.09024
0.2	0.88	3.09899
0.2	0.89	3.10918
0.2	0.9	3.11865
0.2	0.91	3.1295
0.2	0.92	3.13951
0.2	0.93	3.15168
0.2	0.94	3.16108
0.2	0.95	3.17564
0.2	0.96	3.18254
0.2	0.97	3.20254
0.2	0.98	3.20254
0.2	0.99	3.20254


0.21	0	3.16583
0.21	0.01	3.16583
0.21	0.02	3.16583
0.21	0.03	3.147
0.21	0.04	3.14052
0.21	0.05	3.12699
0.21	0.06	3.11833
0.21	0.07	3.10724
0.21	0.08	3.09837
0.21	0.09	3.08858
0.21	0.1	3.08047
0.21	0.11	3.07157
0.21	0.12	3.06416
0.21	0.13	3.0562
0.21	0.14	3.05021
0.21	0.15	3.04335
0.21	0.16	3.03804
0.21	0.17	3.03213
0.21	0.18	3.0284
0.21	0.19	3.02344
0.21	0.2	3.02003
0.21	0.21	3.01594
0.21	0.22	3.01377
0.21	0.23	3.01074
0.21	0.24	3.00869
0.21	0.25	3.00671
0.21	0.26	3.00567
0.21	0.27	3.0044
0.21	0.28	3.00345
0.21	0.29	3.00295
0.21	0.3	3.0022
0.21	0.31	3.00165
0.21	0.32	3.00131
0.21	0.33	3.001
0.21	0.34	3.00071
0.21	0.35	3.00056
0.21	0.36	3.00059
0.21	0.37	3.00056
0.21	0.38	3.0005
0.21	0.39	3.00048
0.21	0.4	3.00047
0.21	0.41	3.00041
0.21	0.42	3.00036
0.21	0.43	3.00032
0.21	0.44	3.0003
0.21	0.45	3.00029
0.21	0.46	3.00028
0.21	0.47	3.00027
0.21	0.48	3.00026
0.21	0.49	3.00026
0.21	0.5	3.00026
0.21	0.51	3.00026
0.21	0.52	3.00027
0.21	0.53	3.00028
0.21	0.54	3.00029
0.21	0.55	3.0003
0.21	0.56	3.00032
0.21	0.57	3.00036
0.21	0.58	3.00041
0.21	0.59	3.00047
0.21	0.6	3.00048
0.21	0.61	3.0005
0.21	0.62	3.00056
0.21	0.63	3.00059
0.21	0.64	3.00056
0.21	0.65	3.00071
0.21	0.66	3.001
0.21	0.67	3.00131
0.21	0.68	3.00165
0.21	0.69	3.0022
0.21	0.7	3.00295
0.21	0.71	3.00345
0.21	0.72	3.0044
0.21	0.73	3.00567
0.21	0.74	3.00671
0.21	0.75	3.00869
0.21	0.76	3.01074
0.21	0.77	3.01377
0.21	0.78	3.01594
0.21	0.79	3.02003
0.21	0.8	3.02344
0.21	0.81	3.0284
0.21	0.82	3.03213
0.21	0.83	3.03804
0.21	0.84	3.04335
0.21	0.85	3.05021
0.21	0.86	3.0562
0.21	0.87	3.06416
0.21	0.88	3.07157
0.21	0.89	3.08047
0.21	0.9	3.08858
0.21	0.91	3.09837
0.21	0.92	3.10724
0.21	0.93	3.11833
0.21	0.94	3.12699
0.21	0.95	3.14052
0.21	0.96	3.147
0.21	0.97	3.16583
0.21	0.98	3.16583
0.21	0.99	3.16583


0.22	0	3.13238
0.22	0.01	3.13238
0.22	0.02	3.13238
0.22	0.03	3.11496
0.22	0.04	3.10904
0.22	0.05	3.09679
0.22	0.06	3.08909
0.22	0.07	3.07927
0.22	0.08	3.07165
0.22	0.09	3.06308
0.22	0.1	3.05649
0.22	0.11	3.04901
0.22	0.12	3.0431
0.22	0.13	3.03667
0.22	0.14	3.03229
0.22	0.15	3.02709
0.22	0.16	3.02337
0.22	0.17	3.0193
0.22	0.18	3.01705
0.22	0.19	3.01403
0.22	0.2	3.01216
0.22	0.21	3.01009
0.22	0.22	3.00885
0.22	0.23	3.00712
0.22	0.24	3.006
0.22	0.25	3.00518
0.22	0.26	3.00404
0.22	0.27	3.00313
0.22	0.28	3.00274
0.22	0.29	3.00218
0.22	0.3	3.00172
0.22	0.31	3.00153
0.22	0.32	3.00124
0.22	0.33	3.00092
0.22	0.34	3.00069
0.22	0.35	3.00052
0.22	0.36	3.00032
0.22	0.37	3.00021
0.22	0.38	3.0002
0.22	0.39	3.00024
0.22	0.4	3.00026
0.22	0.41	3.00027
0.22	0.42	3.00027
0.22	0.43	3.00027
0.22	0.44	3.00023
0.22	0.45	3.00019
0.22	0.46	3.00017
0.22	0.47	3.00016
0.22	0.48	3.00016
0.22	0.49	3.00016
0.22	0.5	3.00016
0.22	0.51	3.00016
0.22	0.52	3.00016
0.22	0.53	3.00017
0.22	0.54	3.00019
0.22	0.55	3.00023
0.22	0.56	3.00027
0.22	0.57	3.00027
0.22	0.58	3.00027
0.22	0.59	3.00026
0.22	0.6	3.00024
0.22	0.61	3.0002
0.22	0.62	3.00021
0.22	0.63	3.00032
0.22	0.64	3.00052
0.22	0.65	3.00069
0.22	0.66	3.00092
0.22	0.67	3.00124
0.22	0.68	3.00153
0.22	0.69	3.00172
0.22	0.7	3.00218
0.22	0.71	3.00274
0.22	0.72	3.00313
0.22	0.73	3.00404
0.22	0.74	3.00518
0.22	0.75	3.006
0.22	0.76	3.00712
0.22	0.77	3.00885
0.22	0.78	3.01009
0.22	0.79	3.01216
0.22	0.8	3.01403
0.22	0.81	3.01705
0.22	0.82	3.0193
0.22	0.83	3.02337
0.22	0.84	3.02709
0.22	0.85	3.03229
0.22	0.86	3.03667
0.22	0.87	3.0431
0.22	0.88	3.04901
0.22	0.89	3.05649
0.22	0.9	3.06308
0.22	0.91	3.07165
0.22	0.92	3.07927
0.22	0.93	3.08909
0.22	0.94	3.09679
0.22	0.95	3.10904
0.22	0.96	3.11496
0.22	0.97	3.13238
0.22	0.98	3.13238
0.22	0.99	3.13238


0.23	0	3.10247
0.23	0.01	3.10247
0.23	0.02	3.10247
0.23	0.03	3.08678
0.23	0.04	3.08155
0.23	0.05	3.07074
0.23	0.06	3.06412
0.23	0.07	3.05578
0.23	0.08	3.04956
0.23	0.09	3.04238
0.23	0.1	3.03731
0.23	0.11	3.03135
0.23	0.12	3.02701
0.23	0.13	3.02217
0.23	0.14	3.01919
0.23	0.15	3.01554
0.23	0.16	3.01326
0.23	0.17	3.01073
0.23	0.18	3.00934
0.23	0.19	3.00766
0.23	0.2	3.00671
0.23	0.21	3.00612
0.23	0.22	3.00535
0.23	0.23	3.00494
0.23	0.24	3.00475
0.23	0.25	3.00412
0.23	0.26	3.00365
0.23	0.27	3.00327
0.23	0.28	3.00276
0.23	0.29	3.00224
0.23	0.3	3.0019
0.23	0.31	3.00156
0.23	0.32	3.00128
0.23	0.33	3.0011
0.23	0.34	3.00093
0.23	0.35	3.00074
0.23	0.36	3.00055
0.23	0.37	3.00038
0.23	0.38	3.00019
0.23	0.39	3.00008
0.23	0.4	3.00003
0.23	0.41	3.00004
0.23	0.42	3.00007
0.23	0.43	3.00011
0.23	0.44	3.00014
0.23	0.45	3.00014
0.23	0.46	3.00014
0.23	0.47	3.00012
0.23	0.48	3.00009
0.23	0.49	3.00007
0.23	0.5	3.00007
0.23	0.51	3.00009
0.23	0.52	3.00012
0.23	0.53	3.00014
0.23	0.54	3.00014
0.23	0.55	3.00014
0.23	0.56	3.00011
0.23	0.57	3.00007
0.23	0.58	3.00004
0.23	0.59	3.00003
0.23	0.6	3.00008
0.23	0.61	3.00019
0.23	0.62	3.00038
0.23	0.63	3.00055
0.23	0.64	3.00074
0.23	0.65	3.00093
0.23	0.66	3.0011
0.23	0.67	3.00128
0.23	0.68	3.00156
0.23	0.69	3.0019
0.23	0.7	3.00224
0.23	0.71	3.00276
0.23	0.72	3.00327
0.23	0.73	3.00365
0.23	0.74	3.00412
0.23	0.75	3.00475
0.23	0.76	3.00494
0.23	0.77	3.00535
0.23	0.78	3.00612
0.23	0.79	3.00671
0.23	0.8	3.00766
0.23	0.81	3.00934
0.23	0.82	3.01073
0.23	0.83	3.01326
0.23	0.84	3.01554
0.23	0.85	3.01919
0.23	0.86	3.02217
0.23	0.87	3.02701
0.23	0.88	3.03135
0.23	0.89	3.03731
0.23	0.9	3.04238
0.23	0.91	3.04956
0.23	0.92	3.05578
0.23	0.93	3.06412
0.23	0.94	3.07074
0.23	0.95	3.08155
0.23	0.96	3.08678
0.23	0.97	3.10247
0.23	0.98	3.10247
0.23	0.99	3.10247


0.24	0	3.07638
0.24	0.01	3.07638
0.24	0.02	3.07638
0.24	0.03	3.06267
0.24	0.04	3.05824
0.24	0.05	3.04907
0.24	0.06	3.04366
0.24	0.07	3.03688
0.24	0.08	3.03217
0.24	0.09	3.02651
0.24	0.1	3.02283
0.24	0.11	3.01841
0.24	0.12	3.01562
0.24	0.13	3.01233
0.24	0.14	3.01033
0.24	0.15	3.00802
0.24	0.16	3.0066
0.24	0.17	3.00556
0.24	0.18	3.00439
0.24	0.19	3.00388
0.24	0.2	3.00362
0.24	0.21	3.00318
0.24	0.22	3.00306
0.24	0.23	3.00319
0.24	0.24	3.00308
0.24	0.25	3.00313
0.24	0.26	3.00325
0.24	0.27	3.00319
0.24	0.28	3.00296
0.24	0.29	3.00276
0.24	0.3	3.00244
0.24	0.31	3.00211
0.24	0.32	3.00177
0.24	0.33	3.00143
0.24	0.34	3.00117
0.24	0.35	3.00099
0.24	0.36	3.00083
0.24	0.37	3.00067
0.24	0.38	3.00051
0.24	0.39	3.00035
0.24	0.4	3.00015
0.24	0.41	3.00001
0.24	0.42	2.99995
0.24	0.43	2.99993
0.24	0.44	2.99994
0.24	0.45	2.99997
0.24	0.46	3.00002
0.24	0.47	3.00004
0.24	0.48	3.00007
0.24	0.49	3.00008
0.24	0.5	3.00008
0.24	0.51	3.00007
0.24	0.52	3.00004
0.24	0.53	3.00002
0.24	0.54	2.99997
0.24	0.55	2.99994
0.24	0.56	2.99993
0.24	0.57	2.99995
0.24	0.58	3.00001
0.24	0.59	3.00015
0.24	0.6	3.00035
0.24	0.61	3.00051
0.24	0.62	3.00067
0.24	0.63	3.00083
0.24	0.64	3.00099
0.24	0.65	3.00117
0.24	0.66	3.00143
0.24	0.67	3.00177
0.24	0.68	3.00211
0.24	0.69	3.00244
0.24	0.7	3.00276
0.24	0.71	3.00296
0.24	0.72	3.00319
0.24	0.73	3.00325
0.24	0.74	3.00313
0.24	0.75	3.00308
0.24	0.76	3.00319
0.24	0.77	3.00306
0.24	0.78	3.00318
0.24	0.79	3.00362
0.24	0.8	3.00388
0.24	0.81	3.00439
0.24	0.82	3.00556
0.24	0.83	3.0066
0.24	0.84	3.00802
0.24	0.85	3.01033
0.24	0.86	3.01233
0.24	0.87	3.01562
0.24	0.88	3.01841
0.24	0.89	3.02283
0.24	0.9	3.02651
0.24	0.91	3.03217
0.24	0.92	3.03688
0.24	0.93	3.04366
0.24	0.94	3.04907
0.24	0.95	3.05824
0.24	0.96	3.06267
0.24	0.97	3.07638
0.24	0.98	3.07638
0.24	0.99	3.07638


0.25	0	3.05433
0.25	0.01	3.05433
0.25	0.02	3.05433
0.25	0.03	3.04281
0.25	0.04	3.03928
0.25	0.05	3.03188
0.25	0.06	3.02788
0.25	0.07	3.02258
0.25	0.08	3.01935
0.25	0.09	3.01531
0.25	0.1	3.01273
0.25	0.11	3.00977
0.25	0.12	3.00785
0.25	0.13	3.0062
0.25	0.14	3.00452
0.25	0.15	3.00367
0.25	0.16	3.00302
0.25	0.17	3.00219
0.25	0.18	3.00185
0.25	0.19	3.00178
0.25	0.2	3.00147
0.25	0.21	3.00142
0.25	0.22	3.00152
0.25	0.23	3.00159
0.25	0.24	3.00175
0.25	0.25	3.002
0.25	0.26	3.00219
0.25	0.27	3.00239
0.25	0.28	3.00265
0.25	0.29	3.00275
0.25	0.3	3.00271
0.25	0.31	3.00263
0.25	0.32	3.00236
0.25	0.33	3.00217
0.25	0.34	3.00183
0.25	0.35	3.0015
0.25	0.36	3.00118
0.25	0.37	3.00097
0.25	0.38	3.00081
0.25	0.39	3.00066
0.25	0.4	3.00051
0.25	0.41	3.00036
0.25	0.42	3.00019
0.25	0.43	3
0.25	0.44	2.9999
0.25	0.45	2.99987
0.25	0.46	2.99989
0.25	0.47	2.9999
0.25	0.48	2.99996
0.25	0.49	3
0.25	0.5	3
0.25	0.51	2.99996
0.25	0.52	2.9999
0.25	0.53	2.99989
0.25	0.54	2.99987
0.25	0.55	2.9999
0.25	0.56	3
0.25	0.57	3.00019
0.25	0.58	3.00036
0.25	0.59	3.00051
0.25	0.6	3.00066
0.25	0.61	3.00081
0.25	0.62	3.00097
0.25	0.63	3.00118
0.25	0.64	3.0015
0.25	0.65	3.00183
0.25	0.66	3.00217
0.25	0.67	3.00236
0.25	0.68	3.00263
0.25	0.69	3.00271
0.25	0.7	3.00275
0.25	0.71	3.00265
0.25	0.72	3.00239
0.25	0.73	3.00219
0.25	0.74	3.002
0.25	0.75	3.00175
0.25	0.76	3.00159
0.25	0.77	3.00152
0.25	0.78	3.00142
0.25	0.79	3.00147
0.25	0.8	3.00178
0.25	0.81	3.00185
0.25	0.82	3.00219
0.25	0.83	3.00302
0.25	0.84	3.00367
0.25	0.85	3.00452
0.25	0.86	3.0062
0.25	0.87	3.00785
0.25	0.88	3.00977
0.25	0.89	3.01273
0.25	0.9	3.01531
0.25	0.91	3.01935
0.25	0.92	3.02258
0.25	0.93	3.02788
0.25	0.94	3.03188
0.25	0.95	3.03928
0.25	0.96	3.04281
0.25	0.97	3.05433
0.25	0.98	3.05433
0.25	0.99	3.05433


0.26	0	3.03647
0.26	0.01	3.03647
0.26	0.02	3.03647
0.26	0.03	3.02733
0.26	0.04	3.02478
0.26	0.05	3.0193
0.26	0.06	3.01646
0.26	0.07	3.01277
0.26	0.08	3.01034
0.26	0.09	3.00799
0.26	0.1	3.00583
0.26	0.11	3.00467
0.26	0.12	3.00345
0.26	0.13	3.00222
0.26	0.14	3.00168
0.26	0.15	3.00136
0.26	0.16	3.00075
0.26	0.17	3.00043
0.26	0.18	3.00047
0.26	0.19	3.00026
0.26	0.2	3.00017
0.26	0.21	3.00029
0.26	0.22	3.00039
0.26	0.23	3.00052
0.26	0.24	3.00069
0.26	0.25	3.00091
0.26	0.26	3.00116
0.26	0.27	3.00143
0.26	0.28	3.0017
0.26	0.29	3.00195
0.26	0.3	3.00226
0.26	0.31	3.00246
0.26	0.32	3.00253
0.26	0.33	3.00251
0.26	0.34	3.00236
0.26	0.35	3.00221
0.26	0.36	3.0019
0.26	0.37	3.00168
0.26	0.38	3.0013
0.26	0.39	3.00102
0.26	0.4	3.00083
0.26	0.41	3.00068
0.26	0.42	3.00054
0.26	0.43	3.00041
0.26	0.44	3.00027
0.26	0.45	3.0001
0.26	0.46	2.99993
0.26	0.47	2.99986
0.26	0.48	2.99979
0.26	0.49	2.99973
0.26	0.5	2.99973
0.26	0.51	2.99979
0.26	0.52	2.99986
0.26	0.53	2.99993
0.26	0.54	3.0001
0.26	0.55	3.00027
0.26	0.56	3.00041
0.26	0.57	3.00054
0.26	0.58	3.00068
0.26	0.59	3.00083
0.26	0.6	3.00102
0.26	0.61	3.0013
0.26	0.62	3.00168
0.26	0.63	3.0019
0.26	0.64	3.00221
0.26	0.65	3.00236
0.26	0.66	3.00251
0.26	0.67	3.00253
0.26	0.68	3.00246
0.26	0.69	3.00226
0.26	0.7	3.00195
0.26	0.71	3.0017
0.26	0.72	3.00143
0.26	0.73	3.00116
0.26	0.74	3.00091
0.26	0.75	3.00069
0.26	0.76	3.00052
0.26	0.77	3.00039
0.26	0.78	3.00029
0.26	0.79	3.00017
0.26	0.8	3.00026
0.26	0.81	3.00047
0.26	0.82	3.00043
0.26	0.83	3.00075
0.26	0.84	3.00136
0.26	0.85	3.00168
0.26	0.86	3.00222
0.26	0.87	3.00345
0.26	0.88	3.00467
0.26	0.89	3.00583
0.26	0.9	3.00799
0.26	0.91	3.01034
0.26	0.92	3.01277
0.26	0.93	3.01646
0.26	0.94	3.0193
0.26	0.95	3.02478
0.26	0.96	3.02733
0.26	0.97	3.03647
0.26	0.98	3.03647
0.26	0.99	3.03647


0.27	0	3.02295
0.27	0.01	3.02295
0.27	0.02	3.02295
0.27	0.03	3.01634
0.27	0.04	3.01439
0.27	0.05	3.0107
0.27	0.06	3.00839
0.27	0.07	3.00661
0.27	0.08	3.0048
0.27	0.09	3.0032
0.27	0.1	3.00255
0.27	0.11	3.0017
0.27	0.12	3.00082
0.27	0.13	3.00041
0.27	0.14	3.00027
0.27	0.15	2.9998
0.27	0.16	2.99947
0.27	0.17	2.99956
0.27	0.18	2.99942
0.27	0.19	2.99935
0.27	0.2	2.99944
0.27	0.21	2.99952
0.27	0.22	2.99959
0.27	0.23	2.99972
0.27	0.24	2.99987
0.27	0.25	3.00007
0.27	0.26	3.00028
0.27	0.27	3.00052
0.27	0.28	3.00073
0.27	0.29	3.00103
0.27	0.3	3.00134
0.27	0.31	3.0016
0.27	0.32	3.00188
0.27	0.33	3.00221
0.27	0.34	3.00238
0.27	0.35	3.00239
0.27	0.36	3.00232
0.27	0.37	3.00223
0.27	0.38	3.00198
0.27	0.39	3.00184
0.27	0.4	3.0015
0.27	0.41	3.00119
0.27	0.42	3.00095
0.27	0.43	3.00077
0.27	0.44	3.0006
0.27	0.45	3.00041
0.27	0.46	3.00022
0.27	0.47	3.00004
0.27	0.48	2.99988
0.27	0.49	2.99976
0.27	0.5	2.99976
0.27	0.51	2.99988
0.27	0.52	3.00004
0.27	0.53	3.00022
0.27	0.54	3.00041
0.27	0.55	3.0006
0.27	0.56	3.00077
0.27	0.57	3.00095
0.27	0.58	3.00119
0.27	0.59	3.0015
0.27	0.6	3.00184
0.27	0.61	3.00198
0.27	0.62	3.00223
0.27	0.63	3.00232
0.27	0.64	3.00239
0.27	0.65	3.00238
0.27	0.66	3.00221
0.27	0.67	3.00188
0.27	0.68	3.0016
0.27	0.69	3.00134
0.27	0.7	3.00103
0.27	0.71	3.00073
0.27	0.72	3.00052
0.27	0.73	3.00028
0.27	0.74	3.00007
0.27	0.75	2.99987
0.27	0.76	2.99972
0.27	0.77	2.99959
0.27	0.78	2.99952
0.27	0.79	2.99944
0.27	0.8	2.99935
0.27	0.81	2.99942
0.27	0.82	2.99956
0.27	0.83	2.99947
0.27	0.84	2.9998
0.27	0.85	3.00027
0.27	0.86	3.00041
0.27	0.87	3.00082
0.27	0.88	3.0017
0.27	0.89	3.00255
0.27	0.9	3.0032
0.27	0.91	3.0048
0.27	0.92	3.00661
0.27	0.93	3.00839
0.27	0.94	3.0107
0.27	0.95	3.01439
0.27	0.96	3.01634
0.27	0.97	3.02295
0.27	0.98	3.02295
0.27	0.99	3.02295


0.28	0	3.0131
0.28	0.01	3.0131
0.28	0.02	3.0131
0.28	0.03	3.00862
0.28	0.04	3.00748
0.28	0.05	3.00509
0.28	0.06	3.00417
0.28	0.07	3.00274
0.28	0.08	3.00169
0.28	0.09	3.00124
0.28	0.1	3.00062
0.28	0.11	2.99994
0.28	0.12	2.99959
0.28	0.13	2.99958
0.28	0.14	2.99922
0.28	0.15	2.99892
0.28	0.16	2.999
0.28	0.17	2.99891
0.28	0.18	2.99882
0.28	0.19	2.99885
0.28	0.2	2.9989
0.28	0.21	2.99896
0.28	0.22	2.99905
0.28	0.23	2.99913
0.28	0.24	2.99928
0.28	0.25	2.9994
0.28	0.26	2.99955
0.28	0.27	2.99975
0.28	0.28	2.99996
0.28	0.29	3.00018
0.28	0.3	3.00042
0.28	0.31	3.00069
0.28	0.32	3.001
0.28	0.33	3.00128
0.28	0.34	3.00154
0.28	0.35	3.00191
0.28	0.36	3.0022
0.28	0.37	3.00229
0.28	0.38	3.00229
0.28	0.39	3.00227
0.28	0.4	3.00212
0.28	0.41	3.00194
0.28	0.42	3.00161
0.28	0.43	3.00132
0.28	0.44	3.00097
0.28	0.45	3.00073
0.28	0.46	3.00057
0.28	0.47	3.00046
0.28	0.48	3.00042
0.28	0.49	3.00043
0.28	0.5	3.00043
0.28	0.51	3.00042
0.28	0.52	3.00046
0.28	0.53	3.00057
0.28	0.54	3.00073
0.28	0.55	3.00097
0.28	0.56	3.00132
0.28	0.57	3.00161
0.28	0.58	3.00194
0.28	0.59	3.00212
0.28	0.6	3.00227
0.28	0.61	3.00229
0.28	0.62	3.00229
0.28	0.63	3.0022
0.28	0.64	3.00191
0.28	0.65	3.00154
0.28	0.66	3.00128
0.28	0.67	3.001
0.28	0.68	3.00069
0.28	0.69	3.00042
0.28	0.7	3.00018
0.28	0.71	2.99996
0.28	0.72	2.99975
0.28	0.73	2.99955
0.28	0.74	2.9994
0.28	0.75	2.99928
0.28	0.76	2.99913
0.28	0.77	2.99905
0.28	0.78	2.99896
0.28	0.79	2.9989
0.28	0.8	2.99885
0.28	0.81	2.99882
0.28	0.82	2.99891
0.28	0.83	2.999
0.28	0.84	2.99892
0.28	0.85	2.99922
0.28	0.86	2.99958
0.28	0.87	2.99959
0.28	0.88	2.99994
0.28	0.89	3.00062
0.28	0.9	3.00124
0.28	0.91	3.00169
0.28	0.92	3.00274
0.28	0.93	3.00417
0.28	0.94	3.00509
0.28	0.95	3.00748
0.28	0.96	3.00862
0.28	0.97	3.0131
0.28	0.98	3.0131
0.28	0.99	3.0131


0.29	0	3.00665
0.29	0.01	3.00665
0.29	0.02	3.00665
0.29	0.03	3.00389
0.29	0.04	3.00328
0.29	0.05	3.00215
0.29	0.06	3.00146
0.29	0.07	3.00074
0.29	0.08	3.00049
0.29	0.09	3.00003
0.29	0.1	2.99952
0.29	0.11	2.99924
0.29	0.12	2.99919
0.29	0.13	2.99888
0.29	0.14	2.99864
0.29	0.15	2.99868
0.29	0.16	2.99863
0.29	0.17	2.99854
0.29	0.18	2.99851
0.29	0.19	2.99854
0.29	0.2	2.99856
0.29	0.21	2.99858
0.29	0.22	2.99862
0.29	0.23	2.9987
0.29	0.24	2.99879
0.29	0.25	2.99891
0.29	0.26	2.99905
0.29	0.27	2.99913
0.29	0.28	2.9993
0.29	0.29	2.9995
0.29	0.3	2.9997
0.29	0.31	2.99988
0.29	0.32	3.00013
0.29	0.33	3.00041
0.29	0.34	3.00071
0.29	0.35	3.001
0.29	0.36	3.00129
0.29	0.37	3.00163
0.29	0.38	3.002
0.29	0.39	3.00213
0.29	0.4	3.00215
0.29	0.41	3.00211
0.29	0.42	3.00203
0.29	0.43	3.00192
0.29	0.44	3.00171
0.29	0.45	3.00163
0.29	0.46	3.00145
0.29	0.47	3.0013
0.29	0.48	3.00123
0.29	0.49	3.0012
0.29	0.5	3.0012
0.29	0.51	3.00123
0.29	0.52	3.0013
0.29	0.53	3.00145
0.29	0.54	3.00163
0.29	0.55	3.00171
0.29	0.56	3.00192
0.29	0.57	3.00203
0.29	0.58	3.00211
0.29	0.59	3.00215
0.29	0.6	3.00213
0.29	0.61	3.002
0.29	0.62	3.00163
0.29	0.63	3.00129
0.29	0.64	3.001
0.29	0.65	3.00071
0.29	0.66	3.00041
0.29	0.67	3.00013
0.29	0.68	2.99988
0.29	0.69	2.9997
0.29	0.7	2.9995
0.29	0.71	2.9993
0.29	0.72	2.99913
0.29	0.73	2.99905
0.29	0.74	2.99891
0.29	0.75	2.99879
0.29	0.76	2.9987
0.29	0.77	2.99862
0.29	0.78	2.99858
0.29	0.79	2.99856
0.29	0.8	2.99854
0.29	0.81	2.99851
0.29	0.82	2.99854
0.29	0.83	2.99863
0.29	0.84	2.99868
0.29	0.85	2.99864
0.29	0.86	2.99888
0.29	0.87	2.99919
0.29	0.88	2.99924
0.29	0.89	2.99952
0.29	0.9	3.00003
0.29	0.91	3.00049
0.29	0.92	3.00074
0.29	0.93	3.00146
0.29	0.94	3.00215
0.29	0.95	3.00328
0.29	0.96	3.00389
0.29	0.97	3.00665
0.29	0.98	3.00665
0.29	0.99	3.00665


0.3	0	3.00289
0.3	0.01	3.00289
0.3	0.02	3.00289
0.3	0.03	3.00139
0.3	0.04	3.00112
0.3	0.05	3.00036
0.3	0.06	3.00003
0.3	0.07	2.99979
0.3	0.08	2.9995
0.3	0.09	2.99922
0.3	0.1	2.99913
0.3	0.11	2.99907
0.3	0.12	2.99883
0.3	0.13	2.99864
0.3	0.14	2.99861
0.3	0.15	2.99852
0.3	0.16	2.9984
0.3	0.17	2.99835
0.3	0.18	2.99836
0.3	0.19	2.99834
0.3	0.2	2.99832
0.3	0.21	2.99833
0.3	0.22	2.99837
0.3	0.23	2.99841
0.3	0.24	2.99844
0.3	0.25	2.99849
0.3	0.26	2.9986
0.3	0.27	2.99873
0.3	0.28	2.99882
0.3	0.29	2.99893
0.3	0.3	2.9991
0.3	0.31	2.9993
0.3	0.32	2.99948
0.3	0.33	2.99969
0.3	0.34	2.99993
0.3	0.35	3.00018
0.3	0.36	3.00042
0.3	0.37	3.00065
0.3	0.38	3.0009
0.3	0.39	3.00122
0.3	0.4	3.00156
0.3	0.41	3.00194
0.3	0.42	3.00211
0.3	0.43	3.0023
0.3	0.44	3.00242
0.3	0.45	3.00249
0.3	0.46	3.00248
0.3	0.47	3.00246
0.3	0.48	3.00235
0.3	0.49	3.00229
0.3	0.5	3.00229
0.3	0.51	3.00235
0.3	0.52	3.00246
0.3	0.53	3.00248
0.3	0.54	3.00249
0.3	0.55	3.00242
0.3	0.56	3.0023
0.3	0.57	3.00211
0.3	0.58	3.00194
0.3	0.59	3.00156
0.3	0.6	3.00122
0.3	0.61	3.0009
0.3	0.62	3.00065
0.3	0.63	3.00042
0.3	0.64	3.00018
0.3	0.65	2.99993
0.3	0.66	2.99969
0.3	0.67	2.99948
0.3	0.68	2.9993
0.3	0.69	2.9991
0.3	0.7	2.99893
0.3	0.71	2.99882
0.3	0.72	2.99873
0.3	0.73	2.9986
0.3	0.74	2.99849
0.3	0.75	2.99844
0.3	0.76	2.99841
0.3	0.77	2.99837
0.3	0.78	2.99833
0.3	0.79	2.99832
0.3	0.8	2.99834
0.3	0.81	2.99836
0.3	0.82	2.99835
0.3	0.83	2.9984
0.3	0.84	2.99852
0.3	0.85	2.99861
0.3	0.86	2.99864
0.3	0.87	2.99883
0.3	0.88	2.99907
0.3	0.89	2.99913
0.3	0.9	2.99922
0.3	0.91	2.9995
0.3	0.92	2.99979
0.3	0.93	3.00003
0.3	0.94	3.00036
0.3	0.95	3.00112
0.3	0.96	3.00139
0.3	0.97	3.00289
0.3	0.98	3.00289
0.3	0.99	3.00289


0.31	0	3.00086
0.31	0.01	3.00086
0.31	0.02	3.00086
0.31	0.03	3.00005
0.31	0.04	2.99987
0.31	0.05	2.99948
0.31	0.06	2.99934
0.31	0.07	2.99911
0.31	0.08	2.99895
0.31	0.09	2.99889
0.31	0.1	2.99884
0.31	0.11	2.99871
0.31	0.12	2.99863
0.31	0.13	2.99867
0.31	0.14	2.99859
0.31	0.15	2.99848
0.31	0.16	2.9984
0.31	0.17	2.99835
0.31	0.18	2.99828
0.31	0.19	2.99822
0.31	0.2	2.9982
0.31	0.21	2.9982
0.31	0.22	2.99818
0.31	0.23	2.9982
0.31	0.24	2.99824
0.31	0.25	2.99826
0.31	0.26	2.99828
0.31	0.27	2.99836
0.31	0.28	2.99847
0.31	0.29	2.99858
0.31	0.3	2.99869
0.31	0.31	2.99881
0.31	0.32	2.99897
0.31	0.33	2.99911
0.31	0.34	2.99922
0.31	0.35	2.99937
0.31	0.36	2.99958
0.31	0.37	2.99983
0.31	0.38	3.00009
0.31	0.39	3.00044
0.31	0.4	3.00086
0.31	0.41	3.0013
0.31	0.42	3.00176
0.31	0.43	3.0023
0.31	0.44	3.00264
0.31	0.45	3.00293
0.31	0.46	3.00318
0.31	0.47	3.0034
0.31	0.48	3.0036
0.31	0.49	3.0037
0.31	0.5	3.0037
0.31	0.51	3.0036
0.31	0.52	3.0034
0.31	0.53	3.00318
0.31	0.54	3.00293
0.31	0.55	3.00264
0.31	0.56	3.0023
0.31	0.57	3.00176
0.31	0.58	3.0013
0.31	0.59	3.00086
0.31	0.6	3.00044
0.31	0.61	3.00009
0.31	0.62	2.99983
0.31	0.63	2.99958
0.31	0.64	2.99937
0.31	0.65	2.99922
0.31	0.66	2.99911
0.31	0.67	2.99897
0.31	0.68	2.99881
0.31	0.69	2.99869
0.31	0.7	2.99858
0.31	0.71	2.99847
0.31	0.72	2.99836
0.31	0.73	2.99828
0.31	0.74	2.99826
0.31	0.75	2.99824
0.31	0.76	2.9982
0.31	0.77	2.99818
0.31	0.78	2.9982
0.31	0.79	2.9982
0.31	0.8	2.99822
0.31	0.81	2.99828
0.31	0.82	2.99835
0.31	0.83	2.9984
0.31	0.84	2.99848
0.31	0.85	2.99859
0.31	0.86	2.99867
0.31	0.87	2.99863
0.31	0.88	2.99871
0.31	0.89	2.99884
0.31	0.9	2.99889
0.31	0.91	2.99895
0.31	0.92	2.99911
0.31	0.93	2.99934
0.31	0.94	2.99948
0.31	0.95	2.99987
0.31	0.96	3.00005
0.31	0.97	3.00086
0.31	0.98	3.00086
0.31	0.99	3.00086


0.32	0	2.99975
0.32	0.01	2.99975
0.32	0.02	2.99975
0.32	0.03	2.9993
0.32	0.04	2.99921
0.32	0.05	2.99901
0.32	0.06	2.9989
0.32	0.07	2.99879
0.32	0.08	2.99874
0.32	0.09	2.99868
0.32	0.1	2.99859
0.32	0.11	2.99854
0.32	0.12	2.99856
0.32	0.13	2.99851
0.32	0.14	2.99846
0.32	0.15	2.99845
0.32	0.16	2.99844
0.32	0.17	2.99839
0.32	0.18	2.99832
0.32	0.19	2.99825
0.32	0.2	2.9982
0.32	0.21	2.99814
0.32	0.22	2.99811
0.32	0.23	2.99808
0.32	0.24	2.99808
0.32	0.25	2.99812
0.32	0.26	2.99817
0.32	0.27	2.99819
0.32	0.28	2.99822
0.32	0.29	2.99829
0.32	0.3	2.99836
0.32	0.31	2.99839
0.32	0.32	2.99844
0.32	0.33	2.99854
0.32	0.34	2.99868
0.32	0.35	2.99885
0.32	0.36	2.99906
0.32	0.37	2.99935
0.32	0.38	2.9997
0.32	0.39	3.00007
0.32	0.4	3.00043
0.32	0.41	3.00085
0.32	0.42	3.00131
0.32	0.43	3.00179
0.32	0.44	3.00237
0.32	0.45	3.003
0.32	0.46	3.00354
0.32	0.47	3.00397
0.32	0.48	3.00426
0.32	0.49	3.00441
0.32	0.5	3.00441
0.32	0.51	3.00426
0.32	0.52	3.00397
0.32	0.53	3.00354
0.32	0.54	3.003
0.32	0.55	3.00237
0.32	0.56	3.00179
0.32	0.57	3.00131
0.32	0.58	3.00085
0.32	0.59	3.00043
0.32	0.6	3.00007
0.32	0.61	2.9997
0.32	0.62	2.99935
0.32	0.63	2.99906
0.32	0.64	2.99885
0.32	0.65	2.99868
0.32	0.66	2.99854
0.32	0.67	2.99844
0.32	0.68	2.99839
0.32	0.69	2.99836
0.32	0.7	2.99829
0.32	0.71	2.99822
0.32	0.72	2.99819
0.32	0.73	2.99817
0.32	0.74	2.99812
0.32	0.75	2.99808
0.32	0.76	2.99808
0.32	0.77	2.99811
0.32	0.78	2.99814
0.32	0.79	2.9982
0.32	0.8	2.99825
0.32	0.81	2.99832
0.32	0.82	2.99839
0.32	0.83	2.99844
0.32	0.84	2.99845
0.32	0.85	2.99846
0.32	0.86	2.99851
0.32	0.87	2.99856
0.32	0.88	2.99854
0.32	0.89	2.99859
0.32	0.9	2.99868
0.32	0.91	2.99874
0.32	0.92	2.99879
0.32	0.93	2.9989
0.32	0.94	2.99901
0.32	0.95	2.99921
0.32	0.96	2.9993
0.32	0.97	2.99975
0.32	0.98	2.99975
0.32	0.99	2.99975


0.33	0	2.99914
0.33	0.01	2.99914
0.33	0.02	2.99914
0.33	0.03	2.9989
0.33	0.04	2.99885
0.33	0.05	2.99873
0.33	0.06	2.99868
0.33	0.07	2.99863
0.33	0.08	2.99858
0.33	0.09	2.99852
0.33	0.1	2.99849
0.33	0.11	2.99848
0.33	0.12	2.99843
0.33	0.13	2.99838
0.33	0.14	2.99838
0.33	0.15	2.99838
0.33	0.16	2.99835
0.33	0.17	2.99833
0.33	0.18	2.99833
0.33	0.19	2.99831
0.33	0.2	2.99825
0.33	0.21	2.9982
0.33	0.22	2.99815
0.33	0.23	2.99812
0.33	0.24	2.99808
0.33	0.25	2.99807
0.33	0.26	2.99805
0.33	0.27	2.99807
0.33	0.28	2.99805
0.33	0.29	2.99802
0.33	0.3	2.99802
0.33	0.31	2.99807
0.33	0.32	2.99814
0.33	0.33	2.99826
0.33	0.34	2.99845
0.33	0.35	2.9987
0.33	0.36	2.99897
0.33	0.37	2.99925
0.33	0.38	2.99953
0.33	0.39	2.99987
0.33	0.4	3.00026
0.33	0.41	3.0007
0.33	0.42	3.0012
0.33	0.43	3.00173
0.33	0.44	3.00223
0.33	0.45	3.00269
0.33	0.46	3.00312
0.33	0.47	3.00352
0.33	0.48	3.00383
0.33	0.49	3.00404
0.33	0.5	3.00404
0.33	0.51	3.00383
0.33	0.52	3.00352
0.33	0.53	3.00312
0.33	0.54	3.00269
0.33	0.55	3.00223
0.33	0.56	3.00173
0.33	0.57	3.0012
0.33	0.58	3.0007
0.33	0.59	3.00026
0.33	0.6	2.99987
0.33	0.61	2.99953
0.33	0.62	2.99925
0.33	0.63	2.99897
0.33	0.64	2.9987
0.33	0.65	2.99845
0.33	0.66	2.99826
0.33	0.67	2.99814
0.33	0.68	2.99807
0.33	0.69	2.99802
0.33	0.7	2.99802
0.33	0.71	2.99805
0.33	0.72	2.99807
0.33	0.73	2.99805
0.33	0.74	2.99807
0.33	0.75	2.99808
0.33	0.76	2.99812
0.33	0.77	2.99815
0.33	0.78	2.9982
0.33	0.79	2.99825
0.33	0.8	2.99831
0.33	0.81	2.99833
0.33	0.82	2.99833
0.33	0.83	2.99835
0.33	0.84	2.99838
0.33	0.85	2.99838
0.33	0.86	2.99838
0.33	0.87	2.99843
0.33	0.88	2.99848
0.33	0.89	2.99849
0.33	0.9	2.99852
0.33	0.91	2.99858
0.33	0.92	2.99863
0.33	0.93	2.99868
0.33	0.94	2.99873
0.33	0.95	2.99885
0.33	0.96	2.9989
0.33	0.97	2.99914
0.33	0.98	2.99914
0.33	0.99	2.99914


0.34	0	2.99881
0.34	0.01	2.99881
0.34	0.02	2.99881
0.34	0.03	2.99868
0.34	0.04	2.99865
0.34	0.05	2.99858
0.34	0.06	2.99855
0.34	0.07	2.9985
0.34	0.08	2.99846
0.34	0.09	2.99844
0.34	0.1	2.99842
0.34	0.11	2.99838
0.34	0.12	2.99835
0.34	0.13	2.99833
0.34	0.14	2.99833
0.34	0.15	2.9983
0.34	0.16	2.99827
0.34	0.17	2.99826
0.34	0.18	2.99826
0.34	0.19	2.99826
0.34	0.2	2.99827
0.34	0.21	2.99827
0.34	0.22	2.99825
0.34	0.23	2.99821
0.34	0.24	2.99815
0.34	0.25	2.99807
0.34	0.26	2.99799
0.34	0.27	2.99791
0.34	0.28	2.99788
0.34	0.29	2.9979
0.34	0.3	2.99795
0.34	0.31	2.99804
0.34	0.32	2.9982
0.34	0.33	2.99839
0.34	0.34	2.99858
0.34	0.35	2.99878
0.34	0.36	2.99902
0.34	0.37	2.9993
0.34	0.38	2.99966
0.34	0.39	3.00005
0.34	0.4	3.00046
0.34	0.41	3.00087
0.34	0.42	3.00124
0.34	0.43	3.00158
0.34	0.44	3.00188
0.34	0.45	3.00212
0.34	0.46	3.0023
0.34	0.47	3.00242
0.34	0.48	3.00246
0.34	0.49	3.00246
0.34	0.5	3.00246
0.34	0.51	3.00246
0.34	0.52	3.00242
0.34	0.53	3.0023
0.34	0.54	3.00212
0.34	0.55	3.00188
0.34	0.56	3.00158
0.34	0.57	3.00124
0.34	0.58	3.00087
0.34	0.59	3.00046
0.34	0.6	3.00005
0.34	0.61	2.99966
0.34	0.62	2.9993
0.34	0.63	2.99902
0.34	0.64	2.99878
0.34	0.65	2.99858
0.34	0.66	2.99839
0.34	0.67	2.9982
0.34	0.68	2.99804
0.34	0.69	2.99795
0.34	0.7	2.9979
0.34	0.71	2.99788
0.34	0.72	2.99791
0.34	0.73	2.99799
0.34	0.74	2.99807
0.34	0.75	2.99815
0.34	0.76	2.99821
0.34	0.77	2.99825
0.34	0.78	2.99827
0.34	0.79	2.99827
0.34	0.8	2.99826
0.34	0.81	2.99826
0.34	0.82	2.99826
0.34	0.83	2.99827
0.34	0.84	2.9983
0.34	0.85	2.99833
0.34	0.86	2.99833
0.34	0.87	2.99835
0.34	0.88	2.99838
0.34	0.89	2.99842
0.34	0.9	2.99844
0.34	0.91	2.99846
0.34	0.92	2.9985
0.34	0.93	2.99855
0.34	0.94	2.99858
0.34	0.95	2.99865
0.34	0.96	2.99868
0.34	0.97	2.99881
0.34	0.98	2.99881
0.34	0.99	2.99881


0.35	0	2.99863
0.35	0.01	2.99863
0.35	0.02	2.99863
0.35	0.03	2.99854
0.35	0.04	2.99852
0.35	0.05	2.99847
0.35	0.06	2.99845
0.35	0.07	2.99842
0.35	0.08	2.99839
0.35	0.09	2.99837
0.35	0.1	2.99834
0.35	0.11	2.99832
0.35	0.12	2.99831
0.35	0.13	2.99829
0.35	0.14	2.99826
0.35	0.15	2.99824
0.35	0.16	2.99824
0.35	0.17	2.99824
0.35	0.18	2.99823
0.35	0.19	2.99823
0.35	0.2	2.99822
0.35	0.21	2.99822
0.35	0.22	2.9982
0.35	0.23	2.99815
0.35	0.24	2.9981
0.35	0.25	2.99806
0.35	0.26	2.99803
0.35	0.27	2.99801
0.35	0.28	2.99801
0.35	0.29	2.99809
0.35	0.3	2.99822
0.35	0.31	2.99835
0.35	0.32	2.99849
0.35	0.33	2.99865
0.35	0.34	2.99885
0.35	0.35	2.99911
0.35	0.36	2.99943
0.35	0.37	2.99976
0.35	0.38	3.00005
0.35	0.39	3.00037
0.35	0.4	3.00061
0.35	0.41	3.00085
0.35	0.42	3.00101
0.35	0.43	3.00111
0.35	0.44	3.00113
0.35	0.45	3.00109
0.35	0.46	3.001
0.35	0.47	3.00088
0.35	0.48	3.0008
0.35	0.49	3.00076
0.35	0.5	3.00076
0.35	0.51	3.0008
0.35	0.52	3.00088
0.35	0.53	3.001
0.35	0.54	3.00109
0.35	0.55	3.00113
0.35	0.56	3.00111
0.35	0.57	3.00101
0.35	0.58	3.00085
0.35	0.59	3.00061
0.35	0.6	3.00037
0.35	0.61	3.00005
0.35	0.62	2.99976
0.35	0.63	2.99943
0.35	0.64	2.99911
0.35	0.65	2.99885
0.35	0.66	2.99865
0.35	0.67	2.99849
0.35	0.68	2.99835
0.35	0.69	2.99822
0.35	0.7	2.99809
0.35	0.71	2.99801
0.35	0.72	2.99801
0.35	0.73	2.99803
0.35	0.74	2.99806
0.35	0.75	2.9981
0.35	0.76	2.99815
0.35	0.77	2.9982
0.35	0.78	2.99822
0.35	0.79	2.99822
0.35	0.8	2.99823
0.35	0.81	2.99823
0.35	0.82	2.99824
0.35	0.83	2.99824
0.35	0.84	2.99824
0.35	0.85	2.99826
0.35	0.86	2.99829
0.35	0.87	2.99831
0.35	0.88	2.99832
0.35	0.89	2.99834
0.35	0.9	2.99837
0.35	0.91	2.99839
0.35	0.92	2.99842
0.35	0.93	2.99845
0.35	0.94	2.99847
0.35	0.95	2.99852
0.35	0.96	2.99854
0.35	0.97	2.99863
0.35	0.98	2.99863
0.35	0.99	2.99863


0.36	0	2.9985
0.36	0.01	2.9985
0.36	0.02	2.9985
0.36	0.03	2.99845
0.36	0.04	2.99843
0.36	0.05	2.99839
0.36	0.06	2.99837
0.36	0.07	2.99835
0.36	0.08	2.99833
0.36	0.09	2.9983
0.36	0.1	2.99829
0.36	0.11	2.99827
0.36	0.12	2.99825
0.36	0.13	2.99824
0.36	0.14	2.99824
0.36	0.15	2.99824
0.36	0.16	2.99823
0.36	0.17	2.99822
0.36	0.18	2.9982
0.36	0.19	2.99817
0.36	0.2	2.99813
0.36	0.21	2.99809
0.36	0.22	2.99806
0.36	0.23	2.99806
0.36	0.24	2.99808
0.36	0.25	2.99813
0.36	0.26	2.99823
0.36	0.27	2.99833
0.36	0.28	2.99848
0.36	0.29	2.99858
0.36	0.3	2.99867
0.36	0.31	2.9988
0.36	0.32	2.99895
0.36	0.33	2.99921
0.36	0.34	2.99946
0.36	0.35	2.99975
0.36	0.36	2.99994
0.36	0.37	3.00017
0.36	0.38	3.00031
0.36	0.39	3.00042
0.36	0.4	3.00043
0.36	0.41	3.0004
0.36	0.42	3.0003
0.36	0.43	3.00014
0.36	0.44	2.99992
0.36	0.45	2.99973
0.36	0.46	2.9996
0.36	0.47	2.99949
0.36	0.48	2.9994
0.36	0.49	2.99936
0.36	0.5	2.99936
0.36	0.51	2.9994
0.36	0.52	2.99949
0.36	0.53	2.9996
0.36	0.54	2.99973
0.36	0.55	2.99992
0.36	0.56	3.00014
0.36	0.57	3.0003
0.36	0.58	3.0004
0.36	0.59	3.00043
0.36	0.6	3.00042
0.36	0.61	3.00031
0.36	0.62	3.00017
0.36	0.63	2.99994
0.36	0.64	2.99975
0.36	0.65	2.99946
0.36	0.66	2.99921
0.36	0.67	2.99895
0.36	0.68	2.9988
0.36	0.69	2.99867
0.36	0.7	2.99858
0.36	0.71	2.99848
0.36	0.72	2.99833
0.36	0.73	2.99823
0.36	0.74	2.99813
0.36	0.75	2.99808
0.36	0.76	2.99806
0.36	0.77	2.99806
0.36	0.78	2.99809
0.36	0.79	2.99813
0.36	0.8	2.99817
0.36	0.81	2.9982
0.36	0.82	2.99822
0.36	0.83	2.99823
0.36	0.84	2.99824
0.36	0.85	2.99824
0.36	0.86	2.99824
0.36	0.87	2.99825
0.36	0.88	2.99827
0.36	0.89	2.99829
0.36	0.9	2.9983
0.36	0.91	2.99833
0.36	0.92	2.99835
0.36	0.93	2.99837
0.36	0.94	2.99839
0.36	0.95	2.99843
0.36	0.96	2.99845
0.36	0.97	2.9985
0.36	0.98	2.9985
0.36	0.99	2.9985


0.37	0	2.99842
0.37	0.01	2.99842
0.37	0.02	2.99842
0.37	0.03	2.99837
0.37	0.04	2.99836
0.37	0.05	2.99833
0.37	0.06	2.99831
0.37	0.07	2.99829
0.37	0.08	2.99827
0.37	0.09	2.99825
0.37	0.1	2.99825
0.37	0.11	2.99824
0.37	0.12	2.99823
0.37	0.13	2.99823
0.37	0.14	2.99823
0.37	0.15	2.99821
0.37	0.16	2.99818
0.37	0.17	2.99814
0.37	0.18	2.9981
0.37	0.19	2.99807
0.37	0.2	2.99805
0.37	0.21	2.99806
0.37	0.22	2.99808
0.37	0.23	2.99816
0.37	0.24	2.99829
0.37	0.25	2.99843
0.37	0.26	2.99858
0.37	0.27	2.99872
0.37	0.28	2.99888
0.37	0.29	2.99906
0.37	0.3	2.99933
0.37	0.31	2.99958
0.37	0.32	2.99976
0.37	0.33	2.99997
0.37	0.34	3.00007
0.37	0.35	3.00019
0.37	0.36	3.00019
0.37	0.37	3.00021
0.37	0.38	3.00014
0.37	0.39	2.99998
0.37	0.4	2.99977
0.37	0.41	2.99949
0.37	0.42	2.9992
0.37	0.43	2.99897
0.37	0.44	2.99877
0.37	0.45	2.9986
0.37	0.46	2.99846
0.37	0.47	2.99835
0.37	0.48	2.9983
0.37	0.49	2.99826
0.37	0.5	2.99826
0.37	0.51	2.9983
0.37	0.52	2.99835
0.37	0.53	2.99846
0.37	0.54	2.9986
0.37	0.55	2.99877
0.37	0.56	2.99897
0.37	0.57	2.9992
0.37	0.58	2.99949
0.37	0.59	2.99977
0.37	0.6	2.99998
0.37	0.61	3.00014
0.37	0.62	3.00021
0.37	0.63	3.00019
0.37	0.64	3.00019
0.37	0.65	3.00007
0.37	0.66	2.99997
0.37	0.67	2.99976
0.37	0.68	2.99958
0.37	0.69	2.99933
0.37	0.7	2.99906
0.37	0.71	2.99888
0.37	0.72	2.99872
0.37	0.73	2.99858
0.37	0.74	2.99843
0.37	0.75	2.99829
0.37	0.76	2.99816
0.37	0.77	2.99808
0.37	0.78	2.99806
0.37	0.79	2.99805
0.37	0.8	2.99807
0.37	0.81	2.9981
0.37	0.82	2.99814
0.37	0.83	2.99818
0.37	0.84	2.99821
0.37	0.85	2.99823
0.37	0.86	2.99823
0.37	0.87	2.99823
0.37	0.88	2.99824
0.37	0.89	2.99825
0.37	0.9	2.99825
0.37	0.91	2.99827
0.37	0.92	2.99829
0.37	0.93	2.99831
0.37	0.94	2.99833
0.37	0.95	2.99836
0.37	0.96	2.99837
0.37	0.97	2.99842
0.37	0.98	2.99842
0.37	0.99	2.99842


0.38	0	2.99835
0.38	0.01	2.99835
0.38	0.02	2.99835
0.38	0.03	2.99831
0.38	0.04	2.9983
0.38	0.05	2.99827
0.38	0.06	2.99826
0.38	0.07	2.99825
0.38	0.08	2.99824
0.38	0.09	2.99824
0.38	0.1	2.99823
0.38	0.11	2.99823
0.38	0.12	2.99822
0.38	0.13	2.99819
0.38	0.14	2.99815
0.38	0.15	2.9981
0.38	0.16	2.99808
0.38	0.17	2.99807
0.38	0.18	2.99806
0.38	0.19	2.99807
0.38	0.2	2.99813
0.38	0.21	2.99824
0.38	0.22	2.9984
0.38	0.23	2.99853
0.38	0.24	2.99867
0.38	0.25	2.99882
0.38	0.26	2.99899
0.38	0.27	2.99924
0.38	0.28	2.99951
0.38	0.29	2.9998
0.38	0.3	2.99997
0.38	0.31	3.0002
0.38	0.32	3.00027
0.38	0.33	3.00036
0.38	0.34	3.00034
0.38	0.35	3.00025
0.38	0.36	3.00008
0.38	0.37	2.99979
0.38	0.38	2.99942
0.38	0.39	2.99913
0.38	0.4	2.99878
0.38	0.41	2.99852
0.38	0.42	2.99828
0.38	0.43	2.99805
0.38	0.44	2.99788
0.38	0.45	2.99771
0.38	0.46	2.99759
0.38	0.47	2.9975
0.38	0.48	2.99743
0.38	0.49	2.9974
0.38	0.5	2.9974
0.38	0.51	2.99743
0.38	0.52	2.9975
0.38	0.53	2.99759
0.38	0.54	2.99771
0.38	0.55	2.99788
0.38	0.56	2.99805
0.38	0.57	2.99828
0.38	0.58	2.99852
0.38	0.59	2.99878
0.38	0.6	2.99913
0.38	0.61	2.99942
0.38	0.62	2.99979
0.38	0.63	3.00008
0.38	0.64	3.00025
0.38	0.65	3.00034
0.38	0.66	3.00036
0.38	0.67	3.00027
0.38	0.68	3.0002
0.38	0.69	2.99997
0.38	0.7	2.9998
0.38	0.71	2.99951
0.38	0.72	2.99924
0.38	0.73	2.99899
0.38	0.74	2.99882
0.38	0.75	2.99867
0.38	0.76	2.99853
0.38	0.77	2.9984
0.38	0.78	2.99824
0.38	0.79	2.99813
0.38	0.8	2.99807
0.38	0.81	2.99806
0.38	0.82	2.99807
0.38	0.83	2.99808
0.38	0.84	2.9981
0.38	0.85	2.99815
0.38	0.86	2.99819
0.38	0.87	2.99822
0.38	0.88	2.99823
0.38	0.89	2.99823
0.38	0.9	2.99824
0.38	0.91	2.99824
0.38	0.92	2.99825
0.38	0.93	2.99826
0.38	0.94	2.99827
0.38	0.95	2.9983
0.38	0.96	2.99831
0.38	0.97	2.99835
0.38	0.98	2.99835
0.38	0.99	2.99835


0.39	0	2.99829
0.39	0.01	2.99829
0.39	0.02	2.99829
0.39	0.03	2.99826
0.39	0.04	2.99825
0.39	0.05	2.99824
0.39	0.06	2.99824
0.39	0.07	2.99823
0.39	0.08	2.99823
0.39	0.09	2.99822
0.39	0.1	2.9982
0.39	0.11	2.99816
0.39	0.12	2.99811
0.39	0.13	2.99809
0.39	0.14	2.99807
0.39	0.15	2.99807
0.39	0.16	2.99807
0.39	0.17	2.99811
0.39	0.18	2.9982
0.39	0.19	2.99835
0.39	0.2	2.9985
0.39	0.21	2.99863
0.39	0.22	2.99878
0.39	0.23	2.99895
0.39	0.24	2.99918
0.39	0.25	2.99947
0.39	0.26	2.99968
0.39	0.27	2.99995
0.39	0.28	3.00009
0.39	0.29	3.00027
0.39	0.3	3.00027
0.39	0.31	3.00033
0.39	0.32	3.00034
0.39	0.33	3.00024
0.39	0.34	3.00001
0.39	0.35	2.99967
0.39	0.36	2.99934
0.39	0.37	2.999
0.39	0.38	2.99868
0.39	0.39	2.99834
0.39	0.4	2.99806
0.39	0.41	2.99779
0.39	0.42	2.99756
0.39	0.43	2.99737
0.39	0.44	2.9972
0.39	0.45	2.99706
0.39	0.46	2.99696
0.39	0.47	2.99686
0.39	0.48	2.9968
0.39	0.49	2.99677
0.39	0.5	2.99677
0.39	0.51	2.9968
0.39	0.52	2.99686
0.39	0.53	2.99696
0.39	0.54	2.99706
0.39	0.55	2.9972
0.39	0.56	2.99737
0.39	0.57	2.99756
0.39	0.58	2.99779
0.39	0.59	2.99806
0.39	0.6	2.99834
0.39	0.61	2.99868
0.39	0.62	2.999
0.39	0.63	2.99934
0.39	0.64	2.99967
0.39	0.65	3.00001
0.39	0.66	3.00024
0.39	0.67	3.00034
0.39	0.68	3.00033
0.39	0.69	3.00027
0.39	0.7	3.00027
0.39	0.71	3.00009
0.39	0.72	2.99995
0.39	0.73	2.99968
0.39	0.74	2.99947
0.39	0.75	2.99918
0.39	0.76	2.99895
0.39	0.77	2.99878
0.39	0.78	2.99863
0.39	0.79	2.9985
0.39	0.8	2.99835
0.39	0.81	2.9982
0.39	0.82	2.99811
0.39	0.83	2.99807
0.39	0.84	2.99807
0.39	0.85	2.99807
0.39	0.86	2.99809
0.39	0.87	2.99811
0.39	0.88	2.99816
0.39	0.89	2.9982
0.39	0.9	2.99822
0.39	0.91	2.99823
0.39	0.92	2.99823
0.39	0.93	2.99824
0.39	0.94	2.99824
0.39	0.95	2.99825
0.39	0.96	2.99826
0.39	0.97	2.99829
0.39	0.98	2.99829
0.39	0.99	2.99829


0.4	0	2.99825
0.4	0.01	2.99825
0.4	0.02	2.99825
0.4	0.03	2.99824
0.4	0.04	2.99824
0.4	0.05	2.99823
0.4	0.06	2.99822
0.4	0.07	2.9982
0.4	0.08	2.99816
0.4	0.09	2.99812
0.4	0.1	2.99809
0.4	0.11	2.99808
0.4	0.12	2.99807
0.4	0.13	2.99807
0.4	0.14	2.99809
0.4	0.15	2.99817
0.4	0.16	2.9983
0.4	0.17	2.99846
0.4	0.18	2.9986
0.4	0.19	2.99874
0.4	0.2	2.9989
0.4	0.21	2.99912
0.4	0.22	2.99939
0.4	0.23	2.99968
0.4	0.24	2.99985
0.4	0.25	3.00009
0.4	0.26	3.00017
0.4	0.27	3.00029
0.4	0.28	3.00029
0.4	0.29	3.0003
0.4	0.3	3.00026
0.4	0.31	3.00009
0.4	0.32	2.99975
0.4	0.33	2.9994
0.4	0.34	2.99911
0.4	0.35	2.9988
0.4	0.36	2.99854
0.4	0.37	2.99826
0.4	0.38	2.99801
0.4	0.39	2.99778
0.4	0.4	2.99753
0.4	0.41	2.99731
0.4	0.42	2.9971
0.4	0.43	2.9969
0.4	0.44	2.99675
0.4	0.45	2.99661
0.4	0.46	2.99651
0.4	0.47	2.99644
0.4	0.48	2.9964
0.4	0.49	2.99637
0.4	0.5	2.99637
0.4	0.51	2.9964
0.4	0.52	2.99644
0.4	0.53	2.99651
0.4	0.54	2.99661
0.4	0.55	2.99675
0.4	0.56	2.9969
0.4	0.57	2.9971
0.4	0.58	2.99731
0.4	0.59	2.99753
0.4	0.6	2.99778
0.4	0.61	2.99801
0.4	0.62	2.99826
0.4	0.63	2.99854
0.4	0.64	2.9988
0.4	0.65	2.99911
0.4	0.66	2.9994
0.4	0.67	2.99975
0.4	0.68	3.00009
0.4	0.69	3.00026
0.4	0.7	3.0003
0.4	0.71	3.00029
0.4	0.72	3.00029
0.4	0.73	3.00017
0.4	0.74	3.00009
0.4	0.75	2.99985
0.4	0.76	2.99968
0.4	0.77	2.99939
0.4	0.78	2.99912
0.4	0.79	2.9989
0.4	0.8	2.99874
0.4	0.81	2.9986
0.4	0.82	2.99846
0.4	0.83	2.9983
0.4	0.84	2.99817
0.4	0.85	2.99809
0.4	0.86	2.99807
0.4	0.87	2.99807
0.4	0.88	2.99808
0.4	0.89	2.99809
0.4	0.9	2.99812
0.4	0.91	2.99816
0.4	0.92	2.9982
0.4	0.93	2.99822
0.4	0.94	2.99823
0.4	0.95	2.99824
0.4	0.96	2.99824
0.4	0.97	2.99825
0.4	0.98	2.99825
0.4	0.99	2.99825


0.41	0	2.99823
0.41	0.01	2.99823
0.41	0.02	2.99823
0.41	0.03	2.99822
0.41	0.04	2.99821
0.41	0.05	2.99817
0.41	0.06	2.99813
0.41	0.07	2.99811
0.41	0.08	2.99809
0.41	0.09	2.99807
0.41	0.1	2.99808
0.41	0.11	2.99809
0.41	0.12	2.99814
0.41	0.13	2.99825
0.41	0.14	2.99842
0.41	0.15	2.99857
0.41	0.16	2.99871
0.41	0.17	2.99886
0.41	0.18	2.99906
0.41	0.19	2.99935
0.41	0.2	2.99958
0.41	0.21	2.99985
0.41	0.22	3
0.41	0.23	3.00018
0.41	0.24	3.00021
0.41	0.25	3.00028
0.41	0.26	3.0003
0.41	0.27	3.00027
0.41	0.28	3.00015
0.41	0.29	2.99985
0.41	0.3	2.99949
0.41	0.31	2.99916
0.41	0.32	2.99887
0.41	0.33	2.99858
0.41	0.34	2.99832
0.41	0.35	2.99807
0.41	0.36	2.99782
0.41	0.37	2.99762
0.41	0.38	2.99745
0.41	0.39	2.99725
0.41	0.4	2.9971
0.41	0.41	2.99694
0.41	0.42	2.99678
0.41	0.43	2.99665
0.41	0.44	2.99652
0.41	0.45	2.99638
0.41	0.46	2.99628
0.41	0.47	2.99621
0.41	0.48	2.99616
0.41	0.49	2.99614
0.41	0.5	2.99614
0.41	0.51	2.99616
0.41	0.52	2.99621
0.41	0.53	2.99628
0.41	0.54	2.99638
0.41	0.55	2.99652
0.41	0.56	2.99665
0.41	0.57	2.99678
0.41	0.58	2.99694
0.41	0.59	2.9971
0.41	0.6	2.99725
0.41	0.61	2.99745
0.41	0.62	2.99762
0.41	0.63	2.99782
0.41	0.64	2.99807
0.41	0.65	2.99832
0.41	0.66	2.99858
0.41	0.67	2.99887
0.41	0.68	2.99916
0.41	0.69	2.99949
0.41	0.7	2.99985
0.41	0.71	3.00015
0.41	0.72	3.00027
0.41	0.73	3.0003
0.41	0.74	3.00028
0.41	0.75	3.00021
0.41	0.76	3.00018
0.41	0.77	3
0.41	0.78	2.99985
0.41	0.79	2.99958
0.41	0.8	2.99935
0.41	0.81	2.99906
0.41	0.82	2.99886
0.41	0.83	2.99871
0.41	0.84	2.99857
0.41	0.85	2.99842
0.41	0.86	2.99825
0.41	0.87	2.99814
0.41	0.88	2.99809
0.41	0.89	2.99808
0.41	0.9	2.99807
0.41	0.91	2.99809
0.41	0.92	2.99811
0.41	0.93	2.99813
0.41	0.94	2.99817
0.41	0.95	2.99821
0.41	0.96	2.99822
0.41	0.97	2.99823
0.41	0.98	2.99823
0.41	0.99	2.99823


0.42	0	2.99819
0.42	0.01	2.99819
0.42	0.02	2.99819
0.42	0.03	2.99814
0.42	0.04	2.99811
0.42	0.05	2.99809
0.42	0.06	2.99808
0.42	0.07	2.99808
0.42	0.08	2.99809
0.42	0.09	2.99813
0.42	0.1	2.99822
0.42	0.11	2.99837
0.42	0.12	2.99853
0.42	0.13	2.99868
0.42	0.14	2.99883
0.42	0.15	2.99901
0.42	0.16	2.99928
0.42	0.17	2.99958
0.42	0.18	2.99974
0.42	0.19	2.99998
0.42	0.2	3.0001
0.42	0.21	3.00023
0.42	0.22	3.00025
0.42	0.23	3.00027
0.42	0.24	3.00027
0.42	0.25	3.0002
0.42	0.26	2.99996
0.42	0.27	2.99956
0.42	0.28	2.99926
0.42	0.29	2.99894
0.42	0.3	2.99864
0.42	0.31	2.99839
0.42	0.32	2.99813
0.42	0.33	2.99789
0.42	0.34	2.99766
0.42	0.35	2.99746
0.42	0.36	2.9973
0.42	0.37	2.99713
0.42	0.38	2.99696
0.42	0.39	2.99683
0.42	0.4	2.99672
0.42	0.41	2.99661
0.42	0.42	2.99654
0.42	0.43	2.99645
0.42	0.44	2.99638
0.42	0.45	2.99632
0.42	0.46	2.99625
0.42	0.47	2.99617
0.42	0.48	2.99612
0.42	0.49	2.99608
0.42	0.5	2.99608
0.42	0.51	2.99612
0.42	0.52	2.99617
0.42	0.53	2.99625
0.42	0.54	2.99632
0.42	0.55	2.99638
0.42	0.56	2.99645
0.42	0.57	2.99654
0.42	0.58	2.99661
0.42	0.59	2.99672
0.42	0.6	2.99683
0.42	0.61	2.99696
0.42	0.62	2.99713
0.42	0.63	2.9973
0.42	0.64	2.99746
0.42	0.65	2.99766
0.42	0.66	2.99789
0.42	0.67	2.99813
0.42	0.68	2.99839
0.42	0.69	2.99864
0.42	0.7	2.99894
0.42	0.71	2.99926
0.42	0.72	2.99956
0.42	0.73	2.99996
0.42	0.74	3.0002
0.42	0.75	3.00027
0.42	0.76	3.00027
0.42	0.77	3.00025
0.42	0.78	3.00023
0.42	0.79	3.0001
0.42	0.8	2.99998
0.42	0.81	2.99974
0.42	0.82	2.99958
0.42	0.83	2.99928
0.42	0.84	2.99901
0.42	0.85	2.99883
0.42	0.86	2.99868
0.42	0.87	2.99853
0.42	0.88	2.99837
0.42	0.89	2.99822
0.42	0.9	2.99813
0.42	0.91	2.99809
0.42	0.92	2.99808
0.42	0.93	2.99808
0.42	0.94	2.99809
0.42	0.95	2.99811
0.42	0.96	2.99814
0.42	0.97	2.99819
0.42	0.98	2.99819
0.42	0.99	2.99819


0.43	0	2.9981
0.43	0.01	2.9981
0.43	0.02	2.9981
0.43	0.03	2.99808
0.43	0.04	2.99808
0.43	0.05	2.99809
0.43	0.06	2.99811
0.43	0.07	2.99818
0.43	0.08	2.99832
0.43	0.09	2.9985
0.43	0.1	2.99864
0.43	0.11	2.9988
0.43	0.12	2.99897
0.43	0.13	2.99923
0.43	0.14	2.99948
0.43	0.15	2.99975
0.43	0.16	2.9999
0.43	0.17	3.00009
0.43	0.18	3.00015
0.43	0.19	3.00024
0.43	0.2	3.00027
0.43	0.21	3.00025
0.43	0.22	3.00021
0.43	0.23	3.00004
0.43	0.24	2.9997
0.43	0.25	2.9993
0.43	0.26	2.99902
0.43	0.27	2.99874
0.43	0.28	2.99844
0.43	0.29	2.99817
0.43	0.3	2.99797
0.43	0.31	2.99772
0.43	0.32	2.99752
0.43	0.33	2.99732
0.43	0.34	2.99716
0.43	0.35	2.99702
0.43	0.36	2.99687
0.43	0.37	2.99672
0.43	0.38	2.99663
0.43	0.39	2.99655
0.43	0.4	2.99646
0.43	0.41	2.9964
0.43	0.42	2.99634
0.43	0.43	2.9963
0.43	0.44	2.99629
0.43	0.45	2.99626
0.43	0.46	2.99624
0.43	0.47	2.99623
0.43	0.48	2.99624
0.43	0.49	2.99624
0.43	0.5	2.99624
0.43	0.51	2.99624
0.43	0.52	2.99623
0.43	0.53	2.99624
0.43	0.54	2.99626
0.43	0.55	2.99629
0.43	0.56	2.9963
0.43	0.57	2.99634
0.43	0.58	2.9964
0.43	0.59	2.99646
0.43	0.6	2.99655
0.43	0.61	2.99663
0.43	0.62	2.99672
0.43	0.63	2.99687
0.43	0.64	2.99702
0.43	0.65	2.99716
0.43	0.66	2.99732
0.43	0.67	2.99752
0.43	0.68	2.99772
0.43	0.69	2.99797
0.43	0.7	2.99817
0.43	0.71	2.99844
0.43	0.72	2.99874
0.43	0.73	2.99902
0.43	0.74	2.9993
0.43	0.75	2.9997
0.43	0.76	3.00004
0.43	0.77	3.00021
0.43	0.78	3.00025
0.43	0.79	3.00027
0.43	0.8	3.00024
0.43	0.81	3.00015
0.43	0.82	3.00009
0.43	0.83	2.9999
0.43	0.84	2.99975
0.43	0.85	2.99948
0.43	0.86	2.99923
0.43	0.87	2.99897
0.43	0.88	2.9988
0.43	0.89	2.99864
0.43	0.9	2.9985
0.43	0.91	2.99832
0.43	0.92	2.99818
0.43	0.93	2.99811
0.43	0.94	2.99809
0.43	0.95	2.99808
0.43	0.96	2.99808
0.43	0.97	2.9981
0.43	0.98	2.9981
0.43	0.99	2.9981


0.44	0	2.99808
0.44	0.01	2.99808
0.44	0.02	2.99808
0.44	0.03	2.9981
0.44	0.04	2.99816
0.44	0.05	2.99825
0.44	0.06	2.99845
0.44	0.07	2.9986
0.44	0.08	2.99877
0.44	0.09	2.99893
0.44	0.1	2.99916
0.44	0.11	2.99946
0.44	0.12	2.99964
0.44	0.13	2.99989
0.44	0.14	3.00002
0.44	0.15	3.00017
0.44	0.16	3.00019
0.44	0.17	3.00024
0.44	0.18	3.00026
0.44	0.19	3.00022
0.44	0.2	3.00009
0.44	0.21	2.9998
0.44	0.22	2.99943
0.44	0.23	2.99907
0.44	0.24	2.99879
0.44	0.25	2.99853
0.44	0.26	2.99826
0.44	0.27	2.998
0.44	0.28	2.99777
0.44	0.29	2.99759
0.44	0.3	2.99738
0.44	0.31	2.99719
0.44	0.32	2.99704
0.44	0.33	2.9969
0.44	0.34	2.99678
0.44	0.35	2.99665
0.44	0.36	2.99654
0.44	0.37	2.9965
0.44	0.38	2.99642
0.44	0.39	2.99634
0.44	0.4	2.9963
0.44	0.41	2.99627
0.44	0.42	2.99626
0.44	0.43	2.99624
0.44	0.44	2.99623
0.44	0.45	2.99625
0.44	0.46	2.99629
0.44	0.47	2.99635
0.44	0.48	2.99637
0.44	0.49	2.99638
0.44	0.5	2.99638
0.44	0.51	2.99637
0.44	0.52	2.99635
0.44	0.53	2.99629
0.44	0.54	2.99625
0.44	0.55	2.99623
0.44	0.56	2.99624
0.44	0.57	2.99626
0.44	0.58	2.99627
0.44	0.59	2.9963
0.44	0.6	2.99634
0.44	0.61	2.99642
0.44	0.62	2.9965
0.44	0.63	2.99654
0.44	0.64	2.99665
0.44	0.65	2.99678
0.44	0.66	2.9969
0.44	0.67	2.99704
0.44	0.68	2.99719
0.44	0.69	2.99738
0.44	0.7	2.99759
0.44	0.71	2.99777
0.44	0.72	2.998
0.44	0.73	2.99826
0.44	0.74	2.99853
0.44	0.75	2.99879
0.44	0.76	2.99907
0.44	0.77	2.99943
0.44	0.78	2.9998
0.44	0.79	3.00009
0.44	0.8	3.00022
0.44	0.81	3.00026
0.44	0.82	3.00024
0.44	0.83	3.00019
0.44	0.84	3.00017
0.44	0.85	3.00002
0.44	0.86	2.99989
0.44	0.87	2.99964
0.44	0.88	2.99946
0.44	0.89	2.99916
0.44	0.9	2.99893
0.44	0.91	2.99877
0.44	0.92	2.9986
0.44	0.93	2.99845
0.44	0.94	2.99825
0.44	0.95	2.99816
0.44	0.96	2.9981
0.44	0.97	2.99808
0.44	0.98	2.99808
0.44	0.99	2.99808


0.45	0	2.9982
0.45	0.01	2.9982
0.45	0.02	2.9982
0.45	0.03	2.99841
0.45	0.04	2.99855
0.45	0.05	2.99873
0.45	0.06	2.99889
0.45	0.07	2.9991
0.45	0.08	2.99937
0.45	0.09	2.99963
0.45	0.1	2.99979
0.45	0.11	3
0.45	0.12	3.00009
0.45	0.13	3.0002
0.45	0.14	3.00024
0.45	0.15	3.00023
0.45	0.16	3.00022
0.45	0.17	3.00014
0.45	0.18	2.99991
0.45	0.19	2.9995
0.45	0.2	2.99919
0.45	0.21	2.99886
0.45	0.22	2.99857
0.45	0.23	2.99833
0.45	0.24	2.99809
0.45	0.25	2.99783
0.45	0.26	2.99761
0.45	0.27	2.99743
0.45	0.28	2.99727
0.45	0.29	2.99708
0.45	0.3	2.99691
0.45	0.31	2.99681
0.45	0.32	2.99669
0.45	0.33	2.99658
0.45	0.34	2.99649
0.45	0.35	2.99642
0.45	0.36	2.99639
0.45	0.37	2.99632
0.45	0.38	2.99626
0.45	0.39	2.99625
0.45	0.4	2.99625
0.45	0.41	2.99624
0.45	0.42	2.99624
0.45	0.43	2.99627
0.45	0.44	2.99631
0.45	0.45	2.99635
0.45	0.46	2.99637
0.45	0.47	2.99639
0.45	0.48	2.9964
0.45	0.49	2.99641
0.45	0.5	2.99641
0.45	0.51	2.9964
0.45	0.52	2.99639
0.45	0.53	2.99637
0.45	0.54	2.99635
0.45	0.55	2.99631
0.45	0.56	2.99627
0.45	0.57	2.99624
0.45	0.58	2.99624
0.45	0.59	2.99625
0.45	0.6	2.99625
0.45	0.61	2.99626
0.45	0.62	2.99632
0.45	0.63	2.99639
0.45	0.64	2.99642
0.45	0.65	2.99649
0.45	0.66	2.99658
0.45	0.67	2.99669
0.45	0.68	2.99681
0.45	0.69	2.99691
0.45	0.7	2.99708
0.45	0.71	2.99727
0.45	0.72	2.99743
0.45	0.73	2.99761
0.45	0.74	2.99783
0.45	0.75	2.99809
0.45	0.76	2.99833
0.45	0.77	2.99857
0.45	0.78	2.99886
0.45	0.79	2.99919
0.45	0.8	2.9995
0.45	0.81	2.99991
0.45	0.82	3.00014
0.45	0.83	3.00022
0.45	0.84	3.00023
0.45	0.85	3.00024
0.45	0.86	3.0002
0.45	0.87	3.00009
0.45	0.88	3
0.45	0.89	2.99979
0.45	0.9	2.99963
0.45	0.91	2.99937
0.45	0.92	2.9991
0.45	0.93	2.99889
0.45	0.94	2.99873
0.45	0.95	2.99855
0.45	0.96	2.99841
0.45	0.97	2.9982
0.45	0.98	2.9982
0.45	0.99	2.9982


0.46	0	2.9986
0.46	0.01	2.9986
0.46	0.02	2.9986
0.46	0.03	2.99889
0.46	0.04	2.99902
0.46	0.05	2.99934
0.46	0.06	2.99953
0.46	0.07	2.9998
0.46	0.08	2.99992
0.46	0.09	3.00009
0.46	0.1	3.00013
0.46	0.11	3.0002
0.46	0.12	3.00024
0.46	0.13	3.00022
0.46	0.14	3.00015
0.46	0.15	2.99998
0.46	0.16	2.99964
0.46	0.17	2.99923
0.46	0.18	2.99896
0.46	0.19	2.99867
0.46	0.2	2.99838
0.46	0.21	2.99812
0.46	0.22	2.99792
0.46	0.23	2.99769
0.46	0.24	2.99746
0.46	0.25	2.99728
0.46	0.26	2.99714
0.46	0.27	2.99698
0.46	0.28	2.99682
0.46	0.29	2.9967
0.46	0.3	2.99663
0.46	0.31	2.99653
0.46	0.32	2.99643
0.46	0.33	2.99637
0.46	0.34	2.99634
0.46	0.35	2.9963
0.46	0.36	2.99626
0.46	0.37	2.99623
0.46	0.38	2.99625
0.46	0.39	2.99625
0.46	0.4	2.99626
0.46	0.41	2.9963
0.46	0.42	2.99633
0.46	0.43	2.99636
0.46	0.44	2.99638
0.46	0.45	2.99638
0.46	0.46	2.99639
0.46	0.47	2.99639
0.46	0.48	2.99639
0.46	0.49	2.99639
0.46	0.5	2.99639
0.46	0.51	2.99639
0.46	0.52	2.99639
0.46	0.53	2.99639
0.46	0.54	2.99638
0.46	0.55	2.99638
0.46	0.56	2.99636
0.46	0.57	2.99633
0.46	0.58	2.9963
0.46	0.59	2.99626
0.46	0.6	2.99625
0.46	0.61	2.99625
0.46	0.62	2.99623
0.46	0.63	2.99626
0.46	0.64	2.9963
0.46	0.65	2.99634
0.46	0.66	2.99637
0.46	0.67	2.99643
0.46	0.68	2.99653
0.46	0.69	2.99663
0.46	0.7	2.9967
0.46	0.71	2.99682
0.46	0.72	2.99698
0.46	0.73	2.99714
0.46	0.74	2.99728
0.46	0.75	2.99746
0.46	0.76	2.99769
0.46	0.77	2.99792
0.46	0.78	2.99812
0.46	0.79	2.99838
0.46	0.8	2.99867
0.46	0.81	2.99896
0.46	0.82	2.99923
0.46	0.83	2.99964
0.46	0.84	2.99998
0.46	0.85	3.00015
0.46	0.86	3.00022
0.46	0.87	3.00024
0.46	0.88	3.0002
0.46	0.89	3.00013
0.46	0.9	3.00009
0.46	0.91	2.99992
0.46	0.92	2.9998
0.46	0.93	2.99953
0.46	0.94	2.99934
0.46	0.95	2.99902
0.46	0.96	2.99889
0.46	0.97	2.9986
0.46	0.98	2.9986
0.46	0.99	2.9986


0.47	0	2.99913
0.47	0.01	2.99913
0.47	0.02	2.99913
0.47	0.03	2.99955
0.47	0.04	2.99969
0.47	0.05	2.99993
0.47	0.06	3.00001
0.47	0.07	3.00015
0.47	0.08	3.00017
0.47	0.09	3.00021
0.47	0.1	3.00022
0.47	0.11	3.00017
0.47	0.12	3.00003
0.47	0.13	2.99973
0.47	0.14	2.99935
0.47	0.15	2.999
0.47	0.16	2.99873
0.47	0.17	2.99848
0.47	0.18	2.9982
0.47	0.19	2.99794
0.47	0.2	2.99774
0.47	0.21	2.99755
0.47	0.22	2.99734
0.47	0.23	2.99715
0.47	0.24	2.99701
0.47	0.25	2.99689
0.47	0.26	2.99674
0.47	0.27	2.99662
0.47	0.28	2.99654
0.47	0.29	2.99648
0.47	0.3	2.99639
0.47	0.31	2.99632
0.47	0.32	2.9963
0.47	0.33	2.99629
0.47	0.34	2.99625
0.47	0.35	2.99623
0.47	0.36	2.99625
0.47	0.37	2.99627
0.47	0.38	2.99629
0.47	0.39	2.99632
0.47	0.4	2.99635
0.47	0.41	2.99638
0.47	0.42	2.99639
0.47	0.43	2.99638
0.47	0.44	2.99639
0.47	0.45	2.99639
0.47	0.46	2.99639
0.47	0.47	2.99638
0.47	0.48	2.99638
0.47	0.49	2.99638
0.47	0.5	2.99638
0.47	0.51	2.99638
0.47	0.52	2.99638
0.47	0.53	2.99639
0.47	0.54	2.99639
0.47	0.55	2.99639
0.47	0.56	2.99638
0.47	0.57	2.99639
0.47	0.58	2.99638
0.47	0.59	2.99635
0.47	0.6	2.99632
0.47	0.61	2.99629
0.47	0.62	2.99627
0.47	0.63	2.99625
0.47	0.64	2.99623
0.47	0.65	2.99625
0.47	0.66	2.99629
0.47	0.67	2.9963
0.47	0.68	2.99632
0.47	0.69	2.99639
0.47	0.7	2.99648
0.47	0.71	2.99654
0.47	0.72	2.99662
0.47	0.73	2.99674
0.47	0.74	2.99689
0.47	0.75	2.99701
0.47	0.76	2.99715
0.47	0.77	2.99734
0.47	0.78	2.99755
0.47	0.79	2.99774
0.47	0.8	2.99794
0.47	0.81	2.9982
0.47	0.82	2.99848
0.47	0.83	2.99873
0.47	0.84	2.999
0.47	0.85	2.99935
0.47	0.86	2.99973
0.47	0.87	3.00003
0.47	0.88	3.00017
0.47	0.89	3.00022
0.47	0.9	3.00021
0.47	0.91	3.00017
0.47	0.92	3.00015
0.47	0.93	3.00001
0.47	0.94	2.99993
0.47	0.95	2.99969
0.47	0.96	2.99955
0.47	0.97	2.99913
0.47	0.98	2.99913
0.47	0.99	2.99913


0.48	0	2.99973
0.48	0.01	2.99973
0.48	0.02	2.99973
0.48	0.03	3.00003
0.48	0.04	3.00007
0.48	0.05	3.00018
0.48	0.06	3.00019
0.48	0.07	3.0002
0.48	0.08	3.00018
0.48	0.09	3.00008
0.48	0.1	2.99983
0.48	0.11	2.99943
0.48	0.12	2.99912
0.48	0.13	2.99879
0.48	0.14	2.9985
0.48	0.15	2.99826
0.48	0.16	2.99802
0.48	0.17	2.99777
0.48	0.18	2.99756
0.48	0.19	2.9974
0.48	0.2	2.99723
0.48	0.21	2.99704
0.48	0.22	2.99689
0.48	0.23	2.9968
0.48	0.24	2.99668
0.48	0.25	2.99656
0.48	0.26	2.99647
0.48	0.27	2.99643
0.48	0.28	2.99637
0.48	0.29	2.9963
0.48	0.3	2.99626
0.48	0.31	2.99627
0.48	0.32	2.99625
0.48	0.33	2.99623
0.48	0.34	2.99625
0.48	0.35	2.99628
0.48	0.36	2.99632
0.48	0.37	2.99634
0.48	0.38	2.99636
0.48	0.39	2.99638
0.48	0.4	2.99639
0.48	0.41	2.99638
0.48	0.42	2.99639
0.48	0.43	2.99639
0.48	0.44	2.99638
0.48	0.45	2.99638
0.48	0.46	2.99638
0.48	0.47	2.99637
0.48	0.48	2.99638
0.48	0.49	2.99638
0.48	0.5	2.99638
0.48	0.51	2.99638
0.48	0.52	2.99637
0.48	0.53	2.99638
0.48	0.54	2.99638
0.48	0.55	2.99638
0.48	0.56	2.99639
0.48	0.57	2.99639
0.48	0.58	2.99638
0.48	0.59	2.99639
0.48	0.6	2.99638
0.48	0.61	2.99636
0.48	0.62	2.99634
0.48	0.63	2.99632
0.48	0.64	2.99628
0.48	0.65	2.99625
0.48	0.66	2.99623
0.48	0.67	2.99625
0.48	0.68	2.99627
0.48	0.69	2.99626
0.48	0.7	2.9963
0.48	0.71	2.99637
0.48	0.72	2.99643
0.48	0.73	2.99647
0.48	0.74	2.99656
0.48	0.75	2.99668
0.48	0.76	2.9968
0.48	0.77	2.99689
0.48	0.78	2.99704
0.48	0.79	2.99723
0.48	0.8	2.9974
0.48	0.81	2.99756
0.48	0.82	2.99777
0.48	0.83	2.99802
0.48	0.84	2.99826
0.48	0.85	2.9985
0.48	0.86	2.99879
0.48	0.87	2.99912
0.48	0.88	2.99943
0.48	0.89	2.99983
0.48	0.9	3.00008
0.48	0.91	3.00018
0.48	0.92	3.0002
0.48	0.93	3.00019
0.48	0.94	3.00018
0.48	0.95	3.00007
0.48	0.96	3.00003
0.48	0.97	2.99973
0.48	0.98	2.99973
0.48	0.99	2.99973


0.49	0	3.00007
0.49	0.01	3.00007
0.49	0.02	3.00007
0.49	0.03	3.00016
0.49	0.04	3.00015
0.49	0.05	3.00017
0.49	0.06	3.00009
0.49	0.07	2.99991
0.49	0.08	2.99954
0.49	0.09	2.99916
0.49	0.1	2.99889
0.49	0.11	2.9986
0.49	0.12	2.99831
0.49	0.13	2.99806
0.49	0.14	2.99786
0.49	0.15	2.99764
0.49	0.16	2.99741
0.49	0.17	2.99724
0.49	0.18	2.9971
0.49	0.19	2.99694
0.49	0.2	2.99679
0.49	0.21	2.99668
0.49	0.22	2.99661
0.49	0.23	2.99651
0.49	0.24	2.99641
0.49	0.25	2.99637
0.49	0.26	2.99635
0.49	0.27	2.9963
0.49	0.28	2.99625
0.49	0.29	2.99625
0.49	0.3	2.99626
0.49	0.31	2.99626
0.49	0.32	2.99627
0.49	0.33	2.9963
0.49	0.34	2.99634
0.49	0.35	2.99637
0.49	0.36	2.99637
0.49	0.37	2.99638
0.49	0.38	2.99639
0.49	0.39	2.99639
0.49	0.4	2.99638
0.49	0.41	2.99638
0.49	0.42	2.99638
0.49	0.43	2.99638
0.49	0.44	2.99637
0.49	0.45	2.99637
0.49	0.46	2.99638
0.49	0.47	2.99638
0.49	0.48	2.99637
0.49	0.49	2.99637
0.49	0.5	2.99637
0.49	0.51	2.99637
0.49	0.52	2.99638
0.49	0.53	2.99638
0.49	0.54	2.99637
0.49	0.55	2.99637
0.49	0.56	2.99638
0.49	0.57	2.99638
0.49	0.58	2.99638
0.49	0.59	2.99638
0.49	0.6	2.99639
0.49	0.61	2.99639
0.49	0.62	2.99638
0.49	0.63	2.99637
0.49	0.64	2.99637
0.49	0.65	2.99634
0.49	0.66	2.9963
0.49	0.67	2.99627
0.49	0.68	2.99626
0.49	0.69	2.99626
0.49	0.7	2.99625
0.49	0.71	2.99625
0.49	0.72	2.9963
0.49	0.73	2.99635
0.49	0.74	2.99637
0.49	0.75	2.99641
0.49	0.76	2.99651
0.49	0.77	2.99661
0.49	0.78	2.99668
0.49	0.79	2.99679
0.49	0.8	2.99694
0.49	0.81	2.9971
0.49	0.82	2.99724
0.49	0.83	2.99741
0.49	0.84	2.99764
0.49	0.85	2.99786
0.49	0.86	2.99806
0.49	0.87	2.99831
0.49	0.88	2.9986
0.49	0.89	2.99889
0.49	0.9	2.99916
0.49	0.91	2.99954
0.49	0.92	2.99991
0.49	0.93	3.00009
0.49	0.94	3.00017
0.49	0.95	3.00015
0.49	0.96	3.00016
0.49	0.97	3.00007
0.49	0.98	3.00007
0.49	0.99	3.00007


0.5	0	3.00014
0.5	0.01	3.00014
0.5	0.02	3.00014
0.5	0.03	3.0001
0.5	0.04	2.99991
0.5	0.05	2.99965
0.5	0.06	2.99923
0.5	0.07	2.99892
0.5	0.08	2.99863
0.5	0.09	2.9984
0.5	0.1	2.99813
0.5	0.11	2.99788
0.5	0.12	2.99768
0.5	0.13	2.9975
0.5	0.14	2.99729
0.5	0.15	2.9971
0.5	0.16	2.99697
0.5	0.17	2.99686
0.5	0.18	2.99671
0.5	0.19	2.99659
0.5	0.2	2.99652
0.5	0.21	2.99646
0.5	0.22	2.99637
0.5	0.23	2.99631
0.5	0.24	2.99631
0.5	0.25	2.99629
0.5	0.26	2.99625
0.5	0.27	2.99624
0.5	0.28	2.99626
0.5	0.29	2.99628
0.5	0.3	2.9963
0.5	0.31	2.99632
0.5	0.32	2.99635
0.5	0.33	2.99638
0.5	0.34	2.99638
0.5	0.35	2.99638
0.5	0.36	2.99639
0.5	0.37	2.99639
0.5	0.38	2.99638
0.5	0.39	2.99638
0.5	0.4	2.99638
0.5	0.41	2.99638
0.5	0.42	2.99637
0.5	0.43	2.99637
0.5	0.44	2.99637
0.5	0.45	2.99638
0.5	0.46	2.99637
0.5	0.47	2.99637
0.5	0.48	2.99637
0.5	0.49	2.99638
0.5	0.5	2.99638
0.5	0.51	2.99637
0.5	0.52	2.99637
0.5	0.53	2.99637
0.5	0.54	2.99638
0.5	0.55	2.99637
0.5	0.56	2.99637
0.5	0.57	2.99637
0.5	0.58	2.99638
0.5	0.59	2.99638
0.5	0.6	2.99638
0.5	0.61	2.99638
0.5	0.62	2.99639
0.5	0.63	2.99639
0.5	0.64	2.99638
0.5	0.65	2.99638
0.5	0.66	2.99638
0.5	0.67	2.99635
0.5	0.68	2.99632
0.5	0.69	2.9963
0.5	0.7	2.99628
0.5	0.71	2.99626
0.5	0.72	2.99624
0.5	0.73	2.99625
0.5	0.74	2.99629
0.5	0.75	2.99631
0.5	0.76	2.99631
0.5	0.77	2.99637
0.5	0.78	2.99646
0.5	0.79	2.99652
0.5	0.8	2.99659
0.5	0.81	2.99671
0.5	0.82	2.99686
0.5	0.83	2.99697
0.5	0.84	2.9971
0.5	0.85	2.99729
0.5	0.86	2.9975
0.5	0.87	2.99768
0.5	0.88	2.99788
0.5	0.89	2.99813
0.5	0.9	2.9984
0.5	0.91	2.99863
0.5	0.92	2.99892
0.5	0.93	2.99923
0.5	0.94	2.99965
0.5	0.95	2.99991
0.5	0.96	3.0001
0.5	0.97	3.00014
0.5	0.98	3.00014
0.5	0.99	3.00014


