0	0	3
0	0.01	3
0	0.02	3
0	0.03	3
0	0.04	3
0	0.05	3
0	0.06	3
0	0.07	3
0	0.08	3
0	0.09	3
0	0.1	3
0	0.11	3
0	0.12	3
0	0.13	3
0	0.14	3
0	0.15	3
0	0.16	3
0	0.17	3
0	0.18	3
0	0.19	3
0	0.2	3
0	0.21	3
0	0.22	3
0	0.23	3
0	0.24	3
0	0.25	3
0	0.26	3
0	0.27	3
0	0.28	3
0	0.29	3
0	0.3	3
0	0.31	3
0	0.32	3
0	0.33	3
0	0.34	3
0	0.35	3
0	0.36	3
0	0.37	3
0	0.38	3
0	0.39	3
0	0.4	3
0	0.41	3
0	0.42	3
0	0.43	3
0	0.44	3
0	0.45	3
0	0.46	3
0	0.47	3
0	0.48	3
0	0.49	3
0	0.5	3
0	0.51	3
0	0.52	3
0	0.53	3
0	0.54	3
0	0.55	3
0	0.56	3
0	0.57	3
0	0.58	3
0	0.59	3
0	0.6	3
0	0.61	3
0	0.62	3
0	0.63	3
0	0.64	3
0	0.65	3
0	0.66	3
0	0.67	3
0	0.68	3
0	0.69	3
0	0.7	3
0	0.71	3
0	0.72	3
0	0.73	3
0	0.74	3
0	0.75	3
0	0.76	3
0	0.77	3
0	0.78	3
0	0.79	3
0	0.8	3
0	0.81	3
0	0.82	3
0	0.83	3
0	0.84	3
0	0.85	3
0	0.86	3
0	0.87	3
0	0.88	3
0	0.89	3
0	0.9	3
0	0.91	3
0	0.92	3
0	0.93	3
0	0.94	3
0	0.95	3
0	0.96	3
0	0.97	3
0	0.98	3
0	0.99	3


0.01	0	2.99998
0.01	0.01	2.99998
0.01	0.02	2.99998
0.01	0.03	2.99997
0.01	0.04	2.99995
0.01	0.05	2.99992
0.01	0.06	2.99988
0.01	0.07	2.99982
0.01	0.08	2.99973
0.01	0.09	2.99961
0.01	0.1	2.99944
0.01	0.11	2.9992
0.01	0.12	2.99887
0.01	0.13	2.99842
0.01	0.14	2.99782
0.01	0.15	2.99702
0.01	0.16	2.99598
0.01	0.17	2.99464
0.01	0.18	2.99294
0.01	0.19	2.9908
0.01	0.2	2.98815
0.01	0.21	2.98492
0.01	0.22	2.98104
0.01	0.23	2.97646
0.01	0.24	2.97115
0.01	0.25	2.96507
0.01	0.26	2.95823
0.01	0.27	2.95068
0.01	0.28	2.94249
0.01	0.29	2.93374
0.01	0.3	2.92458
0.01	0.31	2.91516
0.01	0.32	2.90565
0.01	0.33	2.89624
0.01	0.34	2.88717
0.01	0.35	2.87867
0.01	0.36	2.87094
0.01	0.37	2.86418
0.01	0.38	2.85867
0.01	0.39	2.85419
0.01	0.4	2.85263
0.01	0.41	2.8512
0.01	0.42	2.85438
0.01	0.43	2.85543
0.01	0.44	2.8619
0.01	0.45	2.86973
0.01	0.46	2.8789
0.01	0.47	2.89077
0.01	0.48	2.9073
0.01	0.49	2.92167
0.01	0.5	2.93716
0.01	0.51	2.96185
0.01	0.52	2.98252
0.01	0.53	3.00349
0.01	0.54	3.0325
0.01	0.55	3.05981
0.01	0.56	3.08727
0.01	0.57	3.11429
0.01	0.58	3.14081
0.01	0.59	3.16639
0.01	0.6	3.18969
0.01	0.61	3.20896
0.01	0.62	3.22071
0.01	0.63	3.22125
0.01	0.64	3.21423
0.01	0.65	3.19797
0.01	0.66	3.17608
0.01	0.67	3.15338
0.01	0.68	3.13149
0.01	0.69	3.11125
0.01	0.7	3.09308
0.01	0.71	3.07714
0.01	0.72	3.06336
0.01	0.73	3.05161
0.01	0.74	3.04168
0.01	0.75	3.03339
0.01	0.76	3.02652
0.01	0.77	3.02088
0.01	0.78	3.01629
0.01	0.79	3.0126
0.01	0.8	3.00966
0.01	0.81	3.00733
0.01	0.82	3.00551
0.01	0.83	3.0041
0.01	0.84	3.00302
0.01	0.85	3.00221
0.01	0.86	3.0016
0.01	0.87	3.00114
0.01	0.88	3.00081
0.01	0.89	3.00057
0.01	0.9	3.00039
0.01	0.91	3.00027
0.01	0.92	3.00018
0.01	0.93	3.00012
0.01	0.94	3.00008
0.01	0.95	3.00005
0.01	0.96	3.00003
0.01	0.97	3.00002
0.01	0.98	3.00002
0.01	0.99	3.00002


0.02	0	2.99993
0.02	0.01	2.99993
0.02	0.02	2.99993
0.02	0.03	2.99989
0.02	0.04	2.99982
0.02	0.05	2.99973
0.02	0.06	2.99961
0.02	0.07	2.99941
0.02	0.08	2.99919
0.02	0.09	2.9988
0.02	0.1	2.99836
0.02	0.11	2.99768
0.02	0.12	2.99683
0.02	0.13	2.99567
0.02	0.14	2.99418
0.02	0.15	2.99225
0.02	0.16	2.98981
0.02	0.17	2.98676
0.02	0.18	2.98299
0.02	0.19	2.97841
0.02	0.2	2.97294
0.02	0.21	2.9665
0.02	0.22	2.95902
0.02	0.23	2.95048
0.02	0.24	2.94087
0.02	0.25	2.93022
0.02	0.26	2.91859
0.02	0.27	2.90607
0.02	0.28	2.8928
0.02	0.29	2.87893
0.02	0.3	2.86464
0.02	0.31	2.85014
0.02	0.32	2.83564
0.02	0.33	2.82149
0.02	0.34	2.80788
0.02	0.35	2.7951
0.02	0.36	2.7834
0.02	0.37	2.77293
0.02	0.38	2.76444
0.02	0.39	2.75731
0.02	0.4	2.7537
0.02	0.41	2.75103
0.02	0.42	2.75301
0.02	0.43	2.7545
0.02	0.44	2.76103
0.02	0.45	2.76839
0.02	0.46	2.78062
0.02	0.47	2.79512
0.02	0.48	2.81257
0.02	0.49	2.83206
0.02	0.5	2.85629
0.02	0.51	2.88241
0.02	0.52	2.90916
0.02	0.53	2.94008
0.02	0.54	2.97545
0.02	0.55	3.01127
0.02	0.56	3.04746
0.02	0.57	3.08641
0.02	0.58	3.12799
0.02	0.59	3.16927
0.02	0.6	3.21034
0.02	0.61	3.25077
0.02	0.62	3.2901
0.02	0.63	3.3271
0.02	0.64	3.36082
0.02	0.65	3.38925
0.02	0.66	3.40982
0.02	0.67	3.42515
0.02	0.68	3.42497
0.02	0.69	3.40719
0.02	0.7	3.35881
0.02	0.71	3.26034
0.02	0.72	3.19145
0.02	0.73	3.14679
0.02	0.74	3.11397
0.02	0.75	3.08891
0.02	0.76	3.06944
0.02	0.77	3.05415
0.02	0.78	3.04209
0.02	0.79	3.03257
0.02	0.8	3.02507
0.02	0.81	3.01917
0.02	0.82	3.01456
0.02	0.83	3.01097
0.02	0.84	3.00821
0.02	0.85	3.00608
0.02	0.86	3.00448
0.02	0.87	3.00325
0.02	0.88	3.00237
0.02	0.89	3.00166
0.02	0.9	3.00121
0.02	0.91	3.00082
0.02	0.92	3.00059
0.02	0.93	3.00039
0.02	0.94	3.00027
0.02	0.95	3.00018
0.02	0.96	3.00011
0.02	0.97	3.00007
0.02	0.98	3.00007
0.02	0.99	3.00007


0.03	0	2.99976
0.03	0.01	2.99976
0.03	0.02	2.99976
0.03	0.03	2.99965
0.03	0.04	2.99947
0.03	0.05	2.99924
0.03	0.06	2.99891
0.03	0.07	2.99846
0.03	0.08	2.99785
0.03	0.09	2.99703
0.03	0.1	2.99595
0.03	0.11	2.99452
0.03	0.12	2.99276
0.03	0.13	2.9903
0.03	0.14	2.98763
0.03	0.15	2.98371
0.03	0.16	2.97965
0.03	0.17	2.97412
0.03	0.18	2.9681
0.03	0.19	2.96074
0.03	0.2	2.9525
0.03	0.21	2.94304
0.03	0.22	2.93251
0.03	0.23	2.92085
0.03	0.24	2.90813
0.03	0.25	2.8944
0.03	0.26	2.87975
0.03	0.27	2.86428
0.03	0.28	2.84814
0.03	0.29	2.83146
0.03	0.3	2.81444
0.03	0.31	2.79729
0.03	0.32	2.78032
0.03	0.33	2.76369
0.03	0.34	2.74771
0.03	0.35	2.73262
0.03	0.36	2.71881
0.03	0.37	2.7063
0.03	0.38	2.69694
0.03	0.39	2.68715
0.03	0.4	2.68372
0.03	0.41	2.67893
0.03	0.42	2.68091
0.03	0.43	2.68279
0.03	0.44	2.68859
0.03	0.45	2.69786
0.03	0.46	2.70955
0.03	0.47	2.72584
0.03	0.48	2.74624
0.03	0.49	2.76866
0.03	0.5	2.79508
0.03	0.51	2.82553
0.03	0.52	2.85938
0.03	0.53	2.89482
0.03	0.54	2.93184
0.03	0.55	2.97287
0.03	0.56	3.01561
0.03	0.57	3.05915
0.03	0.58	3.10254
0.03	0.59	3.1464
0.03	0.6	3.19017
0.03	0.61	3.23298
0.03	0.62	3.27334
0.03	0.63	3.30817
0.03	0.64	3.34087
0.03	0.65	3.36924
0.03	0.66	3.39531
0.03	0.67	3.41616
0.03	0.68	3.43402
0.03	0.69	3.45008
0.03	0.7	3.46092
0.03	0.71	3.47285
0.03	0.72	3.47994
0.03	0.73	3.48107
0.03	0.74	3.47653
0.03	0.75	3.45392
0.03	0.76	3.29927
0.03	0.77	3.15165
0.03	0.78	3.10274
0.03	0.79	3.07592
0.03	0.8	3.05737
0.03	0.81	3.04339
0.03	0.82	3.03317
0.03	0.83	3.02484
0.03	0.84	3.01913
0.03	0.85	3.01398
0.03	0.86	3.01074
0.03	0.87	3.00779
0.03	0.88	3.00582
0.03	0.89	3.00423
0.03	0.9	3.00307
0.03	0.91	3.0022
0.03	0.92	3.00157
0.03	0.93	3.00111
0.03	0.94	3.00076
0.03	0.95	3.00053
0.03	0.96	3.00035
0.03	0.97	3.00024
0.03	0.98	3.00024
0.03	0.99	3.00024


0.04	0	2.9993
0.04	0.01	2.9993
0.04	0.02	2.9993
0.04	0.03	2.99904
0.04	0.04	2.99858
0.04	0.05	2.99805
0.04	0.06	2.99724
0.04	0.07	2.9963
0.04	0.08	2.9949
0.04	0.09	2.99332
0.04	0.1	2.99102
0.04	0.11	2.9885
0.04	0.12	2.98497
0.04	0.13	2.98115
0.04	0.14	2.97608
0.04	0.15	2.97058
0.04	0.16	2.96376
0.04	0.17	2.95622
0.04	0.18	2.94758
0.04	0.19	2.93773
0.04	0.2	2.92728
0.04	0.21	2.91505
0.04	0.22	2.90278
0.04	0.23	2.88844
0.04	0.24	2.87422
0.04	0.25	2.85831
0.04	0.26	2.84218
0.04	0.27	2.82505
0.04	0.28	2.80751
0.04	0.29	2.78948
0.04	0.3	2.77125
0.04	0.31	2.75299
0.04	0.32	2.73483
0.04	0.33	2.71707
0.04	0.34	2.7
0.04	0.35	2.68392
0.04	0.36	2.66937
0.04	0.37	2.65575
0.04	0.38	2.64606
0.04	0.39	2.63506
0.04	0.4	2.63124
0.04	0.41	2.62607
0.04	0.42	2.62749
0.04	0.43	2.63125
0.04	0.44	2.63568
0.04	0.45	2.64664
0.04	0.46	2.6596
0.04	0.47	2.67715
0.04	0.48	2.69868
0.04	0.49	2.72528
0.04	0.5	2.75631
0.04	0.51	2.79073
0.04	0.52	2.82926
0.04	0.53	2.87097
0.04	0.54	2.91465
0.04	0.55	2.96111
0.04	0.56	3.00849
0.04	0.57	3.05717
0.04	0.58	3.10499
0.04	0.59	3.151
0.04	0.6	3.19136
0.04	0.61	3.229
0.04	0.62	3.2647
0.04	0.63	3.29153
0.04	0.64	3.31378
0.04	0.65	3.33261
0.04	0.66	3.34989
0.04	0.67	3.36481
0.04	0.68	3.3792
0.04	0.69	3.39137
0.04	0.7	3.40406
0.04	0.71	3.41592
0.04	0.72	3.42457
0.04	0.73	3.43684
0.04	0.74	3.44893
0.04	0.75	3.45348
0.04	0.76	3.46124
0.04	0.77	3.46916
0.04	0.78	3.47085
0.04	0.79	3.47814
0.04	0.8	3.47371
0.04	0.81	3.33706
0.04	0.82	3.11508
0.04	0.83	3.06112
0.04	0.84	3.04382
0.04	0.85	3.03235
0.04	0.86	3.02424
0.04	0.87	3.01823
0.04	0.88	3.01346
0.04	0.89	3.0101
0.04	0.9	3.00735
0.04	0.91	3.00547
0.04	0.92	3.00391
0.04	0.93	3.00287
0.04	0.94	3.00201
0.04	0.95	3.00146
0.04	0.96	3.00097
0.04	0.97	3.00071
0.04	0.98	3.00071
0.04	0.99	3.00071


0.05	0	2.99816
0.05	0.01	2.99816
0.05	0.02	2.99816
0.05	0.03	2.99761
0.05	0.04	2.99651
0.05	0.05	2.99542
0.05	0.06	2.99368
0.05	0.07	2.9919
0.05	0.08	2.98913
0.05	0.09	2.98642
0.05	0.1	2.98223
0.05	0.11	2.97834
0.05	0.12	2.97243
0.05	0.13	2.9671
0.05	0.14	2.95928
0.05	0.15	2.95227
0.05	0.16	2.94256
0.05	0.17	2.93365
0.05	0.18	2.92218
0.05	0.19	2.91123
0.05	0.2	2.89817
0.05	0.21	2.88515
0.05	0.22	2.87066
0.05	0.23	2.8557
0.05	0.24	2.83991
0.05	0.25	2.82324
0.05	0.26	2.8063
0.05	0.27	2.7883
0.05	0.28	2.77046
0.05	0.29	2.75176
0.05	0.3	2.73338
0.05	0.31	2.71464
0.05	0.32	2.69618
0.05	0.33	2.67817
0.05	0.34	2.66096
0.05	0.35	2.64479
0.05	0.36	2.63009
0.05	0.37	2.61678
0.05	0.38	2.60572
0.05	0.39	2.59651
0.05	0.4	2.59066
0.05	0.41	2.58714
0.05	0.42	2.58867
0.05	0.43	2.59148
0.05	0.44	2.59865
0.05	0.45	2.60992
0.05	0.46	2.62419
0.05	0.47	2.64355
0.05	0.48	2.66783
0.05	0.49	2.69857
0.05	0.5	2.734
0.05	0.51	2.77404
0.05	0.52	2.81876
0.05	0.53	2.86829
0.05	0.54	2.92033
0.05	0.55	2.97536
0.05	0.56	3.03021
0.05	0.57	3.0858
0.05	0.58	3.13597
0.05	0.59	3.17987
0.05	0.6	3.21393
0.05	0.61	3.23948
0.05	0.62	3.26523
0.05	0.63	3.27952
0.05	0.64	3.28908
0.05	0.65	3.29709
0.05	0.66	3.30577
0.05	0.67	3.31385
0.05	0.68	3.32206
0.05	0.69	3.33086
0.05	0.7	3.3399
0.05	0.71	3.34918
0.05	0.72	3.3601
0.05	0.73	3.36958
0.05	0.74	3.37891
0.05	0.75	3.39121
0.05	0.76	3.39955
0.05	0.77	3.40803
0.05	0.78	3.41813
0.05	0.79	3.42773
0.05	0.8	3.43207
0.05	0.81	3.44594
0.05	0.82	3.44922
0.05	0.83	3.44981
0.05	0.84	3.4605
0.05	0.85	3.47082
0.05	0.86	3.33099
0.05	0.87	3.08278
0.05	0.88	3.03502
0.05	0.89	3.02372
0.05	0.9	3.01717
0.05	0.91	3.01296
0.05	0.92	3.00936
0.05	0.93	3.00702
0.05	0.94	3.00499
0.05	0.95	3.00371
0.05	0.96	3.00251
0.05	0.97	3.0019
0.05	0.98	3.0019
0.05	0.99	3.0019


0.06	0	2.99559
0.06	0.01	2.99559
0.06	0.02	2.99559
0.06	0.03	2.99459
0.06	0.04	2.99228
0.06	0.05	2.99032
0.06	0.06	2.98704
0.06	0.07	2.9841
0.06	0.08	2.97935
0.06	0.09	2.9753
0.06	0.1	2.96876
0.06	0.11	2.96347
0.06	0.12	2.95498
0.06	0.13	2.94832
0.06	0.14	2.93794
0.06	0.15	2.92973
0.06	0.16	2.91766
0.06	0.17	2.90774
0.06	0.18	2.89425
0.06	0.19	2.88248
0.06	0.2	2.86782
0.06	0.21	2.8542
0.06	0.22	2.8385
0.06	0.23	2.82316
0.06	0.24	2.80647
0.06	0.25	2.78971
0.06	0.26	2.77215
0.06	0.27	2.75434
0.06	0.28	2.73615
0.06	0.29	2.71767
0.06	0.3	2.69919
0.06	0.31	2.68074
0.06	0.32	2.66233
0.06	0.33	2.64517
0.06	0.34	2.62793
0.06	0.35	2.61228
0.06	0.36	2.59829
0.06	0.37	2.58428
0.06	0.38	2.57499
0.06	0.39	2.56577
0.06	0.4	2.55974
0.06	0.41	2.55844
0.06	0.42	2.55856
0.06	0.43	2.56436
0.06	0.44	2.57146
0.06	0.45	2.58475
0.06	0.46	2.60078
0.06	0.47	2.62292
0.06	0.48	2.651
0.06	0.49	2.68578
0.06	0.5	2.72709
0.06	0.51	2.77474
0.06	0.52	2.82896
0.06	0.53	2.88908
0.06	0.54	2.9528
0.06	0.55	3.02051
0.06	0.56	3.08636
0.06	0.57	3.14123
0.06	0.58	3.1928
0.06	0.59	3.21619
0.06	0.6	3.2435
0.06	0.61	3.25111
0.06	0.62	3.26224
0.06	0.63	3.26312
0.06	0.64	3.26255
0.06	0.65	3.26235
0.06	0.66	3.26385
0.06	0.67	3.26636
0.06	0.68	3.26995
0.06	0.69	3.27492
0.06	0.7	3.28143
0.06	0.71	3.28907
0.06	0.72	3.29782
0.06	0.73	3.30762
0.06	0.74	3.31707
0.06	0.75	3.32702
0.06	0.76	3.33702
0.06	0.77	3.34723
0.06	0.78	3.35556
0.06	0.79	3.36597
0.06	0.8	3.37613
0.06	0.81	3.38419
0.06	0.82	3.39054
0.06	0.83	3.40332
0.06	0.84	3.40761
0.06	0.85	3.41332
0.06	0.86	3.42641
0.06	0.87	3.43439
0.06	0.88	3.43149
0.06	0.89	3.45052
0.06	0.9	3.45491
0.06	0.91	3.27342
0.06	0.92	3.05373
0.06	0.93	3.0191
0.06	0.94	3.01216
0.06	0.95	3.00893
0.06	0.96	3.00614
0.06	0.97	3.0048
0.06	0.98	3.0048
0.06	0.99	3.0048


0.07	0	2.9905
0.07	0.01	2.9905
0.07	0.02	2.9905
0.07	0.03	2.98903
0.07	0.04	2.98472
0.07	0.05	2.98171
0.07	0.06	2.97632
0.07	0.07	2.97215
0.07	0.08	2.96507
0.07	0.09	2.95978
0.07	0.1	2.95084
0.07	0.11	2.94439
0.07	0.12	2.93364
0.07	0.13	2.92593
0.07	0.14	2.91357
0.07	0.15	2.90444
0.07	0.16	2.89079
0.07	0.17	2.88005
0.07	0.18	2.86541
0.07	0.19	2.85297
0.07	0.2	2.83752
0.07	0.21	2.82339
0.07	0.22	2.8072
0.07	0.23	2.79158
0.07	0.24	2.77465
0.07	0.25	2.75786
0.07	0.26	2.74027
0.07	0.27	2.72264
0.07	0.28	2.70453
0.07	0.29	2.68637
0.07	0.3	2.66824
0.07	0.31	2.65014
0.07	0.32	2.63271
0.07	0.33	2.6159
0.07	0.34	2.59917
0.07	0.35	2.58493
0.07	0.36	2.57049
0.07	0.37	2.55913
0.07	0.38	2.54835
0.07	0.39	2.54239
0.07	0.4	2.53494
0.07	0.41	2.53681
0.07	0.42	2.53669
0.07	0.43	2.54453
0.07	0.44	2.5534
0.07	0.45	2.56878
0.07	0.46	2.5875
0.07	0.47	2.61332
0.07	0.48	2.64631
0.07	0.49	2.68768
0.07	0.5	2.73723
0.07	0.51	2.79612
0.07	0.52	2.86444
0.07	0.53	2.94137
0.07	0.54	3.02654
0.07	0.55	3.10473
0.07	0.56	3.16827
0.07	0.57	3.21373
0.07	0.58	3.24161
0.07	0.59	3.25078
0.07	0.6	3.25754
0.07	0.61	3.25296
0.07	0.62	3.24879
0.07	0.63	3.24156
0.07	0.64	3.23417
0.07	0.65	3.22822
0.07	0.66	3.2247
0.07	0.67	3.22285
0.07	0.68	3.2229
0.07	0.69	3.22535
0.07	0.7	3.23018
0.07	0.71	3.23677
0.07	0.72	3.24433
0.07	0.73	3.25266
0.07	0.74	3.26151
0.07	0.75	3.27096
0.07	0.76	3.28024
0.07	0.77	3.29037
0.07	0.78	3.29948
0.07	0.79	3.30899
0.07	0.8	3.31801
0.07	0.81	3.32833
0.07	0.82	3.33631
0.07	0.83	3.34487
0.07	0.84	3.3538
0.07	0.85	3.36368
0.07	0.86	3.36984
0.07	0.87	3.37806
0.07	0.88	3.38953
0.07	0.89	3.39575
0.07	0.9	3.40001
0.07	0.91	3.41632
0.07	0.92	3.41961
0.07	0.93	3.42024
0.07	0.94	3.44166
0.07	0.95	3.42414
0.07	0.96	3.18012
0.07	0.97	3.02632
0.07	0.98	3.02632
0.07	0.99	3.02632


0.08	0	2.9817
0.08	0.01	2.9817
0.08	0.02	2.9817
0.08	0.03	2.98015
0.08	0.04	2.9731
0.08	0.05	2.96915
0.08	0.06	2.96139
0.08	0.07	2.95615
0.08	0.08	2.94686
0.08	0.09	2.94056
0.08	0.1	2.92963
0.08	0.11	2.92226
0.08	0.12	2.90986
0.08	0.13	2.90129
0.08	0.14	2.8877
0.08	0.15	2.87777
0.08	0.16	2.86329
0.08	0.17	2.85184
0.08	0.18	2.8367
0.08	0.19	2.82367
0.08	0.2	2.80799
0.08	0.21	2.79346
0.08	0.22	2.77723
0.08	0.23	2.76144
0.08	0.24	2.74464
0.08	0.25	2.72785
0.08	0.26	2.71045
0.08	0.27	2.69297
0.08	0.28	2.67521
0.08	0.29	2.65777
0.08	0.3	2.63993
0.08	0.31	2.62308
0.08	0.32	2.60559
0.08	0.33	2.59034
0.08	0.34	2.57361
0.08	0.35	2.56116
0.08	0.36	2.54654
0.08	0.37	2.53765
0.08	0.38	2.52613
0.08	0.39	2.5232
0.08	0.4	2.51577
0.08	0.41	2.51987
0.08	0.42	2.52114
0.08	0.43	2.53055
0.08	0.44	2.54283
0.08	0.45	2.55977
0.08	0.46	2.58261
0.08	0.47	2.61504
0.08	0.48	2.65496
0.08	0.49	2.70626
0.08	0.5	2.76928
0.08	0.51	2.84809
0.08	0.52	2.94568
0.08	0.53	3.05183
0.08	0.54	3.139
0.08	0.55	3.2093
0.08	0.56	3.23944
0.08	0.57	3.26768
0.08	0.58	3.26579
0.08	0.59	3.26473
0.08	0.6	3.25821
0.08	0.61	3.24217
0.08	0.62	3.23033
0.08	0.63	3.21827
0.08	0.64	3.20624
0.08	0.65	3.19574
0.08	0.66	3.18836
0.08	0.67	3.1839
0.08	0.68	3.18238
0.08	0.69	3.18341
0.08	0.7	3.18658
0.08	0.71	3.19145
0.08	0.72	3.19759
0.08	0.73	3.20472
0.08	0.74	3.21284
0.08	0.75	3.22181
0.08	0.76	3.23077
0.08	0.77	3.23986
0.08	0.78	3.24864
0.08	0.79	3.25804
0.08	0.8	3.26703
0.08	0.81	3.27675
0.08	0.82	3.28565
0.08	0.83	3.29455
0.08	0.84	3.30267
0.08	0.85	3.31169
0.08	0.86	3.32041
0.08	0.87	3.32859
0.08	0.88	3.33615
0.08	0.89	3.3466
0.08	0.9	3.35484
0.08	0.91	3.36238
0.08	0.92	3.37182
0.08	0.93	3.38345
0.08	0.94	3.37793
0.08	0.95	3.41566
0.08	0.96	3.36312
0.08	0.97	3.45808
0.08	0.98	3.45808
0.08	0.99	3.45808


0.09	0	2.96862
0.09	0.01	2.96862
0.09	0.02	2.96862
0.09	0.03	2.96783
0.09	0.04	2.95761
0.09	0.05	2.95302
0.09	0.06	2.94301
0.09	0.07	2.93696
0.09	0.08	2.92589
0.09	0.09	2.91878
0.09	0.1	2.90647
0.09	0.11	2.89832
0.09	0.12	2.88494
0.09	0.13	2.87561
0.09	0.14	2.86143
0.09	0.15	2.85077
0.09	0.16	2.83601
0.09	0.17	2.82392
0.09	0.18	2.80873
0.09	0.19	2.79521
0.09	0.2	2.77962
0.09	0.21	2.76482
0.09	0.22	2.74879
0.09	0.23	2.73292
0.09	0.24	2.71634
0.09	0.25	2.69963
0.09	0.26	2.68251
0.09	0.27	2.66565
0.09	0.28	2.64821
0.09	0.29	2.63162
0.09	0.3	2.61412
0.09	0.31	2.59844
0.09	0.32	2.58117
0.09	0.33	2.56736
0.09	0.34	2.55094
0.09	0.35	2.54024
0.09	0.36	2.5257
0.09	0.37	2.51918
0.09	0.38	2.50764
0.09	0.39	2.50639
0.09	0.4	2.50238
0.09	0.41	2.50476
0.09	0.42	2.51249
0.09	0.43	2.5218
0.09	0.44	2.53674
0.09	0.45	2.55751
0.09	0.46	2.58767
0.09	0.47	2.62903
0.09	0.48	2.68007
0.09	0.49	2.75031
0.09	0.5	2.84529
0.09	0.51	2.97528
0.09	0.52	3.09334
0.09	0.53	3.19115
0.09	0.54	3.22566
0.09	0.55	3.28463
0.09	0.56	3.27452
0.09	0.57	3.28703
0.09	0.58	3.27951
0.09	0.59	3.26348
0.09	0.6	3.24701
0.09	0.61	3.22682
0.09	0.62	3.21099
0.09	0.63	3.19584
0.09	0.64	3.18023
0.09	0.65	3.16677
0.09	0.66	3.15751
0.09	0.67	3.15144
0.09	0.68	3.14835
0.09	0.69	3.14756
0.09	0.7	3.14876
0.09	0.71	3.15229
0.09	0.72	3.15726
0.09	0.73	3.16374
0.09	0.74	3.17087
0.09	0.75	3.17877
0.09	0.76	3.18695
0.09	0.77	3.19538
0.09	0.78	3.20393
0.09	0.79	3.21293
0.09	0.8	3.222
0.09	0.81	3.23125
0.09	0.82	3.23984
0.09	0.83	3.24865
0.09	0.84	3.25668
0.09	0.85	3.26568
0.09	0.86	3.27347
0.09	0.87	3.28345
0.09	0.88	3.28989
0.09	0.89	3.30121
0.09	0.9	3.30692
0.09	0.91	3.31918
0.09	0.92	3.32303
0.09	0.93	3.3361
0.09	0.94	3.33787
0.09	0.95	3.37258
0.09	0.96	3.3717
0.09	0.97	3.39007
0.09	0.98	3.39007
0.09	0.99	3.39007


0.1	0	2.95155
0.1	0.01	2.95155
0.1	0.02	2.95155
0.1	0.03	2.95252
0.1	0.04	2.93918
0.1	0.05	2.93422
0.1	0.06	2.92238
0.1	0.07	2.91567
0.1	0.08	2.90338
0.1	0.09	2.89556
0.1	0.1	2.88247
0.1	0.11	2.87359
0.1	0.12	2.85979
0.1	0.13	2.84974
0.1	0.14	2.83543
0.1	0.15	2.82411
0.1	0.16	2.80942
0.1	0.17	2.79678
0.1	0.18	2.78179
0.1	0.19	2.76792
0.1	0.2	2.75258
0.1	0.21	2.73763
0.1	0.22	2.72185
0.1	0.23	2.70597
0.1	0.24	2.68961
0.1	0.25	2.67338
0.1	0.26	2.65661
0.1	0.27	2.64043
0.1	0.28	2.62337
0.1	0.29	2.60773
0.1	0.3	2.59043
0.1	0.31	2.57605
0.1	0.32	2.55914
0.1	0.33	2.54632
0.1	0.34	2.53163
0.1	0.35	2.52046
0.1	0.36	2.50953
0.1	0.37	2.50105
0.1	0.38	2.49449
0.1	0.39	2.49181
0.1	0.4	2.49144
0.1	0.41	2.4967
0.1	0.42	2.50529
0.1	0.43	2.51802
0.1	0.44	2.53595
0.1	0.45	2.56428
0.1	0.46	2.60539
0.1	0.47	2.66086
0.1	0.48	2.73968
0.1	0.49	2.87233
0.1	0.5	3.03023
0.1	0.51	3.16329
0.1	0.52	3.19463
0.1	0.53	3.26526
0.1	0.54	3.2854
0.1	0.55	3.30421
0.1	0.56	3.28895
0.1	0.57	3.2937
0.1	0.58	3.27673
0.1	0.59	3.2558
0.1	0.6	3.23781
0.1	0.61	3.21403
0.1	0.62	3.19474
0.1	0.63	3.17568
0.1	0.64	3.15687
0.1	0.65	3.14291
0.1	0.66	3.13192
0.1	0.67	3.12468
0.1	0.68	3.11971
0.1	0.69	3.11703
0.1	0.7	3.11728
0.1	0.71	3.11894
0.1	0.72	3.12303
0.1	0.73	3.12809
0.1	0.74	3.13414
0.1	0.75	3.1414
0.1	0.76	3.14877
0.1	0.77	3.15693
0.1	0.78	3.16494
0.1	0.79	3.17342
0.1	0.8	3.18185
0.1	0.81	3.19056
0.1	0.82	3.19874
0.1	0.83	3.2075
0.1	0.84	3.21548
0.1	0.85	3.22427
0.1	0.86	3.23205
0.1	0.87	3.24087
0.1	0.88	3.24862
0.1	0.89	3.25744
0.1	0.9	3.26503
0.1	0.91	3.27442
0.1	0.92	3.28432
0.1	0.93	3.30144
0.1	0.94	3.31748
0.1	0.95	3.33698
0.1	0.96	3.34489
0.1	0.97	3.33404
0.1	0.98	3.33404
0.1	0.99	3.33404


0.11	0	2.93148
0.11	0.01	2.93148
0.11	0.02	2.93148
0.11	0.03	2.93493
0.11	0.04	2.91898
0.11	0.05	2.91371
0.11	0.06	2.90057
0.11	0.07	2.89325
0.11	0.08	2.88028
0.11	0.09	2.87177
0.11	0.1	2.85837
0.11	0.11	2.84879
0.11	0.12	2.83496
0.11	0.13	2.82425
0.11	0.14	2.81008
0.11	0.15	2.79819
0.11	0.16	2.78376
0.11	0.17	2.77072
0.11	0.18	2.75603
0.11	0.19	2.74193
0.11	0.2	2.72688
0.11	0.21	2.71184
0.11	0.22	2.69628
0.11	0.23	2.68073
0.11	0.24	2.66467
0.11	0.25	2.64902
0.11	0.26	2.63261
0.11	0.27	2.61699
0.11	0.28	2.6008
0.11	0.29	2.58516
0.11	0.3	2.56972
0.11	0.31	2.5547
0.11	0.32	2.5402
0.11	0.33	2.52737
0.11	0.34	2.51382
0.11	0.35	2.50455
0.11	0.36	2.49336
0.11	0.37	2.48864
0.11	0.38	2.4807
0.11	0.39	2.48253
0.11	0.4	2.48464
0.11	0.41	2.49101
0.11	0.42	2.50235
0.11	0.43	2.5184
0.11	0.44	2.54446
0.11	0.45	2.58558
0.11	0.46	2.64842
0.11	0.47	2.76219
0.11	0.48	2.95029
0.11	0.49	3.09891
0.11	0.5	3.17977
0.11	0.51	3.21271
0.11	0.52	3.25243
0.11	0.53	3.30462
0.11	0.54	3.29092
0.11	0.55	3.31075
0.11	0.56	3.29908
0.11	0.57	3.29647
0.11	0.58	3.27311
0.11	0.59	3.24921
0.11	0.6	3.22701
0.11	0.61	3.20205
0.11	0.62	3.18128
0.11	0.63	3.16059
0.11	0.64	3.14256
0.11	0.65	3.12421
0.11	0.66	3.112
0.11	0.67	3.10214
0.11	0.68	3.09483
0.11	0.69	3.09182
0.11	0.7	3.08996
0.11	0.71	3.09141
0.11	0.72	3.09394
0.11	0.73	3.098
0.11	0.74	3.10338
0.11	0.75	3.10897
0.11	0.76	3.11608
0.11	0.77	3.12321
0.11	0.78	3.13065
0.11	0.79	3.13847
0.11	0.8	3.14616
0.11	0.81	3.15467
0.11	0.82	3.16249
0.11	0.83	3.17085
0.11	0.84	3.17864
0.11	0.85	3.18664
0.11	0.86	3.19439
0.11	0.87	3.20206
0.11	0.88	3.20978
0.11	0.89	3.21814
0.11	0.9	3.2292
0.11	0.91	3.24387
0.11	0.92	3.26154
0.11	0.93	3.2747
0.11	0.94	3.2888
0.11	0.95	3.2903
0.11	0.96	3.30292
0.11	0.97	3.28856
0.11	0.98	3.28856
0.11	0.99	3.28856


0.12	0	2.9095
0.12	0.01	2.9095
0.12	0.02	2.9095
0.12	0.03	2.91566
0.12	0.04	2.89802
0.12	0.05	2.89229
0.12	0.06	2.87841
0.12	0.07	2.87043
0.12	0.08	2.8572
0.12	0.09	2.84801
0.12	0.1	2.83463
0.12	0.11	2.8244
0.12	0.12	2.81076
0.12	0.13	2.79947
0.12	0.14	2.78559
0.12	0.15	2.77327
0.12	0.16	2.75916
0.12	0.17	2.74585
0.12	0.18	2.73146
0.12	0.19	2.71723
0.12	0.2	2.70243
0.12	0.21	2.68751
0.12	0.22	2.67233
0.12	0.23	2.65701
0.12	0.24	2.64165
0.12	0.25	2.62609
0.12	0.26	2.61058
0.12	0.27	2.59531
0.12	0.28	2.57967
0.12	0.29	2.56521
0.12	0.3	2.54976
0.12	0.31	2.53677
0.12	0.32	2.52166
0.12	0.33	2.51119
0.12	0.34	2.49825
0.12	0.35	2.48979
0.12	0.36	2.48139
0.12	0.37	2.47575
0.12	0.38	2.47379
0.12	0.39	2.47525
0.12	0.4	2.48073
0.12	0.41	2.48945
0.12	0.42	2.50349
0.12	0.43	2.52836
0.12	0.44	2.57234
0.12	0.45	2.65824
0.12	0.46	2.85426
0.12	0.47	3.03765
0.12	0.48	3.14604
0.12	0.49	3.14135
0.12	0.5	3.21137
0.12	0.51	3.26436
0.12	0.52	3.28027
0.12	0.53	3.30084
0.12	0.54	3.29588
0.12	0.55	3.32002
0.12	0.56	3.29958
0.12	0.57	3.29121
0.12	0.58	3.26944
0.12	0.59	3.24708
0.12	0.6	3.22441
0.12	0.61	3.19574
0.12	0.62	3.17128
0.12	0.63	3.1491
0.12	0.64	3.12813
0.12	0.65	3.11036
0.12	0.66	3.09642
0.12	0.67	3.08499
0.12	0.68	3.07756
0.12	0.69	3.07112
0.12	0.7	3.06866
0.12	0.71	3.06819
0.12	0.72	3.06928
0.12	0.73	3.07257
0.12	0.74	3.07645
0.12	0.75	3.08213
0.12	0.76	3.08778
0.12	0.77	3.09435
0.12	0.78	3.10109
0.12	0.79	3.10761
0.12	0.8	3.11512
0.12	0.81	3.1227
0.12	0.82	3.13035
0.12	0.83	3.13814
0.12	0.84	3.14528
0.12	0.85	3.15242
0.12	0.86	3.15934
0.12	0.87	3.16751
0.12	0.88	3.17853
0.12	0.89	3.19297
0.12	0.9	3.20884
0.12	0.91	3.22115
0.12	0.92	3.23365
0.12	0.93	3.23603
0.12	0.94	3.24781
0.12	0.95	3.2459
0.12	0.96	3.26364
0.12	0.97	3.24911
0.12	0.98	3.24911
0.12	0.99	3.24911


0.13	0	2.88656
0.13	0.01	2.88656
0.13	0.02	2.88656
0.13	0.03	2.89519
0.13	0.04	2.877
0.13	0.05	2.87055
0.13	0.06	2.8564
0.13	0.07	2.84772
0.13	0.08	2.83451
0.13	0.09	2.82469
0.13	0.1	2.8115
0.13	0.11	2.80071
0.13	0.12	2.78735
0.13	0.13	2.77562
0.13	0.14	2.76207
0.13	0.15	2.74943
0.13	0.16	2.73564
0.13	0.17	2.72214
0.13	0.18	2.70803
0.13	0.19	2.69377
0.13	0.2	2.67927
0.13	0.21	2.66466
0.13	0.22	2.64983
0.13	0.23	2.63507
0.13	0.24	2.61988
0.13	0.25	2.6052
0.13	0.26	2.58973
0.13	0.27	2.57547
0.13	0.28	2.5604
0.13	0.29	2.54639
0.13	0.3	2.53251
0.13	0.31	2.51903
0.13	0.32	2.50692
0.13	0.33	2.49583
0.13	0.34	2.48495
0.13	0.35	2.47812
0.13	0.36	2.46969
0.13	0.37	2.46909
0.13	0.38	2.46799
0.13	0.39	2.47206
0.13	0.4	2.47964
0.13	0.41	2.49225
0.13	0.42	2.51734
0.13	0.43	2.57518
0.13	0.44	2.74335
0.13	0.45	2.97951
0.13	0.46	3.09041
0.13	0.47	3.08894
0.13	0.48	3.17808
0.13	0.49	3.19394
0.13	0.5	3.24075
0.13	0.51	3.25521
0.13	0.52	3.26783
0.13	0.53	3.31213
0.13	0.54	3.3083
0.13	0.55	3.32156
0.13	0.56	3.29706
0.13	0.57	3.29111
0.13	0.58	3.26965
0.13	0.59	3.24351
0.13	0.6	3.21914
0.13	0.61	3.19084
0.13	0.62	3.16774
0.13	0.63	3.14294
0.13	0.64	3.12179
0.13	0.65	3.10003
0.13	0.66	3.08424
0.13	0.67	3.07124
0.13	0.68	3.06233
0.13	0.69	3.05628
0.13	0.7	3.05216
0.13	0.71	3.05013
0.13	0.72	3.05071
0.13	0.73	3.05145
0.13	0.74	3.05474
0.13	0.75	3.05881
0.13	0.76	3.06366
0.13	0.77	3.06927
0.13	0.78	3.07502
0.13	0.79	3.0816
0.13	0.8	3.08785
0.13	0.81	3.09507
0.13	0.82	3.1016
0.13	0.83	3.10789
0.13	0.84	3.11434
0.13	0.85	3.12271
0.13	0.86	3.13421
0.13	0.87	3.14805
0.13	0.88	3.16226
0.13	0.89	3.17302
0.13	0.9	3.18145
0.13	0.91	3.18649
0.13	0.92	3.19579
0.13	0.93	3.19626
0.13	0.94	3.20948
0.13	0.95	3.20827
0.13	0.96	3.22924
0.13	0.97	3.2137
0.13	0.98	3.2137
0.13	0.99	3.2137


0.14	0	2.86332
0.14	0.01	2.86332
0.14	0.02	2.86332
0.14	0.03	2.87384
0.14	0.04	2.85632
0.14	0.05	2.84889
0.14	0.06	2.83483
0.14	0.07	2.82543
0.14	0.08	2.81241
0.14	0.09	2.80203
0.14	0.1	2.78912
0.14	0.11	2.77788
0.14	0.12	2.76484
0.14	0.13	2.75279
0.14	0.14	2.73953
0.14	0.15	2.72669
0.14	0.16	2.71315
0.14	0.17	2.69959
0.14	0.18	2.68568
0.14	0.19	2.67172
0.14	0.2	2.65746
0.14	0.21	2.64327
0.14	0.22	2.62882
0.14	0.23	2.61432
0.14	0.24	2.59989
0.14	0.25	2.58523
0.14	0.26	2.57099
0.14	0.27	2.55691
0.14	0.28	2.54257
0.14	0.29	2.52976
0.14	0.3	2.51572
0.14	0.31	2.50465
0.14	0.32	2.49252
0.14	0.33	2.48287
0.14	0.34	2.47424
0.14	0.35	2.46713
0.14	0.36	2.46392
0.14	0.37	2.46351
0.14	0.38	2.46619
0.14	0.39	2.47187
0.14	0.4	2.48453
0.14	0.41	2.51811
0.14	0.42	2.63899
0.14	0.43	2.9095
0.14	0.44	3.0423
0.14	0.45	3.05418
0.14	0.46	3.1263
0.14	0.47	3.13
0.14	0.48	3.19382
0.14	0.49	3.18143
0.14	0.5	3.2308
0.14	0.51	3.27169
0.14	0.52	3.28617
0.14	0.53	3.31267
0.14	0.54	3.29897
0.14	0.55	3.31835
0.14	0.56	3.30119
0.14	0.57	3.29401
0.14	0.58	3.26929
0.14	0.59	3.24196
0.14	0.6	3.21798
0.14	0.61	3.18725
0.14	0.62	3.16394
0.14	0.63	3.13831
0.14	0.64	3.11643
0.14	0.65	3.09419
0.14	0.66	3.07917
0.14	0.67	3.06308
0.14	0.68	3.05346
0.14	0.69	3.04431
0.14	0.7	3.03901
0.14	0.71	3.03583
0.14	0.72	3.03508
0.14	0.73	3.03571
0.14	0.74	3.03747
0.14	0.75	3.04003
0.14	0.76	3.04433
0.14	0.77	3.04816
0.14	0.78	3.05324
0.14	0.79	3.05833
0.14	0.8	3.06355
0.14	0.81	3.06905
0.14	0.82	3.07568
0.14	0.83	3.08471
0.14	0.84	3.09647
0.14	0.85	3.1095
0.14	0.86	3.12086
0.14	0.87	3.12938
0.14	0.88	3.1358
0.14	0.89	3.14094
0.14	0.9	3.14691
0.14	0.91	3.15075
0.14	0.92	3.1608
0.14	0.93	3.16252
0.14	0.94	3.17709
0.14	0.95	3.17479
0.14	0.96	3.19816
0.14	0.97	3.18126
0.14	0.98	3.18126
0.14	0.99	3.18126


0.15	0	2.84024
0.15	0.01	2.84024
0.15	0.02	2.84024
0.15	0.03	2.85189
0.15	0.04	2.83612
0.15	0.05	2.8276
0.15	0.06	2.81382
0.15	0.07	2.80375
0.15	0.08	2.79101
0.15	0.09	2.78017
0.15	0.1	2.76755
0.15	0.11	2.756
0.15	0.12	2.74324
0.15	0.13	2.73097
0.15	0.14	2.71796
0.15	0.15	2.70502
0.15	0.16	2.6917
0.15	0.17	2.67825
0.15	0.18	2.66463
0.15	0.19	2.65089
0.15	0.2	2.63707
0.15	0.21	2.62317
0.15	0.22	2.609
0.15	0.23	2.59517
0.15	0.24	2.58085
0.15	0.25	2.56717
0.15	0.26	2.55332
0.15	0.27	2.53969
0.15	0.28	2.52681
0.15	0.29	2.5135
0.15	0.3	2.50218
0.15	0.31	2.49058
0.15	0.32	2.48042
0.15	0.33	2.47245
0.15	0.34	2.46411
0.15	0.35	2.46184
0.15	0.36	2.45926
0.15	0.37	2.46195
0.15	0.38	2.46746
0.15	0.39	2.48468
0.15	0.4	2.55969
0.15	0.41	2.82616
0.15	0.42	3.00472
0.15	0.43	3.028
0.15	0.44	3.07311
0.15	0.45	3.08021
0.15	0.46	3.1325
0.15	0.47	3.12118
0.15	0.48	3.19317
0.15	0.49	3.19804
0.15	0.5	3.2436
0.15	0.51	3.26676
0.15	0.52	3.27636
0.15	0.53	3.31319
0.15	0.54	3.30841
0.15	0.55	3.32385
0.15	0.56	3.29793
0.15	0.57	3.28961
0.15	0.58	3.26764
0.15	0.59	3.24279
0.15	0.6	3.21841
0.15	0.61	3.18694
0.15	0.62	3.1622
0.15	0.63	3.13576
0.15	0.64	3.11388
0.15	0.65	3.08986
0.15	0.66	3.07468
0.15	0.67	3.05835
0.15	0.68	3.04782
0.15	0.69	3.03718
0.15	0.7	3.03222
0.15	0.71	3.02592
0.15	0.72	3.02426
0.15	0.73	3.02271
0.15	0.74	3.02365
0.15	0.75	3.02544
0.15	0.76	3.02798
0.15	0.77	3.03092
0.15	0.78	3.03399
0.15	0.79	3.03774
0.15	0.8	3.04431
0.15	0.81	3.05386
0.15	0.82	3.06505
0.15	0.83	3.07635
0.15	0.84	3.08475
0.15	0.85	3.0912
0.15	0.86	3.09609
0.15	0.87	3.10038
0.15	0.88	3.10485
0.15	0.89	3.10952
0.15	0.9	3.1158
0.15	0.91	3.12022
0.15	0.92	3.13131
0.15	0.93	3.13255
0.15	0.94	3.14814
0.15	0.95	3.14481
0.15	0.96	3.17003
0.15	0.97	3.15159
0.15	0.98	3.15159
0.15	0.99	3.15159


0.16	0	2.81758
0.16	0.01	2.81758
0.16	0.02	2.81758
0.16	0.03	2.82958
0.16	0.04	2.81643
0.16	0.05	2.80687
0.16	0.06	2.79345
0.16	0.07	2.78281
0.16	0.08	2.77034
0.16	0.09	2.75917
0.16	0.1	2.74682
0.16	0.11	2.73504
0.16	0.12	2.72251
0.16	0.13	2.71012
0.16	0.14	2.69732
0.16	0.15	2.68442
0.16	0.16	2.6713
0.16	0.17	2.65814
0.16	0.18	2.64475
0.16	0.19	2.63136
0.16	0.2	2.61787
0.16	0.21	2.60417
0.16	0.22	2.59074
0.16	0.23	2.57688
0.16	0.24	2.5636
0.16	0.25	2.55016
0.16	0.26	2.53689
0.16	0.27	2.52442
0.16	0.28	2.51126
0.16	0.29	2.50036
0.16	0.3	2.48864
0.16	0.31	2.47898
0.16	0.32	2.47049
0.16	0.33	2.46296
0.16	0.34	2.45923
0.16	0.35	2.45773
0.16	0.36	2.45923
0.16	0.37	2.4674
0.16	0.38	2.51295
0.16	0.39	2.73395
0.16	0.4	2.97205
0.16	0.41	3.00921
0.16	0.42	3.02631
0.16	0.43	3.04357
0.16	0.44	3.08032
0.16	0.45	3.07794
0.16	0.46	3.13587
0.16	0.47	3.13183
0.16	0.48	3.1986
0.16	0.49	3.19231
0.16	0.5	3.23819
0.16	0.51	3.27172
0.16	0.52	3.28456
0.16	0.53	3.31502
0.16	0.54	3.3028
0.16	0.55	3.32022
0.16	0.56	3.30049
0.16	0.57	3.29341
0.16	0.58	3.26884
0.16	0.59	3.24019
0.16	0.6	3.21587
0.16	0.61	3.18613
0.16	0.62	3.16243
0.16	0.63	3.13573
0.16	0.64	3.11305
0.16	0.65	3.08894
0.16	0.66	3.07185
0.16	0.67	3.05507
0.16	0.68	3.04455
0.16	0.69	3.03264
0.16	0.7	3.02682
0.16	0.71	3.02054
0.16	0.72	3.01801
0.16	0.73	3.01404
0.16	0.74	3.01436
0.16	0.75	3.01256
0.16	0.76	3.01434
0.16	0.77	3.01664
0.16	0.78	3.02361
0.16	0.79	3.03181
0.16	0.8	3.04137
0.16	0.81	3.04908
0.16	0.82	3.05449
0.16	0.83	3.05869
0.16	0.84	3.06215
0.16	0.85	3.06546
0.16	0.86	3.0689
0.16	0.87	3.07306
0.16	0.88	3.07795
0.16	0.89	3.08299
0.16	0.9	3.08994
0.16	0.91	3.09388
0.16	0.92	3.10541
0.16	0.93	3.10601
0.16	0.94	3.12212
0.16	0.95	3.11755
0.16	0.96	3.14436
0.16	0.97	3.12429
0.16	0.98	3.12429
0.16	0.99	3.12429


0.17	0	2.79551
0.17	0.01	2.79551
0.17	0.02	2.79551
0.17	0.03	2.80712
0.17	0.04	2.79714
0.17	0.05	2.78679
0.17	0.06	2.77375
0.17	0.07	2.76264
0.17	0.08	2.75042
0.17	0.09	2.739
0.17	0.1	2.72688
0.17	0.11	2.71497
0.17	0.12	2.70264
0.17	0.13	2.69024
0.17	0.14	2.67764
0.17	0.15	2.6649
0.17	0.16	2.65207
0.17	0.17	2.63909
0.17	0.18	2.62607
0.17	0.19	2.61296
0.17	0.2	2.59969
0.17	0.21	2.58663
0.17	0.22	2.5732
0.17	0.23	2.56032
0.17	0.24	2.54724
0.17	0.25	2.5344
0.17	0.26	2.52221
0.17	0.27	2.50946
0.17	0.28	2.49875
0.17	0.29	2.48704
0.17	0.3	2.47779
0.17	0.31	2.46925
0.17	0.32	2.4617
0.17	0.33	2.45837
0.17	0.34	2.45639
0.17	0.35	2.45994
0.17	0.36	2.48593
0.17	0.37	2.64862
0.17	0.38	2.93652
0.17	0.39	2.99723
0.17	0.4	2.98696
0.17	0.41	3.02717
0.17	0.42	3.04014
0.17	0.43	3.04432
0.17	0.44	3.07886
0.17	0.45	3.08216
0.17	0.46	3.1387
0.17	0.47	3.13012
0.17	0.48	3.1978
0.17	0.49	3.19682
0.17	0.5	3.2423
0.17	0.51	3.27013
0.17	0.52	3.28039
0.17	0.53	3.3144
0.17	0.54	3.30691
0.17	0.55	3.32273
0.17	0.56	3.29918
0.17	0.57	3.29073
0.17	0.58	3.26791
0.17	0.59	3.24232
0.17	0.6	3.21797
0.17	0.61	3.18586
0.17	0.62	3.16082
0.17	0.63	3.13436
0.17	0.64	3.1124
0.17	0.65	3.08875
0.17	0.66	3.07206
0.17	0.67	3.05409
0.17	0.68	3.04286
0.17	0.69	3.03108
0.17	0.7	3.02352
0.17	0.71	3.01574
0.17	0.72	3.01229
0.17	0.73	3.00739
0.17	0.74	3.00782
0.17	0.75	3.00845
0.17	0.76	3.01428
0.17	0.77	3.01986
0.17	0.78	3.02531
0.17	0.79	3.02881
0.17	0.8	3.03135
0.17	0.81	3.03353
0.17	0.82	3.03553
0.17	0.83	3.03763
0.17	0.84	3.04009
0.17	0.85	3.0432
0.17	0.86	3.04678
0.17	0.87	3.05081
0.17	0.88	3.05557
0.17	0.89	3.06026
0.17	0.9	3.06721
0.17	0.91	3.07061
0.17	0.92	3.08234
0.17	0.93	3.08228
0.17	0.94	3.0988
0.17	0.95	3.09314
0.17	0.96	3.12137
0.17	0.97	3.09924
0.17	0.98	3.09924
0.17	0.99	3.09924


0.18	0	2.77412
0.18	0.01	2.77412
0.18	0.02	2.77412
0.18	0.03	2.78473
0.18	0.04	2.77796
0.18	0.05	2.76754
0.18	0.06	2.75476
0.18	0.07	2.74327
0.18	0.08	2.73123
0.18	0.09	2.71965
0.18	0.1	2.7077
0.18	0.11	2.69575
0.18	0.12	2.68359
0.18	0.13	2.67133
0.18	0.14	2.65891
0.18	0.15	2.64646
0.18	0.16	2.63381
0.18	0.17	2.62116
0.18	0.18	2.60841
0.18	0.19	2.59554
0.18	0.2	2.58285
0.18	0.21	2.56978
0.18	0.22	2.55734
0.18	0.23	2.54449
0.18	0.24	2.53215
0.18	0.25	2.52013
0.18	0.26	2.50801
0.18	0.27	2.49737
0.18	0.28	2.4857
0.18	0.29	2.47726
0.18	0.3	2.46713
0.18	0.31	2.46194
0.18	0.32	2.45726
0.18	0.33	2.45799
0.18	0.34	2.47156
0.18	0.35	2.58132
0.18	0.36	2.88637
0.18	0.37	2.9899
0.18	0.38	2.96154
0.18	0.39	3.02521
0.18	0.4	3.01019
0.18	0.41	3.021
0.18	0.42	3.02778
0.18	0.43	3.04699
0.18	0.44	3.08575
0.18	0.45	3.08539
0.18	0.46	3.13815
0.18	0.47	3.1308
0.18	0.48	3.19833
0.18	0.49	3.19581
0.18	0.5	3.24104
0.18	0.51	3.27147
0.18	0.52	3.28285
0.18	0.53	3.31465
0.18	0.54	3.30466
0.18	0.55	3.32161
0.18	0.56	3.30018
0.18	0.57	3.29281
0.18	0.58	3.26907
0.18	0.59	3.24106
0.18	0.6	3.21659
0.18	0.61	3.18647
0.18	0.62	3.16222
0.18	0.63	3.13532
0.18	0.64	3.11202
0.18	0.65	3.08776
0.18	0.66	3.0713
0.18	0.67	3.05377
0.18	0.68	3.04208
0.18	0.69	3.02901
0.18	0.7	3.02156
0.18	0.71	3.0136
0.18	0.72	3.0115
0.18	0.73	3.01128
0.18	0.74	3.01527
0.18	0.75	3.01636
0.18	0.76	3.01881
0.18	0.77	3.01875
0.18	0.78	3.01833
0.18	0.79	3.01751
0.18	0.8	3.01723
0.18	0.81	3.01746
0.18	0.82	3.01851
0.18	0.83	3.02058
0.18	0.84	3.02303
0.18	0.85	3.0259
0.18	0.86	3.02912
0.18	0.87	3.03278
0.18	0.88	3.03679
0.18	0.89	3.04096
0.18	0.9	3.04759
0.18	0.91	3.05017
0.18	0.92	3.06179
0.18	0.93	3.06099
0.18	0.94	3.07783
0.18	0.95	3.07101
0.18	0.96	3.10063
0.18	0.97	3.0764
0.18	0.98	3.0764
0.18	0.99	3.0764


0.19	0	2.75345
0.19	0.01	2.75345
0.19	0.02	2.75345
0.19	0.03	2.76257
0.19	0.04	2.75868
0.19	0.05	2.74906
0.19	0.06	2.73655
0.19	0.07	2.72466
0.19	0.08	2.71273
0.19	0.09	2.70108
0.19	0.1	2.68928
0.19	0.11	2.67741
0.19	0.12	2.66542
0.19	0.13	2.65334
0.19	0.14	2.64119
0.19	0.15	2.62888
0.19	0.16	2.61659
0.19	0.17	2.60415
0.19	0.18	2.59169
0.19	0.19	2.5793
0.19	0.2	2.56671
0.19	0.21	2.55458
0.19	0.22	2.54187
0.19	0.23	2.53033
0.19	0.24	2.51793
0.19	0.25	2.50685
0.19	0.26	2.49576
0.19	0.27	2.48513
0.19	0.28	2.4761
0.19	0.29	2.46665
0.19	0.3	2.46144
0.19	0.31	2.45877
0.19	0.32	2.46548
0.19	0.33	2.53535
0.19	0.34	2.82162
0.19	0.35	2.98076
0.19	0.36	2.95608
0.19	0.37	3.02625
0.19	0.38	2.98474
0.19	0.39	3.00782
0.19	0.4	2.98712
0.19	0.41	3.02911
0.19	0.42	3.0438
0.19	0.43	3.05107
0.19	0.44	3.08029
0.19	0.45	3.08135
0.19	0.46	3.13923
0.19	0.47	3.13286
0.19	0.48	3.19937
0.19	0.49	3.19612
0.19	0.5	3.24096
0.19	0.51	3.27063
0.19	0.52	3.28186
0.19	0.53	3.31511
0.19	0.54	3.30618
0.19	0.55	3.32227
0.19	0.56	3.30003
0.19	0.57	3.29199
0.19	0.58	3.2686
0.19	0.59	3.24238
0.19	0.6	3.21816
0.19	0.61	3.18647
0.19	0.62	3.16166
0.19	0.63	3.13531
0.19	0.64	3.11276
0.19	0.65	3.08828
0.19	0.66	3.07056
0.19	0.67	3.05218
0.19	0.68	3.04071
0.19	0.69	3.02956
0.19	0.7	3.02637
0.19	0.71	3.02407
0.19	0.72	3.02372
0.19	0.73	3.02026
0.19	0.74	3.01915
0.19	0.75	3.01544
0.19	0.76	3.01317
0.19	0.77	3.01027
0.19	0.78	3.00852
0.19	0.79	3.00706
0.19	0.8	3.00682
0.19	0.81	3.0072
0.19	0.82	3.00782
0.19	0.83	3.00864
0.19	0.84	3.0103
0.19	0.85	3.0124
0.19	0.86	3.01455
0.19	0.87	3.01762
0.19	0.88	3.02121
0.19	0.89	3.02496
0.19	0.9	3.03071
0.19	0.91	3.0329
0.19	0.92	3.04397
0.19	0.93	3.04234
0.19	0.94	3.05926
0.19	0.95	3.05106
0.19	0.96	3.08205
0.19	0.97	3.05539
0.19	0.98	3.05539
0.19	0.99	3.05539


0.2	0	2.73354
0.2	0.01	2.73354
0.2	0.02	2.73354
0.2	0.03	2.7408
0.2	0.04	2.73926
0.2	0.05	2.73107
0.2	0.06	2.71913
0.2	0.07	2.70682
0.2	0.08	2.69493
0.2	0.09	2.68328
0.2	0.1	2.67163
0.2	0.11	2.65989
0.2	0.12	2.6481
0.2	0.13	2.63628
0.2	0.14	2.62428
0.2	0.15	2.61233
0.2	0.16	2.60012
0.2	0.17	2.58816
0.2	0.18	2.57589
0.2	0.19	2.56386
0.2	0.2	2.55184
0.2	0.21	2.53978
0.2	0.22	2.52826
0.2	0.23	2.51636
0.2	0.24	2.50578
0.2	0.25	2.4942
0.2	0.26	2.48504
0.2	0.27	2.47374
0.2	0.28	2.46755
0.2	0.29	2.46168
0.2	0.3	2.46475
0.2	0.31	2.50797
0.2	0.32	2.74956
0.2	0.33	2.96556
0.2	0.34	2.96405
0.2	0.35	3.02385
0.2	0.36	2.96432
0.2	0.37	3.00297
0.2	0.38	2.96208
0.2	0.39	3.02326
0.2	0.4	3.01125
0.2	0.41	3.02704
0.2	0.42	3.0307
0.2	0.43	3.04582
0.2	0.44	3.08584
0.2	0.45	3.08686
0.2	0.46	3.13943
0.2	0.47	3.13018
0.2	0.48	3.19738
0.2	0.49	3.19659
0.2	0.5	3.24192
0.2	0.51	3.27166
0.2	0.52	3.28232
0.2	0.53	3.31462
0.2	0.54	3.30559
0.2	0.55	3.32245
0.2	0.56	3.30053
0.2	0.57	3.29284
0.2	0.58	3.26942
0.2	0.59	3.2422
0.2	0.6	3.21773
0.2	0.61	3.18712
0.2	0.62	3.16235
0.2	0.63	3.13502
0.2	0.64	3.11173
0.2	0.65	3.08761
0.2	0.66	3.07151
0.2	0.67	3.05704
0.2	0.68	3.05107
0.2	0.69	3.0421
0.2	0.7	3.03704
0.2	0.71	3.02911
0.2	0.72	3.02518
0.2	0.73	3.01901
0.2	0.74	3.01481
0.2	0.75	3.00968
0.2	0.76	3.00719
0.2	0.77	3.0039
0.2	0.78	3.0025
0.2	0.79	3.00106
0.2	0.8	3.00041
0.2	0.81	3.00018
0.2	0.82	3.00031
0.2	0.83	3.00098
0.2	0.84	3.00159
0.2	0.85	3.00259
0.2	0.86	3.00442
0.2	0.87	3.00569
0.2	0.88	3.00871
0.2	0.89	3.01137
0.2	0.9	3.01651
0.2	0.91	3.01807
0.2	0.92	3.02873
0.2	0.93	3.02637
0.2	0.94	3.04328
0.2	0.95	3.03358
0.2	0.96	3.06581
0.2	0.97	3.03632
0.2	0.98	3.03632
0.2	0.99	3.03632


0.21	0	2.71436
0.21	0.01	2.71436
0.21	0.02	2.71436
0.21	0.03	2.71954
0.21	0.04	2.71977
0.21	0.05	2.71335
0.21	0.06	2.70236
0.21	0.07	2.6898
0.21	0.08	2.67786
0.21	0.09	2.66626
0.21	0.1	2.65474
0.21	0.11	2.64323
0.21	0.12	2.63162
0.21	0.13	2.61996
0.21	0.14	2.60827
0.21	0.15	2.59645
0.21	0.16	2.58474
0.21	0.17	2.5728
0.21	0.18	2.56122
0.21	0.19	2.54921
0.21	0.2	2.53803
0.21	0.21	2.52591
0.21	0.22	2.51549
0.21	0.23	2.50376
0.21	0.24	2.49384
0.21	0.25	2.48327
0.21	0.26	2.4738
0.21	0.27	2.46718
0.21	0.28	2.46706
0.21	0.29	2.493
0.21	0.3	2.68228
0.21	0.31	2.94161
0.21	0.32	2.97378
0.21	0.33	3.01944
0.21	0.34	2.95185
0.21	0.35	2.99968
0.21	0.36	2.95241
0.21	0.37	3.02202
0.21	0.38	2.98635
0.21	0.39	3.01428
0.21	0.4	2.99289
0.21	0.41	3.02662
0.21	0.42	3.04164
0.21	0.43	3.05129
0.21	0.44	3.08188
0.21	0.45	3.0814
0.21	0.46	3.13803
0.21	0.47	3.13315
0.21	0.48	3.19995
0.21	0.49	3.19621
0.21	0.5	3.24053
0.21	0.51	3.27079
0.21	0.52	3.28276
0.21	0.53	3.31563
0.21	0.54	3.30639
0.21	0.55	3.32262
0.21	0.56	3.30052
0.21	0.57	3.29303
0.21	0.58	3.26941
0.21	0.59	3.24267
0.21	0.6	3.21779
0.21	0.61	3.18636
0.21	0.62	3.1618
0.21	0.63	3.13577
0.21	0.64	3.11562
0.21	0.65	3.09697
0.21	0.66	3.08445
0.21	0.67	3.06789
0.21	0.68	3.05738
0.21	0.69	3.04541
0.21	0.7	3.03724
0.21	0.71	3.02704
0.21	0.72	3.02048
0.21	0.73	3.01317
0.21	0.74	3.00992
0.21	0.75	3.0056
0.21	0.76	3.00403
0.21	0.77	3.00121
0.21	0.78	2.99961
0.21	0.79	2.99768
0.21	0.8	2.9966
0.21	0.81	2.99619
0.21	0.82	2.99523
0.21	0.83	2.99548
0.21	0.84	2.99581
0.21	0.85	2.99593
0.21	0.86	2.99668
0.21	0.87	2.99792
0.21	0.88	2.99956
0.21	0.89	3.00099
0.21	0.9	3.00588
0.21	0.91	3.00556
0.21	0.92	3.01608
0.21	0.93	3.01254
0.21	0.94	3.02958
0.21	0.95	3.01839
0.21	0.96	3.05195
0.21	0.97	3.01948
0.21	0.98	3.01948
0.21	0.99	3.01948


0.22	0	2.69592
0.22	0.01	2.69592
0.22	0.02	2.69592
0.22	0.03	2.69881
0.22	0.04	2.7005
0.22	0.05	2.69568
0.22	0.06	2.68606
0.22	0.07	2.67366
0.22	0.08	2.66155
0.22	0.09	2.64997
0.22	0.1	2.63863
0.22	0.11	2.62725
0.22	0.12	2.61592
0.22	0.13	2.60441
0.22	0.14	2.59306
0.22	0.15	2.58135
0.22	0.16	2.57009
0.22	0.17	2.55838
0.22	0.18	2.54712
0.22	0.19	2.53575
0.22	0.2	2.52456
0.22	0.21	2.51375
0.22	0.22	2.50274
0.22	0.23	2.49282
0.22	0.24	2.48149
0.22	0.25	2.47482
0.22	0.26	2.47009
0.22	0.27	2.48576
0.22	0.28	2.62405
0.22	0.29	2.9106
0.22	0.3	2.98097
0.22	0.31	3.016
0.22	0.32	2.94227
0.22	0.33	2.99782
0.22	0.34	2.95472
0.22	0.35	3.01913
0.22	0.36	2.96935
0.22	0.37	3.00955
0.22	0.38	2.96715
0.22	0.39	3.01958
0.22	0.4	3.00708
0.22	0.41	3.02855
0.22	0.42	3.03375
0.22	0.43	3.04642
0.22	0.44	3.08377
0.22	0.45	3.08591
0.22	0.46	3.13986
0.22	0.47	3.13042
0.22	0.48	3.19703
0.22	0.49	3.19672
0.22	0.5	3.24224
0.22	0.51	3.27201
0.22	0.52	3.28247
0.22	0.53	3.315
0.22	0.54	3.30639
0.22	0.55	3.3231
0.22	0.56	3.30108
0.22	0.57	3.29293
0.22	0.58	3.269
0.22	0.59	3.24222
0.22	0.6	3.21825
0.22	0.61	3.18963
0.22	0.62	3.17039
0.22	0.63	3.1472
0.22	0.64	3.12717
0.22	0.65	3.10514
0.22	0.66	3.08611
0.22	0.67	3.07013
0.22	0.68	3.05602
0.22	0.69	3.04151
0.22	0.7	3.032
0.22	0.71	3.02276
0.22	0.72	3.01692
0.22	0.73	3.01093
0.22	0.74	3.00809
0.22	0.75	3.00343
0.22	0.76	3.00145
0.22	0.77	2.9988
0.22	0.78	2.99769
0.22	0.79	2.99616
0.22	0.8	2.9949
0.22	0.81	2.9939
0.22	0.82	2.99301
0.22	0.83	2.99217
0.22	0.84	2.99178
0.22	0.85	2.9918
0.22	0.86	2.99154
0.22	0.87	2.9919
0.22	0.88	2.99338
0.22	0.89	2.99379
0.22	0.9	2.99756
0.22	0.91	2.9972
0.22	0.92	3.00626
0.22	0.93	3.00161
0.22	0.94	3.01846
0.22	0.95	3.00531
0.22	0.96	3.04019
0.22	0.97	3.00463
0.22	0.98	3.00463
0.22	0.99	3.00463


0.23	0	2.67821
0.23	0.01	2.67821
0.23	0.02	2.67821
0.23	0.03	2.67877
0.23	0.04	2.68154
0.23	0.05	2.67805
0.23	0.06	2.67007
0.23	0.07	2.65834
0.23	0.08	2.64604
0.23	0.09	2.63438
0.23	0.1	2.62323
0.23	0.11	2.612
0.23	0.12	2.60085
0.23	0.13	2.58966
0.23	0.14	2.5784
0.23	0.15	2.56726
0.23	0.16	2.55595
0.23	0.17	2.54502
0.23	0.18	2.53368
0.23	0.19	2.52323
0.23	0.2	2.5119
0.23	0.21	2.50205
0.23	0.22	2.49027
0.23	0.23	2.48239
0.23	0.24	2.47532
0.23	0.25	2.48488
0.23	0.26	2.57788
0.23	0.27	2.86955
0.23	0.28	2.98546
0.23	0.29	3.01089
0.23	0.3	2.93728
0.23	0.31	2.99908
0.23	0.32	2.95965
0.23	0.33	3.01539
0.23	0.34	2.96057
0.23	0.35	3.00515
0.23	0.36	2.95484
0.23	0.37	3.01792
0.23	0.38	2.98236
0.23	0.39	3.01732
0.23	0.4	2.99712
0.23	0.41	3.02633
0.23	0.42	3.03847
0.23	0.43	3.05028
0.23	0.44	3.08344
0.23	0.45	3.08246
0.23	0.46	3.13756
0.23	0.47	3.13263
0.23	0.48	3.19969
0.23	0.49	3.19647
0.23	0.5	3.24061
0.23	0.51	3.27117
0.23	0.52	3.28319
0.23	0.53	3.31589
0.23	0.54	3.30639
0.23	0.55	3.32233
0.23	0.56	3.30046
0.23	0.57	3.29339
0.23	0.58	3.27189
0.23	0.59	3.24985
0.23	0.6	3.22995
0.23	0.61	3.20069
0.23	0.62	3.17707
0.23	0.63	3.15311
0.23	0.64	3.128
0.23	0.65	3.10413
0.23	0.66	3.08318
0.23	0.67	3.06561
0.23	0.68	3.051
0.23	0.69	3.03786
0.23	0.7	3.02943
0.23	0.71	3.02089
0.23	0.72	3.01527
0.23	0.73	3.00907
0.23	0.74	3.00634
0.23	0.75	3.00226
0.23	0.76	3.00079
0.23	0.77	2.99809
0.23	0.78	2.99642
0.23	0.79	2.99456
0.23	0.8	2.99333
0.23	0.81	2.99261
0.23	0.82	2.99168
0.23	0.83	2.99099
0.23	0.84	2.98991
0.23	0.85	2.98919
0.23	0.86	2.98898
0.23	0.87	2.9881
0.23	0.88	2.98893
0.23	0.89	2.98923
0.23	0.9	2.99199
0.23	0.91	2.99055
0.23	0.92	2.9994
0.23	0.93	2.99376
0.23	0.94	3.01014
0.23	0.95	2.99534
0.23	0.96	3.03092
0.23	0.97	2.99182
0.23	0.98	2.99182
0.23	0.99	2.99182


0.24	0	2.66115
0.24	0.01	2.66115
0.24	0.02	2.66115
0.24	0.03	2.65967
0.24	0.04	2.66281
0.24	0.05	2.66052
0.24	0.06	2.65427
0.24	0.07	2.64364
0.24	0.08	2.63136
0.24	0.09	2.61957
0.24	0.1	2.60847
0.24	0.11	2.5975
0.24	0.12	2.58644
0.24	0.13	2.57562
0.24	0.14	2.56447
0.24	0.15	2.55382
0.24	0.16	2.54261
0.24	0.17	2.53229
0.24	0.18	2.52104
0.24	0.19	2.51114
0.24	0.2	2.49935
0.24	0.21	2.4905
0.24	0.22	2.48177
0.24	0.23	2.48729
0.24	0.24	2.5461
0.24	0.25	2.82145
0.24	0.26	2.98327
0.24	0.27	3.00547
0.24	0.28	2.9363
0.24	0.29	3.00127
0.24	0.3	2.96551
0.24	0.31	3.01212
0.24	0.32	2.95484
0.24	0.33	3.00194
0.24	0.34	2.95321
0.24	0.35	3.01522
0.24	0.36	2.96797
0.24	0.37	3.01254
0.24	0.38	2.97187
0.24	0.39	3.01774
0.24	0.4	3.00391
0.24	0.41	3.02845
0.24	0.42	3.03642
0.24	0.43	3.04747
0.24	0.44	3.08276
0.24	0.45	3.08509
0.24	0.46	3.13999
0.24	0.47	3.13134
0.24	0.48	3.19751
0.24	0.49	3.19679
0.24	0.5	3.24198
0.24	0.51	3.27158
0.24	0.52	3.28219
0.24	0.53	3.31468
0.24	0.54	3.30655
0.24	0.55	3.3248
0.24	0.56	3.30725
0.24	0.57	3.30351
0.24	0.58	3.28315
0.24	0.59	3.25896
0.24	0.6	3.23317
0.24	0.61	3.20422
0.24	0.62	3.17785
0.24	0.63	3.14962
0.24	0.64	3.12317
0.24	0.65	3.09941
0.24	0.66	3.07993
0.24	0.67	3.06218
0.24	0.68	3.04843
0.24	0.69	3.03631
0.24	0.7	3.02783
0.24	0.71	3.01923
0.24	0.72	3.01383
0.24	0.73	3.00828
0.24	0.74	3.00586
0.24	0.75	3.00163
0.24	0.76	2.99986
0.24	0.77	2.9972
0.24	0.78	2.99593
0.24	0.79	2.99439
0.24	0.8	2.99293
0.24	0.81	2.99173
0.24	0.82	2.99041
0.24	0.83	2.98975
0.24	0.84	2.98893
0.24	0.85	2.98812
0.24	0.86	2.9876
0.24	0.87	2.98696
0.24	0.88	2.98653
0.24	0.89	2.98604
0.24	0.9	2.98879
0.24	0.91	2.9864
0.24	0.92	2.99428
0.24	0.93	2.98811
0.24	0.94	3.00419
0.24	0.95	2.98786
0.24	0.96	3.02434
0.24	0.97	2.98196
0.24	0.98	2.98196
0.24	0.99	2.98196


0.25	0	2.64477
0.25	0.01	2.64477
0.25	0.02	2.64477
0.25	0.03	2.64142
0.25	0.04	2.64454
0.25	0.05	2.64311
0.25	0.06	2.63854
0.25	0.07	2.62933
0.25	0.08	2.61752
0.25	0.09	2.60554
0.25	0.1	2.59438
0.25	0.11	2.58366
0.25	0.12	2.5727
0.25	0.13	2.56223
0.25	0.14	2.55123
0.25	0.15	2.54102
0.25	0.16	2.52995
0.25	0.17	2.52002
0.25	0.18	2.5084
0.25	0.19	2.49899
0.25	0.2	2.48892
0.25	0.21	2.49175
0.25	0.22	2.52791
0.25	0.23	2.76725
0.25	0.24	2.97374
0.25	0.25	3.00355
0.25	0.26	2.93609
0.25	0.27	3.0051
0.25	0.28	2.97046
0.25	0.29	3.00912
0.25	0.3	2.95074
0.25	0.31	3.00103
0.25	0.32	2.95517
0.25	0.33	3.01211
0.25	0.34	2.96232
0.25	0.35	3.00828
0.25	0.36	2.95803
0.25	0.37	3.01557
0.25	0.38	2.97958
0.25	0.39	3.01837
0.25	0.4	3.00018
0.25	0.41	3.02676
0.25	0.42	3.03723
0.25	0.43	3.04986
0.25	0.44	3.08437
0.25	0.45	3.08373
0.25	0.46	3.13798
0.25	0.47	3.13239
0.25	0.48	3.19901
0.25	0.49	3.19642
0.25	0.5	3.24062
0.25	0.51	3.27139
0.25	0.52	3.28415
0.25	0.53	3.32046
0.25	0.54	3.31634
0.25	0.55	3.33547
0.25	0.56	3.31569
0.25	0.57	3.31034
0.25	0.58	3.2855
0.25	0.59	3.25894
0.25	0.6	3.232
0.25	0.61	3.19989
0.25	0.62	3.17241
0.25	0.63	3.14481
0.25	0.64	3.12087
0.25	0.65	3.09716
0.25	0.66	3.07736
0.25	0.67	3.06016
0.25	0.68	3.04732
0.25	0.69	3.03499
0.25	0.7	3.02651
0.25	0.71	3.01829
0.25	0.72	3.01334
0.25	0.73	3.00762
0.25	0.74	3.00502
0.25	0.75	3.001
0.25	0.76	2.99966
0.25	0.77	2.99716
0.25	0.78	2.99567
0.25	0.79	2.99381
0.25	0.8	2.99247
0.25	0.81	2.99159
0.25	0.82	2.99044
0.25	0.83	2.98946
0.25	0.84	2.98838
0.25	0.85	2.98731
0.25	0.86	2.98649
0.25	0.87	2.98583
0.25	0.88	2.98594
0.25	0.89	2.98483
0.25	0.9	2.98682
0.25	0.91	2.9843
0.25	0.92	2.99152
0.25	0.93	2.98437
0.25	0.94	3.00029
0.25	0.95	2.98242
0.25	0.96	3.0196
0.25	0.97	2.97455
0.25	0.98	2.97455
0.25	0.99	2.97455


0.26	0	2.62906
0.26	0.01	2.62906
0.26	0.02	2.62906
0.26	0.03	2.624
0.26	0.04	2.62684
0.26	0.05	2.62595
0.26	0.06	2.6228
0.26	0.07	2.61523
0.26	0.08	2.6043
0.26	0.09	2.59229
0.26	0.1	2.58094
0.26	0.11	2.57046
0.26	0.12	2.55963
0.26	0.13	2.54949
0.26	0.14	2.53863
0.26	0.15	2.52868
0.26	0.16	2.51732
0.26	0.17	2.50757
0.26	0.18	2.49654
0.26	0.19	2.49747
0.26	0.2	2.51954
0.26	0.21	2.71057
0.26	0.22	2.96025
0.26	0.23	3.00129
0.26	0.24	2.93799
0.26	0.25	3.0106
0.26	0.26	2.97318
0.26	0.27	3.00587
0.26	0.28	2.94855
0.26	0.29	3.00135
0.26	0.3	2.95874
0.26	0.31	3.0101
0.26	0.32	2.95906
0.26	0.33	3.00451
0.26	0.34	2.95443
0.26	0.35	3.01277
0.26	0.36	2.96617
0.26	0.37	3.01458
0.26	0.38	2.97477
0.26	0.39	3.01771
0.26	0.4	3.00264
0.26	0.41	3.02869
0.26	0.42	3.03774
0.26	0.43	3.04862
0.26	0.44	3.08289
0.26	0.45	3.0848
0.26	0.46	3.13944
0.26	0.47	3.13182
0.26	0.48	3.19805
0.26	0.49	3.19796
0.26	0.5	3.2454
0.26	0.51	3.27994
0.26	0.52	3.29563
0.26	0.53	3.32987
0.26	0.54	3.32159
0.26	0.55	3.34007
0.26	0.56	3.31729
0.26	0.57	3.30827
0.26	0.58	3.28166
0.26	0.59	3.2543
0.26	0.6	3.22751
0.26	0.61	3.19576
0.26	0.62	3.1697
0.26	0.63	3.14311
0.26	0.64	3.11858
0.26	0.65	3.09484
0.26	0.66	3.07589
0.26	0.67	3.05966
0.26	0.68	3.04642
0.26	0.69	3.03395
0.26	0.7	3.02572
0.26	0.71	3.01788
0.26	0.72	3.01271
0.26	0.73	3.00703
0.26	0.74	3.00466
0.26	0.75	3.00087
0.26	0.76	2.99931
0.26	0.77	2.99674
0.26	0.78	2.99544
0.26	0.79	2.99392
0.26	0.8	2.99267
0.26	0.81	2.99157
0.26	0.82	2.99024
0.26	0.83	2.98932
0.26	0.84	2.98838
0.26	0.85	2.98738
0.26	0.86	2.98644
0.26	0.87	2.9851
0.26	0.88	2.98507
0.26	0.89	2.98413
0.26	0.9	2.98588
0.26	0.91	2.98307
0.26	0.92	2.99031
0.26	0.93	2.98274
0.26	0.94	2.99812
0.26	0.95	2.97925
0.26	0.96	3.01672
0.26	0.97	2.96919
0.26	0.98	2.96919
0.26	0.99	2.96919


0.27	0	2.61401
0.27	0.01	2.61401
0.27	0.02	2.61401
0.27	0.03	2.60741
0.27	0.04	2.60975
0.27	0.05	2.60913
0.27	0.06	2.60711
0.27	0.07	2.60122
0.27	0.08	2.59149
0.27	0.09	2.57986
0.27	0.1	2.56815
0.27	0.11	2.55785
0.27	0.12	2.54711
0.27	0.13	2.53715
0.27	0.14	2.52606
0.27	0.15	2.51611
0.27	0.16	2.50461
0.27	0.17	2.50384
0.27	0.18	2.51602
0.27	0.19	2.66236
0.27	0.2	2.93835
0.27	0.21	2.99815
0.27	0.22	2.94269
0.27	0.23	3.01453
0.27	0.24	2.97522
0.27	0.25	3.00277
0.27	0.26	2.94755
0.27	0.27	3.00193
0.27	0.28	2.96328
0.27	0.29	3.00824
0.27	0.3	2.95712
0.27	0.31	3.00279
0.27	0.32	2.9544
0.27	0.33	3.00987
0.27	0.34	2.96195
0.27	0.35	3.01028
0.27	0.36	2.96088
0.27	0.37	3.01489
0.27	0.38	2.97855
0.27	0.39	3.01911
0.27	0.4	3.00191
0.27	0.41	3.02755
0.27	0.42	3.03711
0.27	0.43	3.04964
0.27	0.44	3.08427
0.27	0.45	3.08455
0.27	0.46	3.1394
0.27	0.47	3.13536
0.27	0.48	3.20632
0.27	0.49	3.20802
0.27	0.5	3.25551
0.27	0.51	3.28766
0.27	0.52	3.29886
0.27	0.53	3.33192
0.27	0.54	3.32264
0.27	0.55	3.33665
0.27	0.56	3.3122
0.27	0.57	3.30318
0.27	0.58	3.27864
0.27	0.59	3.25113
0.27	0.6	3.22451
0.27	0.61	3.19363
0.27	0.62	3.16803
0.27	0.63	3.14117
0.27	0.64	3.11701
0.27	0.65	3.09402
0.27	0.66	3.07532
0.27	0.67	3.05849
0.27	0.68	3.04531
0.27	0.69	3.03343
0.27	0.7	3.02562
0.27	0.71	3.01749
0.27	0.72	3.01225
0.27	0.73	3.00671
0.27	0.74	3.00448
0.27	0.75	3.00058
0.27	0.76	2.99909
0.27	0.77	2.99675
0.27	0.78	2.99553
0.27	0.79	2.99385
0.27	0.8	2.99254
0.27	0.81	2.99167
0.27	0.82	2.99049
0.27	0.83	2.98962
0.27	0.84	2.98839
0.27	0.85	2.98724
0.27	0.86	2.98645
0.27	0.87	2.98528
0.27	0.88	2.98493
0.27	0.89	2.98371
0.27	0.9	2.98557
0.27	0.91	2.98241
0.27	0.92	2.9894
0.27	0.93	2.98168
0.27	0.94	2.99718
0.27	0.95	2.97767
0.27	0.96	3.01545
0.27	0.97	2.96607
0.27	0.98	2.96607
0.27	0.99	2.96607


0.28	0	2.59958
0.28	0.01	2.59958
0.28	0.02	2.59958
0.28	0.03	2.59163
0.28	0.04	2.59333
0.28	0.05	2.59275
0.28	0.06	2.59154
0.28	0.07	2.58722
0.28	0.08	2.57892
0.28	0.09	2.56808
0.28	0.1	2.55608
0.28	0.11	2.54568
0.28	0.12	2.53463
0.28	0.13	2.52454
0.28	0.14	2.51282
0.28	0.15	2.5106
0.28	0.16	2.51607
0.28	0.17	2.62434
0.28	0.18	2.90828
0.28	0.19	2.9939
0.28	0.2	2.9499
0.28	0.21	3.01795
0.28	0.22	2.97515
0.28	0.23	3.00007
0.28	0.24	2.94731
0.28	0.25	3.00442
0.28	0.26	2.96663
0.28	0.27	3.0063
0.28	0.28	2.95623
0.28	0.29	3.00192
0.28	0.3	2.95631
0.28	0.31	3.00834
0.28	0.32	2.96014
0.28	0.33	3.00653
0.28	0.34	2.95662
0.28	0.35	3.01187
0.28	0.36	2.96529
0.28	0.37	3.01558
0.28	0.38	2.97675
0.28	0.39	3.01799
0.28	0.4	3.00238
0.28	0.41	3.02852
0.28	0.42	3.03843
0.28	0.43	3.05007
0.28	0.44	3.08599
0.28	0.45	3.09127
0.28	0.46	3.14976
0.28	0.47	3.14587
0.28	0.48	3.21274
0.28	0.49	3.21355
0.28	0.5	3.25765
0.28	0.51	3.28791
0.28	0.52	3.29785
0.28	0.53	3.32804
0.28	0.54	3.31792
0.28	0.55	3.33202
0.28	0.56	3.30992
0.28	0.57	3.30108
0.28	0.58	3.27586
0.28	0.59	3.2486
0.28	0.6	3.22291
0.28	0.61	3.1925
0.28	0.62	3.1666
0.28	0.63	3.1399
0.28	0.64	3.11614
0.28	0.65	3.09319
0.28	0.66	3.07434
0.28	0.67	3.0578
0.28	0.68	3.0451
0.28	0.69	3.03313
0.28	0.7	3.02496
0.28	0.71	3.01697
0.28	0.72	3.01211
0.28	0.73	3.00678
0.28	0.74	3.0044
0.28	0.75	3.00051
0.28	0.76	2.99913
0.28	0.77	2.99672
0.28	0.78	2.99548
0.28	0.79	2.99391
0.28	0.8	2.99272
0.28	0.81	2.99179
0.28	0.82	2.99048
0.28	0.83	2.98967
0.28	0.84	2.9886
0.28	0.85	2.98751
0.28	0.86	2.98662
0.28	0.87	2.98535
0.28	0.88	2.98508
0.28	0.89	2.98381
0.28	0.9	2.98547
0.28	0.91	2.98234
0.28	0.92	2.98911
0.28	0.93	2.98113
0.28	0.94	2.99657
0.28	0.95	2.97669
0.28	0.96	3.01471
0.28	0.97	2.9645
0.28	0.98	2.9645
0.28	0.99	2.9645


0.29	0	2.58573
0.29	0.01	2.58573
0.29	0.02	2.58573
0.29	0.03	2.57663
0.29	0.04	2.5776
0.29	0.05	2.57688
0.29	0.06	2.57617
0.29	0.07	2.57319
0.29	0.08	2.56638
0.29	0.09	2.55653
0.29	0.1	2.5443
0.29	0.11	2.53336
0.29	0.12	2.52116
0.29	0.13	2.51761
0.29	0.14	2.51866
0.29	0.15	2.59695
0.29	0.16	2.87123
0.29	0.17	2.98943
0.29	0.18	2.95809
0.29	0.19	3.02027
0.29	0.2	2.97315
0.29	0.21	2.99871
0.29	0.22	2.9475
0.29	0.23	3.00757
0.29	0.24	2.96871
0.29	0.25	3.00584
0.29	0.26	2.95511
0.29	0.27	3.00164
0.29	0.28	2.95927
0.29	0.29	3.00717
0.29	0.3	2.95955
0.29	0.31	3.0045
0.29	0.32	2.95563
0.29	0.33	3.00891
0.29	0.34	2.96124
0.29	0.35	3.01156
0.29	0.36	2.96279
0.29	0.37	3.01475
0.29	0.38	2.97816
0.29	0.39	3.01922
0.29	0.4	3.00362
0.29	0.41	3.03041
0.29	0.42	3.04287
0.29	0.43	3.059
0.29	0.44	3.09628
0.29	0.45	3.10044
0.29	0.46	3.15299
0.29	0.47	3.14934
0.29	0.48	3.21385
0.29	0.49	3.21261
0.29	0.5	3.25488
0.29	0.51	3.28395
0.29	0.52	3.29437
0.29	0.53	3.32441
0.29	0.54	3.31558
0.29	0.55	3.33031
0.29	0.56	3.30771
0.29	0.57	3.29881
0.29	0.58	3.27435
0.29	0.59	3.24798
0.29	0.6	3.22198
0.29	0.61	3.19107
0.29	0.62	3.16536
0.29	0.63	3.13922
0.29	0.64	3.1156
0.29	0.65	3.09248
0.29	0.66	3.0737
0.29	0.67	3.05739
0.29	0.68	3.04459
0.29	0.69	3.03264
0.29	0.7	3.02473
0.29	0.71	3.017
0.29	0.72	3.012
0.29	0.73	3.00652
0.29	0.74	3.00428
0.29	0.75	3.00061
0.29	0.76	2.99928
0.29	0.77	2.99686
0.29	0.78	2.99559
0.29	0.79	2.99399
0.29	0.8	2.99274
0.29	0.81	2.99188
0.29	0.82	2.99061
0.29	0.83	2.98983
0.29	0.84	2.98875
0.29	0.85	2.98768
0.29	0.86	2.98679
0.29	0.87	2.98558
0.29	0.88	2.98531
0.29	0.89	2.98398
0.29	0.9	2.98558
0.29	0.91	2.9824
0.29	0.92	2.98913
0.29	0.93	2.98117
0.29	0.94	2.99639
0.29	0.95	2.97639
0.29	0.96	3.01425
0.29	0.97	2.96351
0.29	0.98	2.96351
0.29	0.99	2.96351


0.3	0	2.57244
0.3	0.01	2.57244
0.3	0.02	2.57244
0.3	0.03	2.56236
0.3	0.04	2.56258
0.3	0.05	2.56152
0.3	0.06	2.56107
0.3	0.07	2.55901
0.3	0.08	2.55334
0.3	0.09	2.54442
0.3	0.1	2.53155
0.3	0.11	2.52557
0.3	0.12	2.5231
0.3	0.13	2.57984
0.3	0.14	2.82912
0.3	0.15	2.98406
0.3	0.16	2.96634
0.3	0.17	3.02226
0.3	0.18	2.9696
0.3	0.19	2.99803
0.3	0.2	2.94915
0.3	0.21	3.01031
0.3	0.22	2.97032
0.3	0.23	3.00502
0.3	0.24	2.9545
0.3	0.25	3.00297
0.3	0.26	2.96184
0.3	0.27	3.00612
0.3	0.28	2.95979
0.3	0.29	3.00328
0.3	0.3	2.95644
0.3	0.31	3.00731
0.3	0.32	2.95996
0.3	0.33	3.00763
0.3	0.34	2.95842
0.3	0.35	3.01131
0.3	0.36	2.96494
0.3	0.37	3.01642
0.3	0.38	2.97966
0.3	0.39	3.02319
0.3	0.4	3.01093
0.3	0.41	3.03975
0.3	0.42	3.05168
0.3	0.43	3.06554
0.3	0.44	3.09817
0.3	0.45	3.10083
0.3	0.46	3.15371
0.3	0.47	3.14805
0.3	0.48	3.20976
0.3	0.49	3.2085
0.3	0.5	3.25237
0.3	0.51	3.28143
0.3	0.52	3.2923
0.3	0.53	3.32272
0.3	0.54	3.31413
0.3	0.55	3.32853
0.3	0.56	3.30634
0.3	0.57	3.29803
0.3	0.58	3.27367
0.3	0.59	3.24676
0.3	0.6	3.2208
0.3	0.61	3.19049
0.3	0.62	3.16522
0.3	0.63	3.13873
0.3	0.64	3.11478
0.3	0.65	3.0918
0.3	0.66	3.07339
0.3	0.67	3.05715
0.3	0.68	3.04428
0.3	0.69	3.0324
0.3	0.7	3.02458
0.3	0.71	3.01676
0.3	0.72	3.01183
0.3	0.73	3.00656
0.3	0.74	3.00439
0.3	0.75	3.00059
0.3	0.76	2.99922
0.3	0.77	2.99688
0.3	0.78	2.99572
0.3	0.79	2.99418
0.3	0.8	2.99292
0.3	0.81	2.99205
0.3	0.82	2.99077
0.3	0.83	2.98998
0.3	0.84	2.98886
0.3	0.85	2.98782
0.3	0.86	2.98695
0.3	0.87	2.98574
0.3	0.88	2.98542
0.3	0.89	2.98419
0.3	0.9	2.98585
0.3	0.91	2.98266
0.3	0.92	2.9893
0.3	0.93	2.9813
0.3	0.94	2.99641
0.3	0.95	2.97642
0.3	0.96	3.01414
0.3	0.97	2.96318
0.3	0.98	2.96318
0.3	0.99	2.96318


0.31	0	2.5597
0.31	0.01	2.5597
0.31	0.02	2.5597
0.31	0.03	2.54882
0.31	0.04	2.54824
0.31	0.05	2.54645
0.31	0.06	2.54592
0.31	0.07	2.54419
0.31	0.08	2.53875
0.31	0.09	2.53512
0.31	0.1	2.5312
0.31	0.11	2.57119
0.31	0.12	2.7883
0.31	0.13	2.97538
0.31	0.14	2.97475
0.31	0.15	3.02365
0.31	0.16	2.96508
0.31	0.17	2.99816
0.31	0.18	2.95223
0.31	0.19	3.01242
0.31	0.2	2.97155
0.31	0.21	3.00379
0.31	0.22	2.95456
0.31	0.23	3.00424
0.31	0.24	2.9642
0.31	0.25	3.00631
0.31	0.26	2.95974
0.31	0.27	3.00249
0.31	0.28	2.95844
0.31	0.29	3.00624
0.31	0.3	2.96006
0.31	0.31	3.00543
0.31	0.32	2.95716
0.31	0.33	3.00825
0.31	0.34	2.96126
0.31	0.35	3.01351
0.31	0.36	2.9681
0.31	0.37	3.02241
0.31	0.38	2.98877
0.31	0.39	3.03161
0.31	0.4	3.01678
0.31	0.41	3.04389
0.31	0.42	3.0524
0.31	0.43	3.06473
0.31	0.44	3.09755
0.31	0.45	3.09877
0.31	0.46	3.14949
0.31	0.47	3.14446
0.31	0.48	3.20718
0.31	0.49	3.20705
0.31	0.5	3.25085
0.31	0.51	3.27975
0.31	0.52	3.291
0.31	0.53	3.32149
0.31	0.54	3.31307
0.31	0.55	3.32767
0.31	0.56	3.30579
0.31	0.57	3.29725
0.31	0.58	3.27275
0.31	0.59	3.24614
0.31	0.6	3.2206
0.31	0.61	3.19014
0.31	0.62	3.16451
0.31	0.63	3.13817
0.31	0.64	3.11464
0.31	0.65	3.09184
0.31	0.66	3.07316
0.31	0.67	3.05675
0.31	0.68	3.044
0.31	0.69	3.03233
0.31	0.7	3.0245
0.31	0.71	3.01669
0.31	0.72	3.0118
0.31	0.73	3.00646
0.31	0.74	3.00428
0.31	0.75	3.00059
0.31	0.76	2.99928
0.31	0.77	2.99698
0.31	0.78	2.99578
0.31	0.79	2.99423
0.31	0.8	2.99305
0.31	0.81	2.99222
0.31	0.82	2.99095
0.31	0.83	2.99018
0.31	0.84	2.98903
0.31	0.85	2.98795
0.31	0.86	2.98709
0.31	0.87	2.98592
0.31	0.88	2.98561
0.31	0.89	2.98437
0.31	0.9	2.98601
0.31	0.91	2.98283
0.31	0.92	2.98948
0.31	0.93	2.98151
0.31	0.94	2.99659
0.31	0.95	2.97661
0.31	0.96	3.01417
0.31	0.97	2.96317
0.31	0.98	2.96317
0.31	0.99	2.96317


0.32	0	2.54756
0.32	0.01	2.54756
0.32	0.02	2.54756
0.32	0.03	2.53597
0.32	0.04	2.53396
0.32	0.05	2.53134
0.32	0.06	2.52969
0.32	0.07	2.53142
0.32	0.08	2.53441
0.32	0.09	2.5679
0.32	0.1	2.75457
0.32	0.11	2.96414
0.32	0.12	2.98296
0.32	0.13	3.02421
0.32	0.14	2.96046
0.32	0.15	2.99888
0.32	0.16	2.95618
0.32	0.17	3.01435
0.32	0.18	2.97172
0.32	0.19	3.00326
0.32	0.2	2.95487
0.32	0.21	3.00597
0.32	0.22	2.96611
0.32	0.23	3.00635
0.32	0.24	2.95955
0.32	0.25	3.00315
0.32	0.26	2.96019
0.32	0.27	3.00533
0.32	0.28	2.96106
0.32	0.29	3.0041
0.32	0.3	2.95775
0.32	0.31	3.00699
0.32	0.32	2.96093
0.32	0.33	3.01164
0.32	0.34	2.96695
0.32	0.35	3.02051
0.32	0.36	2.97627
0.32	0.37	3.02975
0.32	0.38	2.9924
0.32	0.39	3.03324
0.32	0.4	3.0168
0.32	0.41	3.04224
0.32	0.42	3.05023
0.32	0.43	3.06196
0.32	0.44	3.09403
0.32	0.45	3.09558
0.32	0.46	3.14737
0.32	0.47	3.14344
0.32	0.48	3.20595
0.32	0.49	3.20536
0.32	0.5	3.24928
0.32	0.51	3.27883
0.32	0.52	3.29064
0.32	0.53	3.32083
0.32	0.54	3.31239
0.32	0.55	3.32701
0.32	0.56	3.30516
0.32	0.57	3.29676
0.32	0.58	3.27248
0.32	0.59	3.24595
0.32	0.6	3.22015
0.32	0.61	3.18972
0.32	0.62	3.16436
0.32	0.63	3.13822
0.32	0.64	3.11448
0.32	0.65	3.09154
0.32	0.66	3.07302
0.32	0.67	3.05684
0.32	0.68	3.0441
0.32	0.69	3.03221
0.32	0.7	3.02434
0.32	0.71	3.01658
0.32	0.72	3.01175
0.32	0.73	3.00644
0.32	0.74	3.00428
0.32	0.75	3.00058
0.32	0.76	2.99928
0.32	0.77	2.99697
0.32	0.78	2.99585
0.32	0.79	2.99433
0.32	0.8	2.99312
0.32	0.81	2.99227
0.32	0.82	2.99105
0.32	0.83	2.99029
0.32	0.84	2.98923
0.32	0.85	2.98818
0.32	0.86	2.9873
0.32	0.87	2.9861
0.32	0.88	2.98576
0.32	0.89	2.9845
0.32	0.9	2.98614
0.32	0.91	2.98298
0.32	0.92	2.98963
0.32	0.93	2.98169
0.32	0.94	2.99675
0.32	0.95	2.97686
0.32	0.96	3.0143
0.32	0.97	2.96337
0.32	0.98	2.96337
0.32	0.99	2.96337


0.33	0	2.53586
0.33	0.01	2.53586
0.33	0.02	2.53586
0.33	0.03	2.52303
0.33	0.04	2.519
0.33	0.05	2.51866
0.33	0.06	2.52261
0.33	0.07	2.55316
0.33	0.08	2.71606
0.33	0.09	2.95082
0.33	0.1	2.99131
0.33	0.11	3.02691
0.33	0.12	2.9566
0.33	0.13	3.00055
0.33	0.14	2.96056
0.33	0.15	3.01591
0.33	0.16	2.97092
0.33	0.17	3.00317
0.33	0.18	2.95549
0.33	0.19	3.00816
0.33	0.2	2.96754
0.33	0.21	3.00653
0.33	0.22	2.95944
0.33	0.23	3.00391
0.33	0.24	2.96188
0.33	0.25	3.00574
0.33	0.26	2.96165
0.33	0.27	3.00315
0.33	0.28	2.95959
0.33	0.29	3.00666
0.33	0.3	2.96278
0.33	0.31	3.01235
0.33	0.32	2.96784
0.33	0.33	3.01887
0.33	0.34	2.97303
0.33	0.35	3.02626
0.33	0.36	2.97926
0.33	0.37	3.02895
0.33	0.38	2.99124
0.33	0.39	3.03107
0.33	0.4	3.01403
0.33	0.41	3.03913
0.33	0.42	3.04727
0.33	0.43	3.05932
0.33	0.44	3.09211
0.33	0.45	3.09456
0.33	0.46	3.14627
0.33	0.47	3.14205
0.33	0.48	3.20445
0.33	0.49	3.20458
0.33	0.5	3.24914
0.33	0.51	3.27836
0.33	0.52	3.2897
0.33	0.53	3.31999
0.33	0.54	3.3121
0.33	0.55	3.32693
0.33	0.56	3.30498
0.33	0.57	3.2965
0.33	0.58	3.27218
0.33	0.59	3.24569
0.33	0.6	3.22008
0.33	0.61	3.18981
0.33	0.62	3.16439
0.33	0.63	3.13808
0.33	0.64	3.11441
0.33	0.65	3.09165
0.33	0.66	3.07314
0.33	0.67	3.05678
0.33	0.68	3.04402
0.33	0.69	3.03226
0.33	0.7	3.02443
0.33	0.71	3.01664
0.33	0.72	3.01171
0.33	0.73	3.0064
0.33	0.74	3.00426
0.33	0.75	3.0006
0.33	0.76	2.99929
0.33	0.77	2.99699
0.33	0.78	2.99584
0.33	0.79	2.99431
0.33	0.8	2.99318
0.33	0.81	2.99235
0.33	0.82	2.99116
0.33	0.83	2.9904
0.33	0.84	2.98933
0.33	0.85	2.98827
0.33	0.86	2.98745
0.33	0.87	2.98624
0.33	0.88	2.98594
0.33	0.89	2.9847
0.33	0.9	2.98631
0.33	0.91	2.98314
0.33	0.92	2.98976
0.33	0.93	2.98186
0.33	0.94	2.99687
0.33	0.95	2.97709
0.33	0.96	3.01437
0.33	0.97	2.9636
0.33	0.98	2.9636
0.33	0.99	2.9636


0.34	0	2.52357
0.34	0.01	2.52357
0.34	0.02	2.52357
0.34	0.03	2.51361
0.34	0.04	2.51264
0.34	0.05	2.53516
0.34	0.06	2.66977
0.34	0.07	2.91656
0.34	0.08	2.98878
0.34	0.09	3.02799
0.34	0.1	2.95635
0.34	0.11	3.00496
0.34	0.12	2.96531
0.34	0.13	3.0174
0.34	0.14	2.96971
0.34	0.15	3.00363
0.34	0.16	2.95698
0.34	0.17	3.00996
0.34	0.18	2.9688
0.34	0.19	3.00657
0.34	0.2	2.95943
0.34	0.21	3.00489
0.34	0.22	2.96353
0.34	0.23	3.00618
0.34	0.24	2.9622
0.34	0.25	3.00391
0.34	0.26	2.96144
0.34	0.27	3.00716
0.34	0.28	2.96618
0.34	0.29	3.01375
0.34	0.3	2.96935
0.34	0.31	3.01834
0.34	0.32	2.97294
0.34	0.33	3.02253
0.34	0.34	2.97483
0.34	0.35	3.02412
0.34	0.36	2.97711
0.34	0.37	3.02613
0.34	0.38	2.98885
0.34	0.39	3.02821
0.34	0.4	3.01102
0.34	0.41	3.03682
0.34	0.42	3.04589
0.34	0.43	3.05849
0.34	0.44	3.09094
0.34	0.45	3.09321
0.34	0.46	3.14493
0.34	0.47	3.14141
0.34	0.48	3.20421
0.34	0.49	3.20418
0.34	0.5	3.24829
0.34	0.51	3.27761
0.34	0.52	3.28951
0.34	0.53	3.32009
0.34	0.54	3.31189
0.34	0.55	3.32641
0.34	0.56	3.30464
0.34	0.57	3.29654
0.34	0.58	3.27234
0.34	0.59	3.24583
0.34	0.6	3.2201
0.34	0.61	3.18976
0.34	0.62	3.16441
0.34	0.63	3.13825
0.34	0.64	3.11461
0.34	0.65	3.09172
0.34	0.66	3.07314
0.34	0.67	3.05687
0.34	0.68	3.04415
0.34	0.69	3.03235
0.34	0.7	3.02447
0.34	0.71	3.01669
0.34	0.72	3.01183
0.34	0.73	3.0065
0.34	0.74	3.0043
0.34	0.75	3.00057
0.34	0.76	2.99926
0.34	0.77	2.99698
0.34	0.78	2.99587
0.34	0.79	2.99436
0.34	0.8	2.99321
0.34	0.81	2.99236
0.34	0.82	2.99119
0.34	0.83	2.99043
0.34	0.84	2.98939
0.34	0.85	2.98834
0.34	0.86	2.98751
0.34	0.87	2.98635
0.34	0.88	2.98607
0.34	0.89	2.98483
0.34	0.9	2.98648
0.34	0.91	2.98335
0.34	0.92	2.98994
0.34	0.93	2.98205
0.34	0.94	2.997
0.34	0.95	2.97729
0.34	0.96	3.01443
0.34	0.97	2.96379
0.34	0.98	2.96379
0.34	0.99	2.96379


0.35	0	2.516
0.35	0.01	2.516
0.35	0.02	2.516
0.35	0.03	2.52674
0.35	0.04	2.63446
0.35	0.05	2.87926
0.35	0.06	2.97056
0.35	0.07	3.01108
0.35	0.08	2.94722
0.35	0.09	3.00877
0.35	0.1	2.97367
0.35	0.11	3.02125
0.35	0.12	2.96916
0.35	0.13	3.00485
0.35	0.14	2.95893
0.35	0.15	3.01163
0.35	0.16	2.97
0.35	0.17	3.00648
0.35	0.18	2.96
0.35	0.19	3.00608
0.35	0.2	2.96506
0.35	0.21	3.00678
0.35	0.22	2.96275
0.35	0.23	3.00497
0.35	0.24	2.96359
0.35	0.25	3.00998
0.35	0.26	2.96987
0.35	0.27	3.01456
0.35	0.28	2.97163
0.35	0.29	3.01784
0.35	0.3	2.97369
0.35	0.31	3.02051
0.35	0.32	2.97285
0.35	0.33	3.01925
0.35	0.34	2.97238
0.35	0.35	3.02088
0.35	0.36	2.97533
0.35	0.37	3.02333
0.35	0.38	2.98616
0.35	0.39	3.02607
0.35	0.4	3.0101
0.35	0.41	3.03625
0.35	0.42	3.04469
0.35	0.43	3.05701
0.35	0.44	3.0898
0.35	0.45	3.09281
0.35	0.46	3.14472
0.35	0.47	3.14089
0.35	0.48	3.20333
0.35	0.49	3.20348
0.35	0.5	3.24811
0.35	0.51	3.2777
0.35	0.52	3.28933
0.35	0.53	3.31964
0.35	0.54	3.31163
0.35	0.55	3.32658
0.35	0.56	3.30491
0.35	0.57	3.29652
0.35	0.58	3.27221
0.35	0.59	3.24582
0.35	0.6	3.22031
0.35	0.61	3.19007
0.35	0.62	3.16465
0.35	0.63	3.13835
0.35	0.64	3.11468
0.35	0.65	3.09187
0.35	0.66	3.07336
0.35	0.67	3.05708
0.35	0.68	3.04428
0.35	0.69	3.03247
0.35	0.7	3.02462
0.35	0.71	3.01682
0.35	0.72	3.0119
0.35	0.73	3.00655
0.35	0.74	3.00438
0.35	0.75	3.0007
0.35	0.76	2.99937
0.35	0.77	2.99703
0.35	0.78	2.99588
0.35	0.79	2.99435
0.35	0.8	2.99321
0.35	0.81	2.99237
0.35	0.82	2.99119
0.35	0.83	2.99043
0.35	0.84	2.9894
0.35	0.85	2.98836
0.35	0.86	2.98757
0.35	0.87	2.9864
0.35	0.88	2.98615
0.35	0.89	2.98493
0.35	0.9	2.98658
0.35	0.91	2.98348
0.35	0.92	2.99009
0.35	0.93	2.98225
0.35	0.94	2.99716
0.35	0.95	2.97753
0.35	0.96	3.01452
0.35	0.97	2.96397
0.35	0.98	2.96397
0.35	0.99	2.96397


0.36	0	2.60168
0.36	0.01	2.60168
0.36	0.02	2.60168
0.36	0.03	2.84941
0.36	0.04	2.95451
0.36	0.05	2.98827
0.36	0.06	2.92604
0.36	0.07	2.99674
0.36	0.08	2.97347
0.36	0.09	3.02545
0.36	0.1	2.97299
0.36	0.11	3.00952
0.36	0.12	2.96246
0.36	0.13	3.01419
0.36	0.14	2.9712
0.36	0.15	3.00723
0.36	0.16	2.96097
0.36	0.17	3.00749
0.36	0.18	2.96654
0.36	0.19	3.00785
0.36	0.2	2.96359
0.36	0.21	3.00683
0.36	0.22	2.96633
0.36	0.23	3.0134
0.36	0.24	2.97272
0.36	0.25	3.0162
0.36	0.26	2.973
0.36	0.27	3.01739
0.36	0.28	2.97547
0.36	0.29	3.01838
0.36	0.3	2.97214
0.36	0.31	3.01666
0.36	0.32	2.97022
0.36	0.33	3.01679
0.36	0.34	2.97053
0.36	0.35	3.01808
0.36	0.36	2.9729
0.36	0.37	3.02159
0.36	0.38	2.98562
0.36	0.39	3.02539
0.36	0.4	3.00882
0.36	0.41	3.03475
0.36	0.42	3.04379
0.36	0.43	3.05689
0.36	0.44	3.0897
0.36	0.45	3.09213
0.36	0.46	3.14382
0.36	0.47	3.14031
0.36	0.48	3.20326
0.36	0.49	3.20353
0.36	0.5	3.24781
0.36	0.51	3.27723
0.36	0.52	3.28907
0.36	0.53	3.3198
0.36	0.54	3.31189
0.36	0.55	3.32656
0.36	0.56	3.30483
0.36	0.57	3.29663
0.36	0.58	3.27253
0.36	0.59	3.2461
0.36	0.6	3.22038
0.36	0.61	3.19008
0.36	0.62	3.16477
0.36	0.63	3.13864
0.36	0.64	3.115
0.36	0.65	3.09215
0.36	0.66	3.07353
0.36	0.67	3.05724
0.36	0.68	3.04448
0.36	0.69	3.03268
0.36	0.7	3.02479
0.36	0.71	3.01696
0.36	0.72	3.01207
0.36	0.73	3.00672
0.36	0.74	3.00452
0.36	0.75	3.00078
0.36	0.76	2.99945
0.36	0.77	2.99712
0.36	0.78	2.99597
0.36	0.79	2.9944
0.36	0.8	2.99321
0.36	0.81	2.99236
0.36	0.82	2.99119
0.36	0.83	2.99043
0.36	0.84	2.98941
0.36	0.85	2.98838
0.36	0.86	2.98759
0.36	0.87	2.98642
0.36	0.88	2.98618
0.36	0.89	2.98498
0.36	0.9	2.98666
0.36	0.91	2.98357
0.36	0.92	2.99018
0.36	0.93	2.98238
0.36	0.94	2.99727
0.36	0.95	2.97773
0.36	0.96	3.01463
0.36	0.97	2.96418
0.36	0.98	2.96418
0.36	0.99	2.96418


0.37	0	2.93534
0.37	0.01	2.93534
0.37	0.02	2.93534
0.37	0.03	3.00239
0.37	0.04	2.93075
0.37	0.05	2.98891
0.37	0.06	2.95645
0.37	0.07	3.0108
0.37	0.08	2.96715
0.37	0.09	3.01497
0.37	0.1	2.97173
0.37	0.11	3.02099
0.37	0.12	2.97491
0.37	0.13	3.00994
0.37	0.14	2.96309
0.37	0.15	3.01012
0.37	0.16	2.96869
0.37	0.17	3.00962
0.37	0.18	2.96521
0.37	0.19	3.0099
0.37	0.2	2.96988
0.37	0.21	3.01628
0.37	0.22	2.97494
0.37	0.23	3.01729
0.37	0.24	2.97454
0.37	0.25	3.01829
0.37	0.26	2.9761
0.37	0.27	3.01672
0.37	0.28	2.97235
0.37	0.29	3.01448
0.37	0.3	2.96926
0.37	0.31	3.01495
0.37	0.32	2.96842
0.37	0.33	3.01416
0.37	0.34	2.96842
0.37	0.35	3.01685
0.37	0.36	2.97259
0.37	0.37	3.02083
0.37	0.38	2.98423
0.37	0.39	3.024
0.37	0.4	3.00819
0.37	0.41	3.03472
0.37	0.42	3.04358
0.37	0.43	3.05607
0.37	0.44	3.08884
0.37	0.45	3.09179
0.37	0.46	3.14392
0.37	0.47	3.14039
0.37	0.48	3.20282
0.37	0.49	3.20309
0.37	0.5	3.24761
0.37	0.51	3.27741
0.37	0.52	3.28927
0.37	0.53	3.31968
0.37	0.54	3.31176
0.37	0.55	3.32664
0.37	0.56	3.30513
0.37	0.57	3.29686
0.37	0.58	3.27262
0.37	0.59	3.24619
0.37	0.6	3.22065
0.37	0.61	3.19042
0.37	0.62	3.16503
0.37	0.63	3.13878
0.37	0.64	3.11516
0.37	0.65	3.09232
0.37	0.66	3.0738
0.37	0.67	3.05754
0.37	0.68	3.04473
0.37	0.69	3.03289
0.37	0.7	3.02499
0.37	0.71	3.01719
0.37	0.72	3.01228
0.37	0.73	3.00689
0.37	0.74	3.00468
0.37	0.75	3.00093
0.37	0.76	2.99957
0.37	0.77	2.99722
0.37	0.78	2.99605
0.37	0.79	2.99447
0.37	0.8	2.99331
0.37	0.81	2.99245
0.37	0.82	2.99124
0.37	0.83	2.99045
0.37	0.84	2.98942
0.37	0.85	2.98838
0.37	0.86	2.98759
0.37	0.87	2.98644
0.37	0.88	2.9862
0.37	0.89	2.985
0.37	0.9	2.98668
0.37	0.91	2.98362
0.37	0.92	2.99023
0.37	0.93	2.98246
0.37	0.94	2.99735
0.37	0.95	2.97787
0.37	0.96	3.01468
0.37	0.97	2.96436
0.37	0.98	2.96436
0.37	0.99	2.96436


0.38	0	2.99848
0.38	0.01	2.99848
0.38	0.02	2.99848
0.38	0.03	2.98778
0.38	0.04	2.97624
0.38	0.05	3.01559
0.38	0.06	2.97057
0.38	0.07	3.0175
0.38	0.08	2.97933
0.38	0.09	3.02843
0.38	0.1	2.98287
0.38	0.11	3.01655
0.38	0.12	2.9681
0.38	0.13	3.01543
0.38	0.14	2.97327
0.38	0.15	3.01393
0.38	0.16	2.9692
0.38	0.17	3.01443
0.38	0.18	2.97417
0.38	0.19	3.01937
0.38	0.2	2.97725
0.38	0.21	3.01839
0.38	0.22	2.97626
0.38	0.23	3.01882
0.38	0.24	2.97647
0.38	0.25	3.01631
0.38	0.26	2.97234
0.38	0.27	3.01286
0.38	0.28	2.97013
0.38	0.29	3.01318
0.38	0.3	2.96772
0.38	0.31	3.01236
0.38	0.32	2.9664
0.38	0.33	3.01325
0.38	0.34	2.96817
0.38	0.35	3.01597
0.38	0.36	2.97121
0.38	0.37	3.0197
0.38	0.38	2.98393
0.38	0.39	3.02406
0.38	0.4	3.00784
0.38	0.41	3.03382
0.38	0.42	3.04282
0.38	0.43	3.0559
0.38	0.44	3.08898
0.38	0.45	3.09173
0.38	0.46	3.1434
0.38	0.47	3.14002
0.38	0.48	3.20282
0.38	0.49	3.20337
0.38	0.5	3.24769
0.38	0.51	3.27723
0.38	0.52	3.28912
0.38	0.53	3.31978
0.38	0.54	3.31202
0.38	0.55	3.32677
0.38	0.56	3.30516
0.38	0.57	3.29693
0.38	0.58	3.27288
0.38	0.59	3.2465
0.38	0.6	3.22091
0.38	0.61	3.1906
0.38	0.62	3.16525
0.38	0.63	3.13905
0.38	0.64	3.11542
0.38	0.65	3.09256
0.38	0.66	3.074
0.38	0.67	3.05769
0.38	0.68	3.04497
0.38	0.69	3.03317
0.38	0.7	3.02527
0.38	0.71	3.01744
0.38	0.72	3.01247
0.38	0.73	3.00708
0.38	0.74	3.00487
0.38	0.75	3.00111
0.38	0.76	2.99974
0.38	0.77	2.99737
0.38	0.78	2.9962
0.38	0.79	2.9946
0.38	0.8	2.99341
0.38	0.81	2.99252
0.38	0.82	2.99133
0.38	0.83	2.99054
0.38	0.84	2.98949
0.38	0.85	2.98842
0.38	0.86	2.98761
0.38	0.87	2.98645
0.38	0.88	2.98621
0.38	0.89	2.98502
0.38	0.9	2.98669
0.38	0.91	2.98364
0.38	0.92	2.99025
0.38	0.93	2.98251
0.38	0.94	2.99737
0.38	0.95	2.97796
0.38	0.96	3.01471
0.38	0.97	2.96448
0.38	0.98	2.96448
0.38	0.99	2.96448


0.39	0	2.99698
0.39	0.01	2.99698
0.39	0.02	2.99698
0.39	0.03	2.9834
0.39	0.04	2.98698
0.39	0.05	3.01818
0.39	0.06	2.99178
0.39	0.07	3.04483
0.39	0.08	3.00518
0.39	0.09	3.04418
0.39	0.1	2.99155
0.39	0.11	3.03041
0.39	0.12	2.983
0.39	0.13	3.02077
0.39	0.14	2.97586
0.39	0.15	3.02102
0.39	0.16	2.97995
0.39	0.17	3.02504
0.39	0.18	2.98074
0.39	0.19	3.02111
0.39	0.2	2.97856
0.39	0.21	3.02016
0.39	0.22	2.97721
0.39	0.23	3.01632
0.39	0.24	2.97291
0.39	0.25	3.01272
0.39	0.26	2.971
0.39	0.27	3.01183
0.39	0.28	2.96858
0.39	0.29	3.01073
0.39	0.3	2.96591
0.39	0.31	3.01179
0.39	0.32	2.96638
0.39	0.33	3.01238
0.39	0.34	2.96676
0.39	0.35	3.01491
0.39	0.36	2.97103
0.39	0.37	3.01969
0.39	0.38	2.98346
0.39	0.39	3.02322
0.39	0.4	3.00734
0.39	0.41	3.03385
0.39	0.42	3.043
0.39	0.43	3.05569
0.39	0.44	3.08848
0.39	0.45	3.09146
0.39	0.46	3.14349
0.39	0.47	3.14028
0.39	0.48	3.20273
0.39	0.49	3.2032
0.39	0.5	3.24755
0.39	0.51	3.27744
0.39	0.52	3.28937
0.39	0.53	3.31985
0.39	0.54	3.31201
0.39	0.55	3.32683
0.39	0.56	3.30543
0.39	0.57	3.29717
0.39	0.58	3.27309
0.39	0.59	3.24665
0.39	0.6	3.22105
0.39	0.61	3.19084
0.39	0.62	3.16553
0.39	0.63	3.1393
0.39	0.64	3.11567
0.39	0.65	3.0928
0.39	0.66	3.07429
0.39	0.67	3.05796
0.39	0.68	3.04518
0.39	0.69	3.03333
0.39	0.7	3.02546
0.39	0.71	3.01762
0.39	0.72	3.01271
0.39	0.73	3.00734
0.39	0.74	3.0051
0.39	0.75	3.00132
0.39	0.76	2.99994
0.39	0.77	2.99757
0.39	0.78	2.99638
0.39	0.79	2.99477
0.39	0.8	2.99357
0.39	0.81	2.99268
0.39	0.82	2.99145
0.39	0.83	2.99063
0.39	0.84	2.98958
0.39	0.85	2.98852
0.39	0.86	2.9877
0.39	0.87	2.98651
0.39	0.88	2.98624
0.39	0.89	2.98503
0.39	0.9	2.9867
0.39	0.91	2.98365
0.39	0.92	2.99026
0.39	0.93	2.98253
0.39	0.94	2.99738
0.39	0.95	2.97801
0.39	0.96	3.0147
0.39	0.97	2.96454
0.39	0.98	2.96454
0.39	0.99	2.96454


0.4	0	2.99714
0.4	0.01	2.99714
0.4	0.02	2.99714
0.4	0.03	2.98415
0.4	0.04	2.98482
0.4	0.05	3.01698
0.4	0.06	2.99697
0.4	0.07	3.04196
0.4	0.08	3.01908
0.4	0.09	3.063
0.4	0.1	3.02054
0.4	0.11	3.05991
0.4	0.12	3.005
0.4	0.13	3.04189
0.4	0.14	2.99409
0.4	0.15	3.03375
0.4	0.16	2.98558
0.4	0.17	3.02593
0.4	0.18	2.98219
0.4	0.19	3.02424
0.4	0.2	2.97975
0.4	0.21	3.01851
0.4	0.22	2.97479
0.4	0.23	3.01412
0.4	0.24	2.97254
0.4	0.25	3.01241
0.4	0.26	2.96963
0.4	0.27	3.00982
0.4	0.28	2.96723
0.4	0.29	3.01047
0.4	0.3	2.9659
0.4	0.31	3.01082
0.4	0.32	2.96505
0.4	0.33	3.01151
0.4	0.34	2.96683
0.4	0.35	3.01495
0.4	0.36	2.97053
0.4	0.37	3.01884
0.4	0.38	2.98308
0.4	0.39	3.02323
0.4	0.4	3.00749
0.4	0.41	3.03352
0.4	0.42	3.04263
0.4	0.43	3.0556
0.4	0.44	3.08869
0.4	0.45	3.09168
0.4	0.46	3.14331
0.4	0.47	3.14013
0.4	0.48	3.20265
0.4	0.49	3.20343
0.4	0.5	3.24765
0.4	0.51	3.27743
0.4	0.52	3.28936
0.4	0.53	3.31996
0.4	0.54	3.31231
0.4	0.55	3.32705
0.4	0.56	3.30558
0.4	0.57	3.29729
0.4	0.58	3.27323
0.4	0.59	3.24689
0.4	0.6	3.22132
0.4	0.61	3.19108
0.4	0.62	3.16569
0.4	0.63	3.13952
0.4	0.64	3.1159
0.4	0.65	3.09304
0.4	0.66	3.07453
0.4	0.67	3.05817
0.4	0.68	3.04542
0.4	0.69	3.03357
0.4	0.7	3.02568
0.4	0.71	3.01783
0.4	0.72	3.01291
0.4	0.73	3.00752
0.4	0.74	3.00532
0.4	0.75	3.00156
0.4	0.76	3.00018
0.4	0.77	2.9978
0.4	0.78	2.99659
0.4	0.79	2.99498
0.4	0.8	2.99376
0.4	0.81	2.99285
0.4	0.82	2.99162
0.4	0.83	2.9908
0.4	0.84	2.98972
0.4	0.85	2.98862
0.4	0.86	2.98779
0.4	0.87	2.9866
0.4	0.88	2.98633
0.4	0.89	2.98511
0.4	0.9	2.98675
0.4	0.91	2.98368
0.4	0.92	2.99027
0.4	0.93	2.98255
0.4	0.94	2.99737
0.4	0.95	2.97805
0.4	0.96	3.01468
0.4	0.97	2.96457
0.4	0.98	2.96457
0.4	0.99	2.96457


0.41	0	2.99707
0.41	0.01	2.99707
0.41	0.02	2.99707
0.41	0.03	2.9851
0.41	0.04	2.98515
0.41	0.05	3.01499
0.41	0.06	2.99842
0.41	0.07	3.04232
0.41	0.08	3.02263
0.41	0.09	3.06749
0.41	0.1	3.03764
0.41	0.11	3.07151
0.41	0.12	3.03203
0.41	0.13	3.06926
0.41	0.14	3.02044
0.41	0.15	3.05226
0.41	0.16	3.0004
0.41	0.17	3.03574
0.41	0.18	2.98494
0.41	0.19	3.02303
0.41	0.2	2.97822
0.41	0.21	3.01833
0.41	0.22	2.97602
0.41	0.23	3.01531
0.41	0.24	2.97226
0.41	0.25	3.01157
0.41	0.26	2.9695
0.41	0.27	3.01023
0.41	0.28	2.96758
0.41	0.29	3.00967
0.41	0.3	2.96494
0.41	0.31	3.01027
0.41	0.32	2.96531
0.41	0.33	3.0115
0.41	0.34	2.96628
0.41	0.35	3.01417
0.41	0.36	2.97039
0.41	0.37	3.01896
0.41	0.38	2.98329
0.41	0.39	3.02285
0.41	0.4	3.00719
0.41	0.41	3.03343
0.41	0.42	3.04283
0.41	0.43	3.05571
0.41	0.44	3.08853
0.41	0.45	3.0916
0.41	0.46	3.14337
0.41	0.47	3.14039
0.41	0.48	3.20269
0.41	0.49	3.20343
0.41	0.5	3.24757
0.41	0.51	3.27757
0.41	0.52	3.28957
0.41	0.53	3.3201
0.41	0.54	3.31241
0.41	0.55	3.32712
0.41	0.56	3.30581
0.41	0.57	3.29756
0.41	0.58	3.27352
0.41	0.59	3.24709
0.41	0.6	3.22146
0.41	0.61	3.1913
0.41	0.62	3.16591
0.41	0.63	3.13973
0.41	0.64	3.1161
0.41	0.65	3.09323
0.41	0.66	3.07469
0.41	0.67	3.05838
0.41	0.68	3.04564
0.41	0.69	3.03379
0.41	0.7	3.02592
0.41	0.71	3.01807
0.41	0.72	3.01315
0.41	0.73	3.00774
0.41	0.74	3.00551
0.41	0.75	3.00175
0.41	0.76	3.0004
0.41	0.77	2.99802
0.41	0.78	2.99683
0.41	0.79	2.99521
0.41	0.8	2.99399
0.41	0.81	2.99307
0.41	0.82	2.99182
0.41	0.83	2.99098
0.41	0.84	2.9899
0.41	0.85	2.9888
0.41	0.86	2.98795
0.41	0.87	2.98673
0.41	0.88	2.98643
0.41	0.89	2.9852
0.41	0.9	2.98684
0.41	0.91	2.98378
0.41	0.92	2.99033
0.41	0.93	2.9826
0.41	0.94	2.99738
0.41	0.95	2.97808
0.41	0.96	3.01466
0.41	0.97	2.96459
0.41	0.98	2.96459
0.41	0.99	2.96459


0.42	0	2.99726
0.42	0.01	2.99726
0.42	0.02	2.99726
0.42	0.03	2.98618
0.42	0.04	2.98641
0.42	0.05	3.01675
0.42	0.06	3.0039
0.42	0.07	3.04627
0.42	0.08	3.0304
0.42	0.09	3.07114
0.42	0.1	3.04135
0.42	0.11	3.07404
0.42	0.12	3.03764
0.42	0.13	3.07109
0.42	0.14	3.0343
0.42	0.15	3.06687
0.42	0.16	3.0211
0.42	0.17	3.05557
0.42	0.18	3.00445
0.42	0.19	3.03681
0.42	0.2	2.98624
0.42	0.21	3.02078
0.42	0.22	2.97659
0.42	0.23	3.01549
0.42	0.24	2.97384
0.42	0.25	3.01335
0.42	0.26	2.97113
0.42	0.27	3.01043
0.42	0.28	2.96782
0.42	0.29	3.01014
0.42	0.3	2.96577
0.42	0.31	3.01056
0.42	0.32	2.96499
0.42	0.33	3.01098
0.42	0.34	2.96643
0.42	0.35	3.01435
0.42	0.36	2.97059
0.42	0.37	3.01855
0.42	0.38	2.98313
0.42	0.39	3.02289
0.42	0.4	3.0075
0.42	0.41	3.03349
0.42	0.42	3.0427
0.42	0.43	3.0556
0.42	0.44	3.08861
0.42	0.45	3.09179
0.42	0.46	3.14338
0.42	0.47	3.14044
0.42	0.48	3.20266
0.42	0.49	3.20367
0.42	0.5	3.24769
0.42	0.51	3.27768
0.42	0.52	3.28964
0.42	0.53	3.32013
0.42	0.54	3.31262
0.42	0.55	3.32734
0.42	0.56	3.30605
0.42	0.57	3.29771
0.42	0.58	3.27371
0.42	0.59	3.24735
0.42	0.6	3.22172
0.42	0.61	3.19152
0.42	0.62	3.16608
0.42	0.63	3.1399
0.42	0.64	3.11626
0.42	0.65	3.09342
0.42	0.66	3.07489
0.42	0.67	3.05857
0.42	0.68	3.04582
0.42	0.69	3.03399
0.42	0.7	3.02611
0.42	0.71	3.01828
0.42	0.72	3.01337
0.42	0.73	3.00798
0.42	0.74	3.00576
0.42	0.75	3.00198
0.42	0.76	3.00061
0.42	0.77	2.99821
0.42	0.78	2.99703
0.42	0.79	2.99542
0.42	0.8	2.99422
0.42	0.81	2.9933
0.42	0.82	2.99206
0.42	0.83	2.99122
0.42	0.84	2.99011
0.42	0.85	2.98899
0.42	0.86	2.98813
0.42	0.87	2.98691
0.42	0.88	2.9866
0.42	0.89	2.98536
0.42	0.9	2.98696
0.42	0.91	2.98388
0.42	0.92	2.99042
0.42	0.93	2.98271
0.42	0.94	2.99745
0.42	0.95	2.97816
0.42	0.96	3.01467
0.42	0.97	2.96461
0.42	0.98	2.96461
0.42	0.99	2.96461


0.43	0	2.99915
0.43	0.01	2.99915
0.43	0.02	2.99915
0.43	0.03	2.99107
0.43	0.04	2.99228
0.43	0.05	3.02173
0.43	0.06	3.0101
0.43	0.07	3.04959
0.43	0.08	3.03401
0.43	0.09	3.07063
0.43	0.1	3.04293
0.43	0.11	3.07088
0.43	0.12	3.03738
0.43	0.13	3.06737
0.43	0.14	3.032
0.43	0.15	3.0657
0.43	0.16	3.03019
0.43	0.17	3.06253
0.43	0.18	3.02301
0.43	0.19	3.05566
0.43	0.2	3.00921
0.43	0.21	3.04203
0.43	0.22	2.99225
0.43	0.23	3.02213
0.43	0.24	2.97687
0.43	0.25	3.01446
0.43	0.26	2.97265
0.43	0.27	3.01226
0.43	0.28	2.97015
0.43	0.29	3.0114
0.43	0.3	2.96668
0.43	0.31	3.01106
0.43	0.32	2.96611
0.43	0.33	3.01171
0.43	0.34	2.96691
0.43	0.35	3.01414
0.43	0.36	2.97072
0.43	0.37	3.01871
0.43	0.38	2.98356
0.43	0.39	3.02288
0.43	0.4	3.00747
0.43	0.41	3.03343
0.43	0.42	3.04289
0.43	0.43	3.05581
0.43	0.44	3.08867
0.43	0.45	3.09182
0.43	0.46	3.14334
0.43	0.47	3.14062
0.43	0.48	3.20271
0.43	0.49	3.20381
0.43	0.5	3.24767
0.43	0.51	3.27779
0.43	0.52	3.28987
0.43	0.53	3.32033
0.43	0.54	3.31282
0.43	0.55	3.32739
0.43	0.56	3.30625
0.43	0.57	3.29791
0.43	0.58	3.27395
0.43	0.59	3.24756
0.43	0.6	3.22189
0.43	0.61	3.19173
0.43	0.62	3.16631
0.43	0.63	3.14014
0.43	0.64	3.11647
0.43	0.65	3.0936
0.43	0.66	3.07506
0.43	0.67	3.05874
0.43	0.68	3.04599
0.43	0.69	3.03417
0.43	0.7	3.0263
0.43	0.71	3.01847
0.43	0.72	3.01355
0.43	0.73	3.00818
0.43	0.74	3.00596
0.43	0.75	3.00222
0.43	0.76	3.00084
0.43	0.77	2.99845
0.43	0.78	2.99726
0.43	0.79	2.99563
0.43	0.8	2.99442
0.43	0.81	2.9935
0.43	0.82	2.99227
0.43	0.83	2.99143
0.43	0.84	2.99034
0.43	0.85	2.98923
0.43	0.86	2.98836
0.43	0.87	2.98712
0.43	0.88	2.98679
0.43	0.89	2.98554
0.43	0.9	2.98713
0.43	0.91	2.98405
0.43	0.92	2.99055
0.43	0.93	2.98283
0.43	0.94	2.99754
0.43	0.95	2.97828
0.43	0.96	3.01473
0.43	0.97	2.96469
0.43	0.98	2.96469
0.43	0.99	2.96469


0.44	0	3.00566
0.44	0.01	3.00566
0.44	0.02	3.00566
0.44	0.03	2.99706
0.44	0.04	2.99741
0.44	0.05	3.02329
0.44	0.06	3.01303
0.44	0.07	3.04796
0.44	0.08	3.03416
0.44	0.09	3.06731
0.44	0.1	3.04201
0.44	0.11	3.06676
0.44	0.12	3.03565
0.44	0.13	3.06381
0.44	0.14	3.03255
0.44	0.15	3.0618
0.44	0.16	3.02923
0.44	0.17	3.06116
0.44	0.18	3.02677
0.44	0.19	3.0599
0.44	0.2	3.02444
0.44	0.21	3.05475
0.44	0.22	3.01575
0.44	0.23	3.04578
0.44	0.24	2.99926
0.44	0.25	3.02855
0.44	0.26	2.9796
0.44	0.27	3.01495
0.44	0.28	2.97222
0.44	0.29	3.01315
0.44	0.3	2.9693
0.44	0.31	3.01291
0.44	0.32	2.96778
0.44	0.33	3.01248
0.44	0.34	2.96816
0.44	0.35	3.01512
0.44	0.36	2.97168
0.44	0.37	3.01885
0.44	0.38	2.98378
0.44	0.39	3.02298
0.44	0.4	3.00785
0.44	0.41	3.03363
0.44	0.42	3.04299
0.44	0.43	3.05583
0.44	0.44	3.08874
0.44	0.45	3.09204
0.44	0.46	3.14344
0.44	0.47	3.14077
0.44	0.48	3.20262
0.44	0.49	3.20395
0.44	0.5	3.24773
0.44	0.51	3.27795
0.44	0.52	3.29
0.44	0.53	3.32041
0.44	0.54	3.31304
0.44	0.55	3.32759
0.44	0.56	3.30648
0.44	0.57	3.29806
0.44	0.58	3.27414
0.44	0.59	3.24773
0.44	0.6	3.22209
0.44	0.61	3.19195
0.44	0.62	3.16651
0.44	0.63	3.14034
0.44	0.64	3.11667
0.44	0.65	3.09382
0.44	0.66	3.07527
0.44	0.67	3.05894
0.44	0.68	3.04616
0.44	0.69	3.03433
0.44	0.7	3.02646
0.44	0.71	3.01864
0.44	0.72	3.01373
0.44	0.73	3.00836
0.44	0.74	3.00615
0.44	0.75	3.00241
0.44	0.76	3.00104
0.44	0.77	2.99867
0.44	0.78	2.99748
0.44	0.79	2.99586
0.44	0.8	2.99466
0.44	0.81	2.99372
0.44	0.82	2.99248
0.44	0.83	2.99163
0.44	0.84	2.99055
0.44	0.85	2.98944
0.44	0.86	2.98858
0.44	0.87	2.98735
0.44	0.88	2.98702
0.44	0.89	2.98577
0.44	0.9	2.98733
0.44	0.91	2.98424
0.44	0.92	2.99073
0.44	0.93	2.98301
0.44	0.94	2.99769
0.44	0.95	2.97843
0.44	0.96	3.01481
0.44	0.97	2.9648
0.44	0.98	2.9648
0.44	0.99	2.9648


0.45	0	3.01039
0.45	0.01	3.01039
0.45	0.02	3.01039
0.45	0.03	2.9982
0.45	0.04	2.99836
0.45	0.05	3.02191
0.45	0.06	3.01232
0.45	0.07	3.04428
0.45	0.08	3.03215
0.45	0.09	3.06322
0.45	0.1	3.0406
0.45	0.11	3.06339
0.45	0.12	3.03552
0.45	0.13	3.06059
0.45	0.14	3.03215
0.45	0.15	3.05915
0.45	0.16	3.03008
0.45	0.17	3.05871
0.45	0.18	3.02723
0.45	0.19	3.0576
0.45	0.2	3.02585
0.45	0.21	3.05801
0.45	0.22	3.02302
0.45	0.23	3.05446
0.45	0.24	3.01988
0.45	0.25	3.04934
0.45	0.26	3.00603
0.45	0.27	3.03672
0.45	0.28	2.98604
0.45	0.29	3.01889
0.45	0.3	2.97282
0.45	0.31	3.01497
0.45	0.32	2.97043
0.45	0.33	3.0146
0.45	0.34	2.97042
0.45	0.35	3.01625
0.45	0.36	2.97305
0.45	0.37	3.01994
0.45	0.38	2.98502
0.45	0.39	3.02351
0.45	0.4	3.00822
0.45	0.41	3.03377
0.45	0.42	3.04328
0.45	0.43	3.05613
0.45	0.44	3.08891
0.45	0.45	3.09218
0.45	0.46	3.14341
0.45	0.47	3.14101
0.45	0.48	3.2027
0.45	0.49	3.20415
0.45	0.5	3.24773
0.45	0.51	3.27803
0.45	0.52	3.2901
0.45	0.53	3.32052
0.45	0.54	3.31322
0.45	0.55	3.32769
0.45	0.56	3.30672
0.45	0.57	3.29826
0.45	0.58	3.2744
0.45	0.59	3.24797
0.45	0.6	3.22231
0.45	0.61	3.19213
0.45	0.62	3.1667
0.45	0.63	3.14053
0.45	0.64	3.11687
0.45	0.65	3.09402
0.45	0.66	3.07545
0.45	0.67	3.05913
0.45	0.68	3.04636
0.45	0.69	3.03453
0.45	0.7	3.02664
0.45	0.71	3.0188
0.45	0.72	3.01389
0.45	0.73	3.00852
0.45	0.74	3.00631
0.45	0.75	3.00258
0.45	0.76	3.00121
0.45	0.77	2.99885
0.45	0.78	2.99767
0.45	0.79	2.99607
0.45	0.8	2.99486
0.45	0.81	2.99395
0.45	0.82	2.99271
0.45	0.83	2.99187
0.45	0.84	2.99077
0.45	0.85	2.98965
0.45	0.86	2.98878
0.45	0.87	2.98756
0.45	0.88	2.98724
0.45	0.89	2.98599
0.45	0.9	2.98756
0.45	0.91	2.98448
0.45	0.92	2.99094
0.45	0.93	2.98322
0.45	0.94	2.99786
0.45	0.95	2.97863
0.45	0.96	3.01494
0.45	0.97	2.96496
0.45	0.98	2.96496
0.45	0.99	2.96496


0.46	0	3.01141
0.46	0.01	3.01141
0.46	0.02	3.01141
0.46	0.03	2.99782
0.46	0.04	2.99662
0.46	0.05	3.01782
0.46	0.06	3.00963
0.46	0.07	3.03994
0.46	0.08	3.03033
0.46	0.09	3.05958
0.46	0.1	3.03979
0.46	0.11	3.0608
0.46	0.12	3.03558
0.46	0.13	3.05818
0.46	0.14	3.0325
0.46	0.15	3.05694
0.46	0.16	3.03047
0.46	0.17	3.05636
0.46	0.18	3.02812
0.46	0.19	3.05589
0.46	0.2	3.02666
0.46	0.21	3.05531
0.46	0.22	3.02574
0.46	0.23	3.05504
0.46	0.24	3.02268
0.46	0.25	3.05619
0.46	0.26	3.02016
0.46	0.27	3.05036
0.46	0.28	3.01177
0.46	0.29	3.04526
0.46	0.3	2.99516
0.46	0.31	3.02667
0.46	0.32	2.97678
0.46	0.33	3.01757
0.46	0.34	2.97326
0.46	0.35	3.01853
0.46	0.36	2.9757
0.46	0.37	3.0215
0.46	0.38	2.98658
0.46	0.39	3.0247
0.46	0.4	3.0096
0.46	0.41	3.03465
0.46	0.42	3.0438
0.46	0.43	3.05642
0.46	0.44	3.08914
0.46	0.45	3.09254
0.46	0.46	3.14359
0.46	0.47	3.14122
0.46	0.48	3.20269
0.46	0.49	3.20433
0.46	0.5	3.24776
0.46	0.51	3.27817
0.46	0.52	3.29026
0.46	0.53	3.32061
0.46	0.54	3.31335
0.46	0.55	3.32781
0.46	0.56	3.30693
0.46	0.57	3.29844
0.46	0.58	3.27465
0.46	0.59	3.24819
0.46	0.6	3.22256
0.46	0.61	3.19239
0.46	0.62	3.16692
0.46	0.63	3.14073
0.46	0.64	3.11705
0.46	0.65	3.0942
0.46	0.66	3.07564
0.46	0.67	3.05931
0.46	0.68	3.04654
0.46	0.69	3.03471
0.46	0.7	3.02682
0.46	0.71	3.01899
0.46	0.72	3.01407
0.46	0.73	3.00869
0.46	0.74	3.00647
0.46	0.75	3.00274
0.46	0.76	3.00137
0.46	0.77	2.99902
0.46	0.78	2.99784
0.46	0.79	2.99625
0.46	0.8	2.99505
0.46	0.81	2.99414
0.46	0.82	2.99292
0.46	0.83	2.99209
0.46	0.84	2.991
0.46	0.85	2.98988
0.46	0.86	2.98901
0.46	0.87	2.98778
0.46	0.88	2.98744
0.46	0.89	2.9862
0.46	0.9	2.98777
0.46	0.91	2.9847
0.46	0.92	2.99116
0.46	0.93	2.98346
0.46	0.94	2.99808
0.46	0.95	2.97885
0.46	0.96	3.01511
0.46	0.97	2.96517
0.46	0.98	2.96517
0.46	0.99	2.96517


0.47	0	3.00958
0.47	0.01	3.00958
0.47	0.02	3.00958
0.47	0.03	2.99556
0.47	0.04	2.99431
0.47	0.05	3.01435
0.47	0.06	3.00784
0.47	0.07	3.03637
0.47	0.08	3.02877
0.47	0.09	3.05623
0.47	0.1	3.03919
0.47	0.11	3.05841
0.47	0.12	3.0356
0.47	0.13	3.05606
0.47	0.14	3.03306
0.47	0.15	3.05522
0.47	0.16	3.03105
0.47	0.17	3.05443
0.47	0.18	3.02901
0.47	0.19	3.05418
0.47	0.2	3.02778
0.47	0.21	3.05335
0.47	0.22	3.02652
0.47	0.23	3.0538
0.47	0.24	3.02537
0.47	0.25	3.05322
0.47	0.26	3.0234
0.47	0.27	3.05524
0.47	0.28	3.02058
0.47	0.29	3.05209
0.47	0.3	3.01623
0.47	0.31	3.05035
0.47	0.32	3.0036
0.47	0.33	3.03874
0.47	0.34	2.98554
0.47	0.35	3.02372
0.47	0.36	2.97937
0.47	0.37	3.02398
0.47	0.38	2.98949
0.47	0.39	3.02669
0.47	0.4	3.01133
0.47	0.41	3.03598
0.47	0.42	3.04526
0.47	0.43	3.05764
0.47	0.44	3.08988
0.47	0.45	3.09301
0.47	0.46	3.1438
0.47	0.47	3.14158
0.47	0.48	3.20283
0.47	0.49	3.2046
0.47	0.5	3.2478
0.47	0.51	3.27829
0.47	0.52	3.29039
0.47	0.53	3.32075
0.47	0.54	3.31358
0.47	0.55	3.32795
0.47	0.56	3.30714
0.47	0.57	3.29861
0.47	0.58	3.27486
0.47	0.59	3.24842
0.47	0.6	3.22277
0.47	0.61	3.19262
0.47	0.62	3.16716
0.47	0.63	3.14097
0.47	0.64	3.11728
0.47	0.65	3.0944
0.47	0.66	3.07581
0.47	0.67	3.05948
0.47	0.68	3.0467
0.47	0.69	3.03487
0.47	0.7	3.02699
0.47	0.71	3.01916
0.47	0.72	3.01424
0.47	0.73	3.00887
0.47	0.74	3.00664
0.47	0.75	3.00291
0.47	0.76	3.00153
0.47	0.77	2.99918
0.47	0.78	2.99799
0.47	0.79	2.9964
0.47	0.8	2.99522
0.47	0.81	2.99432
0.47	0.82	2.99309
0.47	0.83	2.99227
0.47	0.84	2.9912
0.47	0.85	2.99009
0.47	0.86	2.98922
0.47	0.87	2.98801
0.47	0.88	2.98768
0.47	0.89	2.98643
0.47	0.9	2.98798
0.47	0.91	2.98491
0.47	0.92	2.99136
0.47	0.93	2.98367
0.47	0.94	2.99828
0.47	0.95	2.9791
0.47	0.96	3.0153
0.47	0.97	2.96543
0.47	0.98	2.96543
0.47	0.99	2.96543


0.48	0	3.00676
0.48	0.01	3.00676
0.48	0.02	3.00676
0.48	0.03	2.99433
0.48	0.04	2.99241
0.48	0.05	3.01168
0.48	0.06	3.00676
0.48	0.07	3.03374
0.48	0.08	3.02782
0.48	0.09	3.05365
0.48	0.1	3.03879
0.48	0.11	3.05629
0.48	0.12	3.03549
0.48	0.13	3.05405
0.48	0.14	3.03326
0.48	0.15	3.05341
0.48	0.16	3.03179
0.48	0.17	3.05307
0.48	0.18	3.02989
0.48	0.19	3.05249
0.48	0.2	3.02877
0.48	0.21	3.05215
0.48	0.22	3.02772
0.48	0.23	3.05181
0.48	0.24	3.02645
0.48	0.25	3.05245
0.48	0.26	3.02502
0.48	0.27	3.05229
0.48	0.28	3.02396
0.48	0.29	3.05415
0.48	0.3	3.02059
0.48	0.31	3.05528
0.48	0.32	3.01981
0.48	0.33	3.05288
0.48	0.34	3.01204
0.48	0.35	3.04999
0.48	0.36	3.00088
0.48	0.37	3.03476
0.48	0.38	2.99523
0.48	0.39	3.02987
0.48	0.4	3.01457
0.48	0.41	3.03842
0.48	0.42	3.04717
0.48	0.43	3.05918
0.48	0.44	3.09133
0.48	0.45	3.09448
0.48	0.46	3.14476
0.48	0.47	3.14229
0.48	0.48	3.20309
0.48	0.49	3.20496
0.48	0.5	3.24799
0.48	0.51	3.27857
0.48	0.52	3.29061
0.48	0.53	3.32088
0.48	0.54	3.31378
0.48	0.55	3.32811
0.48	0.56	3.3074
0.48	0.57	3.29882
0.48	0.58	3.27512
0.48	0.59	3.24864
0.48	0.6	3.22298
0.48	0.61	3.19284
0.48	0.62	3.16737
0.48	0.63	3.14119
0.48	0.64	3.11751
0.48	0.65	3.09463
0.48	0.66	3.07603
0.48	0.67	3.05969
0.48	0.68	3.04688
0.48	0.69	3.03503
0.48	0.7	3.02714
0.48	0.71	3.01931
0.48	0.72	3.01439
0.48	0.73	3.00903
0.48	0.74	3.00681
0.48	0.75	3.00308
0.48	0.76	3.00171
0.48	0.77	2.99935
0.48	0.78	2.99817
0.48	0.79	2.99657
0.48	0.8	2.99537
0.48	0.81	2.99447
0.48	0.82	2.99326
0.48	0.83	2.99244
0.48	0.84	2.99136
0.48	0.85	2.99027
0.48	0.86	2.98942
0.48	0.87	2.98821
0.48	0.88	2.98788
0.48	0.89	2.98665
0.48	0.9	2.98821
0.48	0.91	2.98514
0.48	0.92	2.99158
0.48	0.93	2.98389
0.48	0.94	2.99847
0.48	0.95	2.97932
0.48	0.96	3.01547
0.48	0.97	2.9657
0.48	0.98	2.9657
0.48	0.99	2.9657


0.49	0	3.0047
0.49	0.01	3.0047
0.49	0.02	3.0047
0.49	0.03	2.99372
0.49	0.04	2.99103
0.49	0.05	3.00958
0.49	0.06	3.00578
0.49	0.07	3.03137
0.49	0.08	3.02718
0.49	0.09	3.05173
0.49	0.1	3.03878
0.49	0.11	3.05471
0.49	0.12	3.03582
0.49	0.13	3.05251
0.49	0.14	3.03346
0.49	0.15	3.05155
0.49	0.16	3.03209
0.49	0.17	3.05146
0.49	0.18	3.03064
0.49	0.19	3.05118
0.49	0.2	3.02982
0.49	0.21	3.05074
0.49	0.22	3.02883
0.49	0.23	3.05071
0.49	0.24	3.02764
0.49	0.25	3.05079
0.49	0.26	3.02644
0.49	0.27	3.05113
0.49	0.28	3.02488
0.49	0.29	3.05244
0.49	0.3	3.02388
0.49	0.31	3.05389
0.49	0.32	3.02279
0.49	0.33	3.05767
0.49	0.34	3.02236
0.49	0.35	3.05698
0.49	0.36	3.02312
0.49	0.37	3.05875
0.49	0.38	3.02148
0.49	0.39	3.05015
0.49	0.4	3.02525
0.49	0.41	3.04346
0.49	0.42	3.05105
0.49	0.43	3.06227
0.49	0.44	3.09354
0.49	0.45	3.0963
0.49	0.46	3.14617
0.49	0.47	3.14397
0.49	0.48	3.20431
0.49	0.49	3.20598
0.49	0.5	3.24843
0.49	0.51	3.27894
0.49	0.52	3.29099
0.49	0.53	3.32119
0.49	0.54	3.31411
0.49	0.55	3.3283
0.49	0.56	3.30768
0.49	0.57	3.29904
0.49	0.58	3.27539
0.49	0.59	3.2489
0.49	0.6	3.22323
0.49	0.61	3.19308
0.49	0.62	3.16758
0.49	0.63	3.14139
0.49	0.64	3.1177
0.49	0.65	3.09482
0.49	0.66	3.07623
0.49	0.67	3.05988
0.49	0.68	3.04709
0.49	0.69	3.03523
0.49	0.7	3.02732
0.49	0.71	3.01947
0.49	0.72	3.01454
0.49	0.73	3.00917
0.49	0.74	3.00695
0.49	0.75	3.00324
0.49	0.76	3.00186
0.49	0.77	2.99952
0.49	0.78	2.99834
0.49	0.79	2.99675
0.49	0.8	2.99554
0.49	0.81	2.99464
0.49	0.82	2.99342
0.49	0.83	2.99259
0.49	0.84	2.99152
0.49	0.85	2.99043
0.49	0.86	2.98958
0.49	0.87	2.98838
0.49	0.88	2.98806
0.49	0.89	2.98684
0.49	0.9	2.98841
0.49	0.91	2.98536
0.49	0.92	2.99179
0.49	0.93	2.98414
0.49	0.94	2.99868
0.49	0.95	2.97957
0.49	0.96	3.01563
0.49	0.97	2.96596
0.49	0.98	2.96596
0.49	0.99	2.96596


0.5	0	3.00321
0.5	0.01	3.00321
0.5	0.02	3.00321
0.5	0.03	2.99337
0.5	0.04	2.98999
0.5	0.05	3.00788
0.5	0.06	3.00511
0.5	0.07	3.02937
0.5	0.08	3.02671
0.5	0.09	3.04988
0.5	0.1	3.03881
0.5	0.11	3.05345
0.5	0.12	3.03641
0.5	0.13	3.05131
0.5	0.14	3.03401
0.5	0.15	3.05033
0.5	0.16	3.03264
0.5	0.17	3.04994
0.5	0.18	3.03104
0.5	0.19	3.04962
0.5	0.2	3.03045
0.5	0.21	3.04947
0.5	0.22	3.02982
0.5	0.23	3.04951
0.5	0.24	3.02879
0.5	0.25	3.04964
0.5	0.26	3.02761
0.5	0.27	3.04988
0.5	0.28	3.02629
0.5	0.29	3.05086
0.5	0.3	3.02501
0.5	0.31	3.05287
0.5	0.32	3.02486
0.5	0.33	3.05481
0.5	0.34	3.02625
0.5	0.35	3.05963
0.5	0.36	3.02737
0.5	0.37	3.0645
0.5	0.38	3.03799
0.5	0.39	3.06561
0.5	0.4	3.05138
0.5	0.41	3.07013
0.5	0.42	3.07022
0.5	0.43	3.07212
0.5	0.44	3.09911
0.5	0.45	3.10048
0.5	0.46	3.14888
0.5	0.47	3.1462
0.5	0.48	3.20579
0.5	0.49	3.20777
0.5	0.5	3.2499
0.5	0.51	3.28026
0.5	0.52	3.29184
0.5	0.53	3.32168
0.5	0.54	3.3146
0.5	0.55	3.32869
0.5	0.56	3.30811
0.5	0.57	3.29934
0.5	0.58	3.2757
0.5	0.59	3.24918
0.5	0.6	3.22348
0.5	0.61	3.19335
0.5	0.62	3.16783
0.5	0.63	3.14163
0.5	0.64	3.11791
0.5	0.65	3.09501
0.5	0.66	3.07641
0.5	0.67	3.06006
0.5	0.68	3.04726
0.5	0.69	3.03541
0.5	0.7	3.02751
0.5	0.71	3.01967
0.5	0.72	3.01473
0.5	0.73	3.00934
0.5	0.74	3.0071
0.5	0.75	3.00339
0.5	0.76	3.002
0.5	0.77	2.99966
0.5	0.78	2.99848
0.5	0.79	2.9969
0.5	0.8	2.99571
0.5	0.81	2.99481
0.5	0.82	2.99359
0.5	0.83	2.99276
0.5	0.84	2.99169
0.5	0.85	2.99059
0.5	0.86	2.98974
0.5	0.87	2.98854
0.5	0.88	2.98823
0.5	0.89	2.98701
0.5	0.9	2.98858
0.5	0.91	2.98555
0.5	0.92	2.99197
0.5	0.93	2.98435
0.5	0.94	2.99887
0.5	0.95	2.97982
0.5	0.96	3.0158
0.5	0.97	2.96625
0.5	0.98	2.96625
0.5	0.99	2.96625


