0	0	4.5
0	0.01	4.5
0	0.02	4.5
0	0.03	4.5
0	0.04	4.5
0	0.05	4.5
0	0.06	4.5
0	0.07	4.5
0	0.08	4.5
0	0.09	4.5
0	0.1	4.5
0	0.11	4.5
0	0.12	4.5
0	0.13	4.5
0	0.14	4.50001
0	0.15	4.50001
0	0.16	4.50002
0	0.17	4.50004
0	0.18	4.50007
0	0.19	4.50014
0	0.2	4.50025
0	0.21	4.50045
0	0.22	4.50078
0	0.23	4.50134
0	0.24	4.50225
0	0.25	4.50371
0	0.26	4.50599
0	0.27	4.50949
0	0.28	4.51474
0	0.29	4.52244
0	0.3	4.53347
0	0.31	4.54895
0	0.32	4.57016
0	0.33	4.59857
0	0.34	4.63574
0	0.35	4.68323
0	0.36	4.74243
0	0.37	4.81442
0	0.38	4.8997
0	0.39	4.99806
0	0.4	5.10833
0	0.41	5.22831
0	0.42	5.35467
0	0.43	5.48311
0	0.44	5.60845
0	0.45	5.72503
0	0.46	5.82706
0	0.47	5.90912
0	0.48	5.96663
0	0.49	5.99625
0	0.5	5.99625
0	0.51	5.96663
0	0.52	5.90912
0	0.53	5.82706
0	0.54	5.72503
0	0.55	5.60845
0	0.56	5.48311
0	0.57	5.35467
0	0.58	5.22831
0	0.59	5.10833
0	0.6	4.99806
0	0.61	4.8997
0	0.62	4.81442
0	0.63	4.74243
0	0.64	4.68323
0	0.65	4.63574
0	0.66	4.59857
0	0.67	4.57016
0	0.68	4.54895
0	0.69	4.53347
0	0.7	4.52244
0	0.71	4.51474
0	0.72	4.50949
0	0.73	4.50599
0	0.74	4.50371
0	0.75	4.50225
0	0.76	4.50134
0	0.77	4.50078
0	0.78	4.50045
0	0.79	4.50025
0	0.8	4.50014
0	0.81	4.50007
0	0.82	4.50004
0	0.83	4.50002
0	0.84	4.50001
0	0.85	4.50001
0	0.86	4.5
0	0.87	4.5
0	0.88	4.5
0	0.89	4.5
0	0.9	4.5
0	0.91	4.5
0	0.92	4.5
0	0.93	4.5
0	0.94	4.5
0	0.95	4.5
0	0.96	4.5
0	0.97	4.5
0	0.98	4.5
0	0.99	4.5


0.01	0	4.49995
0.01	0.01	4.49995
0.01	0.02	4.49995
0.01	0.03	4.49986
0.01	0.04	4.49981
0.01	0.05	4.49968
0.01	0.06	4.49955
0.01	0.07	4.49931
0.01	0.08	4.49899
0.01	0.09	4.49853
0.01	0.1	4.49789
0.01	0.11	4.49699
0.01	0.12	4.49576
0.01	0.13	4.49409
0.01	0.14	4.49185
0.01	0.15	4.48889
0.01	0.16	4.48503
0.01	0.17	4.48006
0.01	0.18	4.47375
0.01	0.19	4.46588
0.01	0.2	4.4562
0.01	0.21	4.44451
0.01	0.22	4.43063
0.01	0.23	4.41445
0.01	0.24	4.39597
0.01	0.25	4.37529
0.01	0.26	4.35264
0.01	0.27	4.3284
0.01	0.28	4.3031
0.01	0.29	4.27739
0.01	0.3	4.25204
0.01	0.31	4.22791
0.01	0.32	4.20588
0.01	0.33	4.1869
0.01	0.34	4.17192
0.01	0.35	4.16194
0.01	0.36	4.15778
0.01	0.37	4.16038
0.01	0.38	4.17005
0.01	0.39	4.18989
0.01	0.4	4.21448
0.01	0.41	4.25645
0.01	0.42	4.30634
0.01	0.43	4.35839
0.01	0.44	4.43865
0.01	0.45	4.52825
0.01	0.46	4.61231
0.01	0.47	4.73627
0.01	0.48	4.8807
0.01	0.49	4.99373
0.01	0.5	5.13421
0.01	0.51	5.35494
0.01	0.52	5.5008
0.01	0.53	5.64978
0.01	0.54	5.87247
0.01	0.55	6.04682
0.01	0.56	6.206
0.01	0.57	6.3463
0.01	0.58	6.46049
0.01	0.59	6.54205
0.01	0.6	6.57922
0.01	0.61	6.55842
0.01	0.62	6.44356
0.01	0.63	6.24684
0.01	0.64	6.01295
0.01	0.65	5.75621
0.01	0.66	5.51092
0.01	0.67	5.30918
0.01	0.68	5.14667
0.01	0.69	5.01659
0.01	0.7	4.91274
0.01	0.71	4.82969
0.01	0.72	4.76304
0.01	0.73	4.70937
0.01	0.74	4.66609
0.01	0.75	4.63116
0.01	0.76	4.60302
0.01	0.77	4.58042
0.01	0.78	4.56234
0.01	0.79	4.54796
0.01	0.8	4.5366
0.01	0.81	4.52769
0.01	0.82	4.52077
0.01	0.83	4.51544
0.01	0.84	4.51136
0.01	0.85	4.50829
0.01	0.86	4.50598
0.01	0.87	4.50428
0.01	0.88	4.50303
0.01	0.89	4.50212
0.01	0.9	4.50147
0.01	0.91	4.50101
0.01	0.92	4.50069
0.01	0.93	4.50045
0.01	0.94	4.50032
0.01	0.95	4.50019
0.01	0.96	4.50014
0.01	0.97	4.50005
0.01	0.98	4.50005
0.01	0.99	4.50005


0.02	0	4.49977
0.02	0.01	4.49977
0.02	0.02	4.49977
0.02	0.03	4.49953
0.02	0.04	4.49937
0.02	0.05	4.49896
0.02	0.06	4.49858
0.02	0.07	4.49776
0.02	0.08	4.49702
0.02	0.09	4.49546
0.02	0.1	4.49392
0.02	0.11	4.4913
0.02	0.12	4.48821
0.02	0.13	4.48385
0.02	0.14	4.47835
0.02	0.15	4.47119
0.02	0.16	4.46219
0.02	0.17	4.45096
0.02	0.18	4.4372
0.02	0.19	4.42061
0.02	0.2	4.40093
0.02	0.21	4.37799
0.02	0.22	4.35171
0.02	0.23	4.32212
0.02	0.24	4.28937
0.02	0.25	4.25373
0.02	0.26	4.21561
0.02	0.27	4.17551
0.02	0.28	4.13402
0.02	0.29	4.0918
0.02	0.3	4.04953
0.02	0.31	4.00792
0.02	0.32	3.96768
0.02	0.33	3.92974
0.02	0.34	3.89458
0.02	0.35	3.86291
0.02	0.36	3.83533
0.02	0.37	3.81255
0.02	0.38	3.79456
0.02	0.39	3.78543
0.02	0.4	3.7775
0.02	0.41	3.78464
0.02	0.42	3.79363
0.02	0.43	3.81553
0.02	0.44	3.84046
0.02	0.45	3.88314
0.02	0.46	3.9357
0.02	0.47	4.00096
0.02	0.48	4.07327
0.02	0.49	4.16099
0.02	0.5	4.28275
0.02	0.51	4.40556
0.02	0.52	4.53426
0.02	0.53	4.69666
0.02	0.54	4.89583
0.02	0.55	5.08903
0.02	0.56	5.28267
0.02	0.57	5.51172
0.02	0.58	5.76432
0.02	0.59	6.00997
0.02	0.6	6.25428
0.02	0.61	6.49589
0.02	0.62	6.73381
0.02	0.63	6.95893
0.02	0.64	7.16178
0.02	0.65	7.31613
0.02	0.66	7.4149
0.02	0.67	7.44899
0.02	0.68	7.33899
0.02	0.69	7.07016
0.02	0.7	6.5461
0.02	0.71	5.78909
0.02	0.72	5.37386
0.02	0.73	5.13641
0.02	0.74	4.97664
0.02	0.75	4.8622
0.02	0.76	4.77734
0.02	0.77	4.71305
0.02	0.78	4.6637
0.02	0.79	4.62554
0.02	0.8	4.59594
0.02	0.81	4.57297
0.02	0.82	4.55518
0.02	0.83	4.54144
0.02	0.84	4.53092
0.02	0.85	4.52285
0.02	0.86	4.51682
0.02	0.87	4.51216
0.02	0.88	4.5089
0.02	0.89	4.50618
0.02	0.9	4.50459
0.02	0.91	4.503
0.02	0.92	4.50225
0.02	0.93	4.50143
0.02	0.94	4.50105
0.02	0.95	4.50063
0.02	0.96	4.50047
0.02	0.97	4.50023
0.02	0.98	4.50023
0.02	0.99	4.50023


0.03	0	4.49923
0.03	0.01	4.49923
0.03	0.02	4.49923
0.03	0.03	4.49857
0.03	0.04	4.49813
0.03	0.05	4.49705
0.03	0.06	4.49608
0.03	0.07	4.49408
0.03	0.08	4.49223
0.03	0.09	4.48864
0.03	0.1	4.48529
0.03	0.11	4.47919
0.03	0.12	4.47354
0.03	0.13	4.46354
0.03	0.14	4.45461
0.03	0.15	4.43946
0.03	0.16	4.42535
0.03	0.17	4.40493
0.03	0.18	4.38369
0.03	0.19	4.35747
0.03	0.2	4.32873
0.03	0.21	4.29606
0.03	0.22	4.26034
0.03	0.23	4.22141
0.03	0.24	4.17973
0.03	0.25	4.13559
0.03	0.26	4.08943
0.03	0.27	4.04171
0.03	0.28	3.99291
0.03	0.29	3.94354
0.03	0.3	3.89412
0.03	0.31	3.84527
0.03	0.32	3.79778
0.03	0.33	3.75182
0.03	0.34	3.70804
0.03	0.35	3.66695
0.03	0.36	3.62913
0.03	0.37	3.59544
0.03	0.38	3.56604
0.03	0.39	3.54273
0.03	0.4	3.52275
0.03	0.41	3.51139
0.03	0.42	3.50519
0.03	0.43	3.5067
0.03	0.44	3.51436
0.03	0.45	3.53292
0.03	0.46	3.55977
0.03	0.47	3.59934
0.03	0.48	3.6505
0.03	0.49	3.70884
0.03	0.5	3.78465
0.03	0.51	3.87785
0.03	0.52	3.9946
0.03	0.53	4.11799
0.03	0.54	4.25355
0.03	0.55	4.42329
0.03	0.56	4.60965
0.03	0.57	4.81028
0.03	0.58	5.02192
0.03	0.59	5.24994
0.03	0.6	5.48666
0.03	0.61	5.74464
0.03	0.62	5.98776
0.03	0.63	6.22466
0.03	0.64	6.45716
0.03	0.65	6.67596
0.03	0.66	6.88916
0.03	0.67	7.0698
0.03	0.68	7.23869
0.03	0.69	7.37953
0.03	0.7	7.48892
0.03	0.71	7.62018
0.03	0.72	7.68561
0.03	0.73	7.68526
0.03	0.74	7.62703
0.03	0.75	7.31709
0.03	0.76	5.96752
0.03	0.77	5.14419
0.03	0.78	4.9198
0.03	0.79	4.803
0.03	0.8	4.72549
0.03	0.81	4.66818
0.03	0.82	4.62787
0.03	0.83	4.59447
0.03	0.84	4.57319
0.03	0.85	4.55235
0.03	0.86	4.5411
0.03	0.87	4.52877
0.03	0.88	4.52232
0.03	0.89	4.51545
0.03	0.9	4.51183
0.03	0.91	4.50798
0.03	0.92	4.50605
0.03	0.93	4.50398
0.03	0.94	4.50298
0.03	0.95	4.50189
0.03	0.96	4.50144
0.03	0.97	4.50078
0.03	0.98	4.50078
0.03	0.99	4.50078


0.04	0	4.49775
0.04	0.01	4.49775
0.04	0.02	4.49775
0.04	0.03	4.49606
0.04	0.04	4.49496
0.04	0.05	4.4924
0.04	0.06	4.49012
0.04	0.07	4.48572
0.04	0.08	4.48168
0.04	0.09	4.47439
0.04	0.1	4.46769
0.04	0.11	4.45626
0.04	0.12	4.44586
0.04	0.13	4.42905
0.04	0.14	4.41387
0.04	0.15	4.39075
0.04	0.16	4.36993
0.04	0.17	4.34004
0.04	0.18	4.3132
0.04	0.19	4.27662
0.04	0.2	4.24384
0.04	0.21	4.20139
0.04	0.22	4.1629
0.04	0.23	4.11615
0.04	0.24	4.07225
0.04	0.25	4.02311
0.04	0.26	3.97474
0.04	0.27	3.92416
0.04	0.28	3.8734
0.04	0.29	3.82208
0.04	0.3	3.77097
0.04	0.31	3.72046
0.04	0.32	3.67077
0.04	0.33	3.62228
0.04	0.34	3.57554
0.04	0.35	3.53113
0.04	0.36	3.48954
0.04	0.37	3.45135
0.04	0.38	3.41675
0.04	0.39	3.38622
0.04	0.4	3.36232
0.04	0.41	3.33727
0.04	0.42	3.32957
0.04	0.43	3.31706
0.04	0.44	3.31557
0.04	0.45	3.32494
0.04	0.46	3.33775
0.04	0.47	3.36484
0.04	0.48	3.3971
0.04	0.49	3.44638
0.04	0.5	3.50871
0.04	0.51	3.58265
0.04	0.52	3.67747
0.04	0.53	3.78773
0.04	0.54	3.91427
0.04	0.55	4.06091
0.04	0.56	4.22672
0.04	0.57	4.41296
0.04	0.58	4.61322
0.04	0.59	4.83263
0.04	0.6	5.03295
0.04	0.61	5.26195
0.04	0.62	5.4792
0.04	0.63	5.68412
0.04	0.64	5.87628
0.04	0.65	6.05686
0.04	0.66	6.22802
0.04	0.67	6.39028
0.04	0.68	6.54257
0.04	0.69	6.67513
0.04	0.7	6.81706
0.04	0.71	6.94253
0.04	0.72	7.04217
0.04	0.73	7.18964
0.04	0.74	7.3121
0.04	0.75	7.37403
0.04	0.76	7.48768
0.04	0.77	7.56734
0.04	0.78	7.61968
0.04	0.79	7.70613
0.04	0.8	7.60628
0.04	0.81	6.21537
0.04	0.82	4.97161
0.04	0.83	4.73407
0.04	0.84	4.67376
0.04	0.85	4.62108
0.04	0.86	4.5949
0.04	0.87	4.56713
0.04	0.88	4.55239
0.04	0.89	4.53681
0.04	0.9	4.52855
0.04	0.91	4.51977
0.04	0.92	4.5152
0.04	0.93	4.51032
0.04	0.94	4.50787
0.04	0.95	4.50516
0.04	0.96	4.50402
0.04	0.97	4.50228
0.04	0.98	4.50228
0.04	0.99	4.50228


0.05	0	4.49406
0.05	0.01	4.49406
0.05	0.02	4.49406
0.05	0.03	4.49012
0.05	0.04	4.48768
0.05	0.05	4.48218
0.05	0.06	4.47743
0.05	0.07	4.46886
0.05	0.08	4.4611
0.05	0.09	4.44819
0.05	0.1	4.43649
0.05	0.11	4.41819
0.05	0.12	4.40168
0.05	0.13	4.37736
0.05	0.14	4.35546
0.05	0.15	4.32502
0.05	0.16	4.29756
0.05	0.17	4.26139
0.05	0.18	4.22859
0.05	0.19	4.18742
0.05	0.2	4.1498
0.05	0.21	4.10457
0.05	0.22	4.06288
0.05	0.23	4.01452
0.05	0.24	3.96963
0.05	0.25	3.9191
0.05	0.26	3.87187
0.05	0.27	3.82019
0.05	0.28	3.77149
0.05	0.29	3.72005
0.05	0.3	3.67079
0.05	0.31	3.62074
0.05	0.32	3.57194
0.05	0.33	3.52374
0.05	0.34	3.47833
0.05	0.35	3.43238
0.05	0.36	3.39262
0.05	0.37	3.35228
0.05	0.38	3.31457
0.05	0.39	3.28646
0.05	0.4	3.25272
0.05	0.41	3.23168
0.05	0.42	3.2158
0.05	0.43	3.19583
0.05	0.44	3.19666
0.05	0.45	3.19447
0.05	0.46	3.20285
0.05	0.47	3.22142
0.05	0.48	3.24923
0.05	0.49	3.29322
0.05	0.5	3.3476
0.05	0.51	3.41695
0.05	0.52	3.50321
0.05	0.53	3.60981
0.05	0.54	3.73562
0.05	0.55	3.88388
0.05	0.56	4.05001
0.05	0.57	4.23927
0.05	0.58	4.42866
0.05	0.59	4.64786
0.05	0.6	4.81622
0.05	0.61	5.0175
0.05	0.62	5.19113
0.05	0.63	5.35482
0.05	0.64	5.4988
0.05	0.65	5.63426
0.05	0.66	5.76527
0.05	0.67	5.89066
0.05	0.68	6.0081
0.05	0.69	6.12041
0.05	0.7	6.22644
0.05	0.71	6.33331
0.05	0.72	6.44681
0.05	0.73	6.54403
0.05	0.74	6.64423
0.05	0.75	6.76218
0.05	0.76	6.85372
0.05	0.77	6.94036
0.05	0.78	7.05893
0.05	0.79	7.14505
0.05	0.8	7.22177
0.05	0.81	7.3719
0.05	0.82	7.42362
0.05	0.83	7.42946
0.05	0.84	7.62006
0.05	0.85	7.59646
0.05	0.86	6.20105
0.05	0.87	4.81341
0.05	0.88	4.63757
0.05	0.89	4.5871
0.05	0.9	4.56733
0.05	0.91	4.5471
0.05	0.92	4.53655
0.05	0.93	4.52529
0.05	0.94	4.51957
0.05	0.95	4.51316
0.05	0.96	4.51042
0.05	0.97	4.50615
0.05	0.98	4.50615
0.05	0.99	4.50615


0.06	0	4.48581
0.06	0.01	4.48581
0.06	0.02	4.48581
0.06	0.03	4.47757
0.06	0.04	4.47277
0.06	0.05	4.46246
0.06	0.06	4.45379
0.06	0.07	4.43933
0.06	0.08	4.42643
0.06	0.09	4.4068
0.06	0.1	4.38914
0.06	0.11	4.36394
0.06	0.12	4.34121
0.06	0.13	4.31059
0.06	0.14	4.28283
0.06	0.15	4.2473
0.06	0.16	4.21485
0.06	0.17	4.17512
0.06	0.18	4.13852
0.06	0.19	4.09541
0.06	0.2	4.0553
0.06	0.21	4.00957
0.06	0.22	3.96664
0.06	0.23	3.91901
0.06	0.24	3.87393
0.06	0.25	3.82508
0.06	0.26	3.7786
0.06	0.27	3.72933
0.06	0.28	3.68223
0.06	0.29	3.63306
0.06	0.3	3.58595
0.06	0.31	3.53806
0.06	0.32	3.49131
0.06	0.33	3.44744
0.06	0.34	3.40179
0.06	0.35	3.35992
0.06	0.36	3.32159
0.06	0.37	3.27876
0.06	0.38	3.24917
0.06	0.39	3.21312
0.06	0.4	3.18734
0.06	0.41	3.15998
0.06	0.42	3.14531
0.06	0.43	3.12521
0.06	0.44	3.12207
0.06	0.45	3.11776
0.06	0.46	3.12468
0.06	0.47	3.14111
0.06	0.48	3.16852
0.06	0.49	3.20919
0.06	0.5	3.26421
0.06	0.51	3.33596
0.06	0.52	3.42831
0.06	0.53	3.54399
0.06	0.54	3.68234
0.06	0.55	3.85089
0.06	0.56	4.03165
0.06	0.57	4.22501
0.06	0.58	4.42535
0.06	0.59	4.57964
0.06	0.6	4.74934
0.06	0.61	4.88971
0.06	0.62	5.02094
0.06	0.63	5.13333
0.06	0.64	5.23863
0.06	0.65	5.33952
0.06	0.66	5.43715
0.06	0.67	5.53118
0.06	0.68	5.62125
0.06	0.69	5.70823
0.06	0.7	5.79488
0.06	0.71	5.88153
0.06	0.72	5.97139
0.06	0.73	6.06133
0.06	0.74	6.14691
0.06	0.75	6.2327
0.06	0.76	6.3258
0.06	0.77	6.41382
0.06	0.78	6.4958
0.06	0.79	6.58814
0.06	0.8	6.68863
0.06	0.81	6.76159
0.06	0.82	6.84296
0.06	0.83	6.96114
0.06	0.84	7.01921
0.06	0.85	7.08186
0.06	0.86	7.24103
0.06	0.87	7.28911
0.06	0.88	7.299
0.06	0.89	7.50901
0.06	0.9	7.43237
0.06	0.91	5.79967
0.06	0.92	4.70342
0.06	0.93	4.56886
0.06	0.94	4.54795
0.06	0.95	4.53186
0.06	0.96	4.52565
0.06	0.97	4.51558
0.06	0.98	4.51558
0.06	0.99	4.51558


0.07	0	4.46948
0.07	0.01	4.46948
0.07	0.02	4.46948
0.07	0.03	4.45448
0.07	0.04	4.44633
0.07	0.05	4.42958
0.07	0.06	4.41597
0.07	0.07	4.39497
0.07	0.08	4.37644
0.07	0.09	4.35056
0.07	0.1	4.32726
0.07	0.11	4.29667
0.07	0.12	4.26885
0.07	0.13	4.23408
0.07	0.14	4.20216
0.07	0.15	4.16389
0.07	0.16	4.12838
0.07	0.17	4.08728
0.07	0.18	4.04877
0.07	0.19	4.00548
0.07	0.2	3.96453
0.07	0.21	3.9196
0.07	0.22	3.87677
0.07	0.23	3.83076
0.07	0.24	3.7866
0.07	0.25	3.74012
0.07	0.26	3.69518
0.07	0.27	3.64873
0.07	0.28	3.60339
0.07	0.29	3.55736
0.07	0.3	3.51288
0.07	0.31	3.46706
0.07	0.32	3.42598
0.07	0.33	3.38159
0.07	0.34	3.34238
0.07	0.35	3.30098
0.07	0.36	3.26646
0.07	0.37	3.22741
0.07	0.38	3.1989
0.07	0.39	3.16494
0.07	0.4	3.1429
0.07	0.41	3.11518
0.07	0.42	3.10233
0.07	0.43	3.08439
0.07	0.44	3.08147
0.07	0.45	3.07796
0.07	0.46	3.08664
0.07	0.47	3.1045
0.07	0.48	3.13469
0.07	0.49	3.18061
0.07	0.5	3.24365
0.07	0.51	3.32883
0.07	0.52	3.44097
0.07	0.53	3.58372
0.07	0.54	3.77277
0.07	0.55	3.94824
0.07	0.56	4.16479
0.07	0.57	4.31826
0.07	0.58	4.48178
0.07	0.59	4.59475
0.07	0.6	4.70908
0.07	0.61	4.80678
0.07	0.62	4.88926
0.07	0.63	4.9675
0.07	0.64	5.04449
0.07	0.65	5.11971
0.07	0.66	5.19188
0.07	0.67	5.26132
0.07	0.68	5.33016
0.07	0.69	5.40038
0.07	0.7	5.47246
0.07	0.71	5.54603
0.07	0.72	5.61954
0.07	0.73	5.69284
0.07	0.74	5.7661
0.07	0.75	5.83978
0.07	0.76	5.91553
0.07	0.77	5.99449
0.07	0.78	6.07044
0.07	0.79	6.1446
0.07	0.8	6.22226
0.07	0.81	6.30428
0.07	0.82	6.37839
0.07	0.83	6.45217
0.07	0.84	6.54127
0.07	0.85	6.62429
0.07	0.86	6.68836
0.07	0.87	6.76745
0.07	0.88	6.8759
0.07	0.89	6.92462
0.07	0.9	6.98503
0.07	0.91	7.13188
0.07	0.92	7.15253
0.07	0.93	7.18861
0.07	0.94	7.41567
0.07	0.95	7.05083
0.07	0.96	5.28109
0.07	0.97	4.58762
0.07	0.98	4.58762
0.07	0.99	4.58762


0.08	0	4.44159
0.08	0.01	4.44159
0.08	0.02	4.44159
0.08	0.03	4.41799
0.08	0.04	4.4061
0.08	0.05	4.38254
0.08	0.06	4.364
0.08	0.07	4.33727
0.08	0.08	4.31377
0.08	0.09	4.2833
0.08	0.1	4.25562
0.08	0.11	4.22169
0.08	0.12	4.19038
0.08	0.13	4.15352
0.08	0.14	4.11912
0.08	0.15	4.07989
0.08	0.16	4.0429
0.08	0.17	4.00181
0.08	0.18	3.96273
0.08	0.19	3.92023
0.08	0.2	3.87951
0.08	0.21	3.83604
0.08	0.22	3.79414
0.08	0.23	3.75016
0.08	0.24	3.70757
0.08	0.25	3.66334
0.08	0.26	3.62043
0.08	0.27	3.57603
0.08	0.28	3.5338
0.08	0.29	3.49025
0.08	0.3	3.44926
0.08	0.31	3.40678
0.08	0.32	3.36847
0.08	0.33	3.32731
0.08	0.34	3.29191
0.08	0.35	3.25315
0.08	0.36	3.22231
0.08	0.37	3.18637
0.08	0.38	3.16127
0.08	0.39	3.13039
0.08	0.4	3.11154
0.08	0.41	3.08867
0.08	0.42	3.07425
0.08	0.43	3.06757
0.08	0.44	3.06069
0.08	0.45	3.06489
0.08	0.46	3.0759
0.08	0.47	3.10269
0.08	0.48	3.14184
0.08	0.49	3.2017
0.08	0.5	3.28558
0.08	0.51	3.40526
0.08	0.52	3.58222
0.08	0.53	3.77435
0.08	0.54	4.02215
0.08	0.55	4.16062
0.08	0.56	4.3317
0.08	0.57	4.4288
0.08	0.58	4.5136
0.08	0.59	4.59983
0.08	0.6	4.6688
0.08	0.61	4.725
0.08	0.62	4.78054
0.08	0.63	4.83706
0.08	0.64	4.89276
0.08	0.65	4.9461
0.08	0.66	4.99868
0.08	0.67	5.05317
0.08	0.68	5.11014
0.08	0.69	5.16919
0.08	0.7	5.22881
0.08	0.71	5.28824
0.08	0.72	5.34854
0.08	0.73	5.40971
0.08	0.74	5.47269
0.08	0.75	5.5371
0.08	0.76	5.60249
0.08	0.77	5.66758
0.08	0.78	5.73281
0.08	0.79	5.79882
0.08	0.8	5.86566
0.08	0.81	5.93522
0.08	0.82	6.0052
0.08	0.83	6.0731
0.08	0.84	6.14155
0.08	0.85	6.21364
0.08	0.86	6.28735
0.08	0.87	6.35148
0.08	0.88	6.42112
0.08	0.89	6.50045
0.08	0.9	6.57699
0.08	0.91	6.61782
0.08	0.92	6.74337
0.08	0.93	6.75889
0.08	0.94	6.89979
0.08	0.95	6.90124
0.08	0.96	6.96204
0.08	0.97	7.1911
0.08	0.98	7.1911
0.08	0.99	7.1911


0.09	0	4.40065
0.09	0.01	4.40065
0.09	0.02	4.40065
0.09	0.03	4.36835
0.09	0.04	4.35315
0.09	0.05	4.32377
0.09	0.06	4.30122
0.09	0.07	4.2704
0.09	0.08	4.24327
0.09	0.09	4.21004
0.09	0.1	4.17949
0.09	0.11	4.14393
0.09	0.12	4.11064
0.09	0.13	4.07311
0.09	0.14	4.03758
0.09	0.15	3.99847
0.09	0.16	3.96111
0.09	0.17	3.92078
0.09	0.18	3.882
0.09	0.19	3.84079
0.09	0.2	3.80096
0.09	0.21	3.75925
0.09	0.22	3.71877
0.09	0.23	3.67679
0.09	0.24	3.63592
0.09	0.25	3.59369
0.09	0.26	3.55305
0.09	0.27	3.51143
0.09	0.28	3.47193
0.09	0.29	3.43109
0.09	0.3	3.39333
0.09	0.31	3.35367
0.09	0.32	3.3185
0.09	0.33	3.28041
0.09	0.34	3.24845
0.09	0.35	3.21375
0.09	0.36	3.18372
0.09	0.37	3.15768
0.09	0.38	3.12554
0.09	0.39	3.11086
0.09	0.4	3.0851
0.09	0.41	3.07291
0.09	0.42	3.0634
0.09	0.43	3.0577
0.09	0.44	3.05874
0.09	0.45	3.06744
0.09	0.46	3.09061
0.09	0.47	3.13174
0.09	0.48	3.18936
0.09	0.49	3.28328
0.09	0.5	3.43376
0.09	0.51	3.65178
0.09	0.52	3.94393
0.09	0.53	4.09828
0.09	0.54	4.24624
0.09	0.55	4.37219
0.09	0.56	4.41393
0.09	0.57	4.48134
0.09	0.58	4.54013
0.09	0.59	4.57791
0.09	0.6	4.61055
0.09	0.61	4.64973
0.09	0.62	4.68975
0.09	0.63	4.7315
0.09	0.64	4.77025
0.09	0.65	4.80921
0.09	0.66	4.85127
0.09	0.67	4.89568
0.09	0.68	4.94227
0.09	0.69	4.98925
0.09	0.7	5.03687
0.09	0.71	5.0867
0.09	0.72	5.13748
0.09	0.73	5.19075
0.09	0.74	5.24437
0.09	0.75	5.29843
0.09	0.76	5.35344
0.09	0.77	5.40918
0.09	0.78	5.46646
0.09	0.79	5.52484
0.09	0.8	5.58502
0.09	0.81	5.64475
0.09	0.82	5.70558
0.09	0.83	5.76501
0.09	0.84	5.82728
0.09	0.85	5.88782
0.09	0.86	5.95322
0.09	0.87	6.01621
0.09	0.88	6.07613
0.09	0.89	6.14489
0.09	0.9	6.20445
0.09	0.91	6.27426
0.09	0.92	6.32829
0.09	0.93	6.40022
0.09	0.94	6.46065
0.09	0.95	6.58373
0.09	0.96	6.65037
0.09	0.97	6.778
0.09	0.98	6.778
0.09	0.99	6.778


0.1	0	4.34828
0.1	0.01	4.34828
0.1	0.02	4.34828
0.1	0.03	4.30877
0.1	0.04	4.29113
0.1	0.05	4.25757
0.1	0.06	4.23228
0.1	0.07	4.19898
0.1	0.08	4.16959
0.1	0.09	4.13503
0.1	0.1	4.10292
0.1	0.11	4.06689
0.1	0.12	4.03274
0.1	0.13	3.99541
0.1	0.14	3.95965
0.1	0.15	3.92127
0.1	0.16	3.88425
0.1	0.17	3.84508
0.1	0.18	3.80712
0.1	0.19	3.76747
0.1	0.2	3.7289
0.1	0.21	3.68896
0.1	0.22	3.64999
0.1	0.23	3.6098
0.1	0.24	3.57073
0.1	0.25	3.53095
0.1	0.26	3.4928
0.1	0.27	3.45368
0.1	0.28	3.41677
0.1	0.29	3.37913
0.1	0.3	3.34239
0.1	0.31	3.30895
0.1	0.32	3.27148
0.1	0.33	3.24259
0.1	0.34	3.20836
0.1	0.35	3.1807
0.1	0.36	3.15453
0.1	0.37	3.12484
0.1	0.38	3.1103
0.1	0.39	3.08425
0.1	0.4	3.07531
0.1	0.41	3.06338
0.1	0.42	3.05948
0.1	0.43	3.05965
0.1	0.44	3.06696
0.1	0.45	3.08919
0.1	0.46	3.13141
0.1	0.47	3.19828
0.1	0.48	3.30977
0.1	0.49	3.53751
0.1	0.5	3.86097
0.1	0.51	4.14787
0.1	0.52	4.1977
0.1	0.53	4.33139
0.1	0.54	4.42723
0.1	0.55	4.43072
0.1	0.56	4.45805
0.1	0.57	4.49792
0.1	0.58	4.5236
0.1	0.59	4.54368
0.1	0.6	4.57079
0.1	0.61	4.59553
0.1	0.62	4.61982
0.1	0.63	4.6469
0.1	0.64	4.66962
0.1	0.65	4.70512
0.1	0.66	4.73776
0.1	0.67	4.77479
0.1	0.68	4.81172
0.1	0.69	4.84785
0.1	0.7	4.88876
0.1	0.71	4.92838
0.1	0.72	4.97163
0.1	0.73	5.01587
0.1	0.74	5.06035
0.1	0.75	5.10786
0.1	0.76	5.15469
0.1	0.77	5.2046
0.1	0.78	5.25464
0.1	0.79	5.30578
0.1	0.8	5.35751
0.1	0.81	5.40923
0.1	0.82	5.46217
0.1	0.83	5.51641
0.1	0.84	5.57118
0.1	0.85	5.6274
0.1	0.86	5.68259
0.1	0.87	5.7393
0.1	0.88	5.79374
0.1	0.89	5.85183
0.1	0.9	5.90528
0.1	0.91	5.96722
0.1	0.92	6.02481
0.1	0.93	6.11586
0.1	0.94	6.19058
0.1	0.95	6.29307
0.1	0.96	6.33235
0.1	0.97	6.41105
0.1	0.98	6.41105
0.1	0.99	6.41105


0.11	0	4.28806
0.11	0.01	4.28806
0.11	0.02	4.28806
0.11	0.03	4.24349
0.11	0.04	4.22425
0.11	0.05	4.18815
0.11	0.06	4.16121
0.11	0.07	4.1267
0.11	0.08	4.09611
0.11	0.09	4.06117
0.11	0.1	4.02842
0.11	0.11	3.99262
0.11	0.12	3.95836
0.11	0.13	3.92171
0.11	0.14	3.8863
0.11	0.15	3.84897
0.11	0.16	3.81272
0.11	0.17	3.77493
0.11	0.18	3.7381
0.11	0.19	3.70003
0.11	0.2	3.66281
0.11	0.21	3.62448
0.11	0.22	3.58701
0.11	0.23	3.54906
0.11	0.24	3.51166
0.11	0.25	3.47516
0.11	0.26	3.43769
0.11	0.27	3.40286
0.11	0.28	3.36666
0.11	0.29	3.33209
0.11	0.3	3.29961
0.11	0.31	3.26429
0.11	0.32	3.2366
0.11	0.33	3.20339
0.11	0.34	3.17845
0.11	0.35	3.14955
0.11	0.36	3.12884
0.11	0.37	3.10593
0.11	0.38	3.08555
0.11	0.39	3.07845
0.11	0.4	3.0636
0.11	0.41	3.062
0.11	0.42	3.06313
0.11	0.43	3.07013
0.11	0.44	3.092
0.11	0.45	3.138
0.11	0.46	3.22105
0.11	0.47	3.42098
0.11	0.48	3.73814
0.11	0.49	4.18628
0.11	0.5	4.27005
0.11	0.51	4.29385
0.11	0.52	4.39359
0.11	0.53	4.45747
0.11	0.54	4.44049
0.11	0.55	4.4553
0.11	0.56	4.49092
0.11	0.57	4.50664
0.11	0.58	4.5088
0.11	0.59	4.51814
0.11	0.6	4.52989
0.11	0.61	4.5476
0.11	0.62	4.56713
0.11	0.63	4.586
0.11	0.64	4.60938
0.11	0.65	4.62899
0.11	0.66	4.65276
0.11	0.67	4.68054
0.11	0.68	4.70471
0.11	0.69	4.73823
0.11	0.7	4.76869
0.11	0.71	4.80453
0.11	0.72	4.84033
0.11	0.73	4.8769
0.11	0.74	4.91622
0.11	0.75	4.95391
0.11	0.76	4.99587
0.11	0.77	5.03848
0.11	0.78	5.08177
0.11	0.79	5.12676
0.11	0.8	5.17113
0.11	0.81	5.21805
0.11	0.82	5.26486
0.11	0.83	5.31313
0.11	0.84	5.36175
0.11	0.85	5.4104
0.11	0.86	5.45968
0.11	0.87	5.50852
0.11	0.88	5.55747
0.11	0.89	5.60918
0.11	0.9	5.6688
0.11	0.91	5.74316
0.11	0.92	5.81756
0.11	0.93	5.89628
0.11	0.94	5.94766
0.11	0.95	6.00744
0.11	0.96	6.02775
0.11	0.97	6.10599
0.11	0.98	6.10599
0.11	0.99	6.10599


0.12	0	4.2238
0.12	0.01	4.2238
0.12	0.02	4.2238
0.12	0.03	4.17616
0.12	0.04	4.15596
0.12	0.05	4.11861
0.12	0.06	4.09082
0.12	0.07	4.05595
0.12	0.08	4.0249
0.12	0.09	3.99018
0.12	0.1	3.95739
0.12	0.11	3.9222
0.12	0.12	3.88829
0.12	0.13	3.85257
0.12	0.14	3.81787
0.12	0.15	3.78177
0.12	0.16	3.74652
0.12	0.17	3.71016
0.12	0.18	3.6745
0.12	0.19	3.63797
0.12	0.2	3.60193
0.12	0.21	3.56562
0.12	0.22	3.52967
0.12	0.23	3.49381
0.12	0.24	3.45903
0.12	0.25	3.42317
0.12	0.26	3.38994
0.12	0.27	3.35497
0.12	0.28	3.32314
0.12	0.29	3.28973
0.12	0.3	3.25979
0.12	0.31	3.2296
0.12	0.32	3.19866
0.12	0.33	3.17662
0.12	0.34	3.14612
0.12	0.35	3.12788
0.12	0.36	3.1061
0.12	0.37	3.08587
0.12	0.38	3.07965
0.12	0.39	3.06604
0.12	0.4	3.06438
0.12	0.41	3.0659
0.12	0.42	3.07376
0.12	0.43	3.09695
0.12	0.44	3.15196
0.12	0.45	3.29049
0.12	0.46	3.64118
0.12	0.47	4.18168
0.12	0.48	4.29662
0.12	0.49	4.30227
0.12	0.5	4.38915
0.12	0.51	4.4731
0.12	0.52	4.48166
0.12	0.53	4.44426
0.12	0.54	4.4614
0.12	0.55	4.48579
0.12	0.56	4.49054
0.12	0.57	4.489
0.12	0.58	4.49576
0.12	0.59	4.51011
0.12	0.6	4.51814
0.12	0.61	4.52488
0.12	0.62	4.528
0.12	0.63	4.5425
0.12	0.64	4.55323
0.12	0.65	4.57364
0.12	0.66	4.59062
0.12	0.67	4.61089
0.12	0.68	4.63297
0.12	0.69	4.65325
0.12	0.7	4.67799
0.12	0.71	4.7067
0.12	0.72	4.73344
0.12	0.73	4.76627
0.12	0.74	4.79717
0.12	0.75	4.83284
0.12	0.76	4.86721
0.12	0.77	4.90419
0.12	0.78	4.94225
0.12	0.79	4.97887
0.12	0.8	5.01923
0.12	0.81	5.0596
0.12	0.82	5.10169
0.12	0.83	5.1446
0.12	0.84	5.1865
0.12	0.85	5.22863
0.12	0.86	5.27084
0.12	0.87	5.31715
0.12	0.88	5.373
0.12	0.89	5.44116
0.12	0.9	5.51189
0.12	0.91	5.57537
0.12	0.92	5.62593
0.12	0.93	5.67177
0.12	0.94	5.70189
0.12	0.95	5.75319
0.12	0.96	5.774
0.12	0.97	5.85207
0.12	0.98	5.85207
0.12	0.99	5.85207


0.13	0	4.15848
0.13	0.01	4.15848
0.13	0.02	4.15848
0.13	0.03	4.10927
0.13	0.04	4.08855
0.13	0.05	4.05087
0.13	0.06	4.02276
0.13	0.07	3.98811
0.13	0.08	3.95707
0.13	0.09	3.9229
0.13	0.1	3.89045
0.13	0.11	3.85609
0.13	0.12	3.82281
0.13	0.13	3.78817
0.13	0.14	3.75436
0.13	0.15	3.71951
0.13	0.16	3.68533
0.13	0.17	3.65027
0.13	0.18	3.61585
0.13	0.19	3.58064
0.13	0.2	3.54632
0.13	0.21	3.5115
0.13	0.22	3.47781
0.13	0.23	3.44371
0.13	0.24	3.41052
0.13	0.25	3.3778
0.13	0.26	3.34431
0.13	0.27	3.31453
0.13	0.28	3.28177
0.13	0.29	3.25319
0.13	0.3	3.22473
0.13	0.31	3.19437
0.13	0.32	3.17325
0.13	0.33	3.14452
0.13	0.34	3.12624
0.13	0.35	3.10547
0.13	0.36	3.08662
0.13	0.37	3.08039
0.13	0.38	3.06793
0.13	0.39	3.0668
0.13	0.4	3.0686
0.13	0.41	3.0775
0.13	0.42	3.10582
0.13	0.43	3.19358
0.13	0.44	3.49445
0.13	0.45	4.13394
0.13	0.46	4.30771
0.13	0.47	4.34387
0.13	0.48	4.42074
0.13	0.49	4.48863
0.13	0.5	4.48483
0.13	0.51	4.43715
0.13	0.52	4.44632
0.13	0.53	4.4856
0.13	0.54	4.50151
0.13	0.55	4.48927
0.13	0.56	4.48281
0.13	0.57	4.48877
0.13	0.58	4.49545
0.13	0.59	4.49798
0.13	0.6	4.49852
0.13	0.61	4.5075
0.13	0.62	4.51372
0.13	0.63	4.52004
0.13	0.64	4.52685
0.13	0.65	4.53586
0.13	0.66	4.54172
0.13	0.67	4.55836
0.13	0.68	4.57232
0.13	0.69	4.59372
0.13	0.7	4.61132
0.13	0.71	4.63273
0.13	0.72	4.65603
0.13	0.73	4.67864
0.13	0.74	4.70442
0.13	0.75	4.73384
0.13	0.76	4.76183
0.13	0.77	4.79417
0.13	0.78	4.82557
0.13	0.79	4.86046
0.13	0.8	4.89388
0.13	0.81	4.92977
0.13	0.82	4.96551
0.13	0.83	4.9996
0.13	0.84	5.03567
0.13	0.85	5.07857
0.13	0.86	5.13362
0.13	0.87	5.19624
0.13	0.88	5.26013
0.13	0.89	5.31247
0.13	0.9	5.35505
0.13	0.91	5.39239
0.13	0.92	5.4236
0.13	0.93	5.46224
0.13	0.94	5.49088
0.13	0.95	5.54395
0.13	0.96	5.56497
0.13	0.97	5.6386
0.13	0.98	5.6386
0.13	0.99	5.6386


0.14	0	4.09407
0.14	0.01	4.09407
0.14	0.02	4.09407
0.14	0.03	4.04432
0.14	0.04	4.02338
0.14	0.05	3.98598
0.14	0.06	3.9579
0.14	0.07	3.92382
0.14	0.08	3.89309
0.14	0.09	3.8597
0.14	0.1	3.82782
0.14	0.11	3.79441
0.14	0.12	3.76193
0.14	0.13	3.72838
0.14	0.14	3.69555
0.14	0.15	3.66182
0.14	0.16	3.62872
0.14	0.17	3.59491
0.14	0.18	3.56168
0.14	0.19	3.52834
0.14	0.2	3.49515
0.14	0.21	3.4628
0.14	0.22	3.43
0.14	0.23	3.3981
0.14	0.24	3.36692
0.14	0.25	3.33459
0.14	0.26	3.30599
0.14	0.27	3.2749
0.14	0.28	3.24681
0.14	0.29	3.22006
0.14	0.3	3.19054
0.14	0.31	3.17019
0.14	0.32	3.14237
0.14	0.33	3.12519
0.14	0.34	3.10446
0.14	0.35	3.08721
0.14	0.36	3.08107
0.14	0.37	3.0695
0.14	0.38	3.06871
0.14	0.39	3.07109
0.14	0.4	3.08303
0.14	0.41	3.13081
0.14	0.42	3.3451
0.14	0.43	4.0175
0.14	0.44	4.33018
0.14	0.45	4.38863
0.14	0.46	4.44847
0.14	0.47	4.48962
0.14	0.48	4.47058
0.14	0.49	4.44264
0.14	0.5	4.45867
0.14	0.51	4.49736
0.14	0.52	4.50612
0.14	0.53	4.48349
0.14	0.54	4.47069
0.14	0.55	4.48085
0.14	0.56	4.49707
0.14	0.57	4.49802
0.14	0.58	4.49383
0.14	0.59	4.49253
0.14	0.6	4.49388
0.14	0.61	4.49508
0.14	0.62	4.49893
0.14	0.63	4.50373
0.14	0.64	4.50638
0.14	0.65	4.51401
0.14	0.66	4.52118
0.14	0.67	4.52796
0.14	0.68	4.53613
0.14	0.69	4.54878
0.14	0.7	4.55837
0.14	0.71	4.5771
0.14	0.72	4.59331
0.14	0.73	4.61482
0.14	0.74	4.63423
0.14	0.75	4.6563
0.14	0.76	4.68083
0.14	0.77	4.70552
0.14	0.78	4.73158
0.14	0.79	4.76067
0.14	0.8	4.78724
0.14	0.81	4.81558
0.14	0.82	4.84872
0.14	0.83	4.89026
0.14	0.84	4.94298
0.14	0.85	4.9998
0.14	0.86	5.05209
0.14	0.87	5.09393
0.14	0.88	5.12793
0.14	0.89	5.15855
0.14	0.9	5.18777
0.14	0.91	5.21989
0.14	0.92	5.24894
0.14	0.93	5.28969
0.14	0.94	5.31776
0.14	0.95	5.36726
0.14	0.96	5.38752
0.14	0.97	5.45537
0.14	0.98	5.45537
0.14	0.99	5.45537


0.15	0	4.03175
0.15	0.01	4.03175
0.15	0.02	4.03175
0.15	0.03	3.98213
0.15	0.04	3.96114
0.15	0.05	3.9244
0.15	0.06	3.89657
0.15	0.07	3.86327
0.15	0.08	3.83306
0.15	0.09	3.80057
0.15	0.1	3.76942
0.15	0.11	3.73702
0.15	0.12	3.70541
0.15	0.13	3.67292
0.15	0.14	3.641
0.15	0.15	3.60844
0.15	0.16	3.57636
0.15	0.17	3.54396
0.15	0.18	3.51213
0.15	0.19	3.48008
0.15	0.2	3.44904
0.15	0.21	3.41753
0.15	0.22	3.3866
0.15	0.23	3.35687
0.15	0.24	3.32567
0.15	0.25	3.29808
0.15	0.26	3.26814
0.15	0.27	3.2415
0.15	0.28	3.21495
0.15	0.29	3.18719
0.15	0.3	3.16732
0.15	0.31	3.14003
0.15	0.32	3.12396
0.15	0.33	3.10368
0.15	0.34	3.08768
0.15	0.35	3.08114
0.15	0.36	3.07132
0.15	0.37	3.07068
0.15	0.38	3.07427
0.15	0.39	3.09803
0.15	0.4	3.2298
0.15	0.41	3.83934
0.15	0.42	4.35231
0.15	0.43	4.42064
0.15	0.44	4.45717
0.15	0.45	4.48103
0.15	0.46	4.46675
0.15	0.47	4.45853
0.15	0.48	4.47611
0.15	0.49	4.50128
0.15	0.5	4.49979
0.15	0.51	4.47763
0.15	0.52	4.47427
0.15	0.53	4.48884
0.15	0.54	4.50264
0.15	0.55	4.49753
0.15	0.56	4.48495
0.15	0.57	4.48377
0.15	0.58	4.48893
0.15	0.59	4.49527
0.15	0.6	4.49516
0.15	0.61	4.49343
0.15	0.62	4.49295
0.15	0.63	4.49389
0.15	0.64	4.49705
0.15	0.65	4.49805
0.15	0.66	4.50407
0.15	0.67	4.51019
0.15	0.68	4.51436
0.15	0.69	4.52162
0.15	0.7	4.53119
0.15	0.71	4.53977
0.15	0.72	4.5496
0.15	0.73	4.56507
0.15	0.74	4.57849
0.15	0.75	4.59868
0.15	0.76	4.61495
0.15	0.77	4.63531
0.15	0.78	4.65302
0.15	0.79	4.67531
0.15	0.8	4.7053
0.15	0.81	4.74665
0.15	0.82	4.79467
0.15	0.83	4.84323
0.15	0.84	4.88194
0.15	0.85	4.91398
0.15	0.86	4.94085
0.15	0.87	4.96552
0.15	0.88	4.99009
0.15	0.89	5.01699
0.15	0.9	5.04392
0.15	0.91	5.07656
0.15	0.92	5.10524
0.15	0.93	5.14326
0.15	0.94	5.17022
0.15	0.95	5.21624
0.15	0.96	5.23554
0.15	0.97	5.29778
0.15	0.98	5.29778
0.15	0.99	5.29778


0.16	0	3.97212
0.16	0.01	3.97212
0.16	0.02	3.97212
0.16	0.03	3.92304
0.16	0.04	3.90213
0.16	0.05	3.86628
0.16	0.06	3.83885
0.16	0.07	3.80647
0.16	0.08	3.7769
0.16	0.09	3.74537
0.16	0.1	3.71501
0.16	0.11	3.6836
0.16	0.12	3.65286
0.16	0.13	3.62138
0.16	0.14	3.59044
0.16	0.15	3.55904
0.16	0.16	3.5281
0.16	0.17	3.49728
0.16	0.18	3.46642
0.16	0.19	3.43645
0.16	0.2	3.40608
0.16	0.21	3.37638
0.16	0.22	3.34751
0.16	0.23	3.31759
0.16	0.24	3.29093
0.16	0.25	3.2619
0.16	0.26	3.23629
0.16	0.27	3.21062
0.16	0.28	3.1837
0.16	0.29	3.16453
0.16	0.3	3.13798
0.16	0.31	3.12275
0.16	0.32	3.10252
0.16	0.33	3.08855
0.16	0.34	3.08083
0.16	0.35	3.07291
0.16	0.36	3.07307
0.16	0.37	3.08348
0.16	0.38	3.16285
0.16	0.39	3.62918
0.16	0.4	4.35189
0.16	0.41	4.42699
0.16	0.42	4.45638
0.16	0.43	4.47638
0.16	0.44	4.48107
0.16	0.45	4.47373
0.16	0.46	4.48387
0.16	0.47	4.49577
0.16	0.48	4.49262
0.16	0.49	4.48053
0.16	0.5	4.48359
0.16	0.51	4.49683
0.16	0.52	4.50146
0.16	0.53	4.49284
0.16	0.54	4.48331
0.16	0.55	4.48681
0.16	0.56	4.49473
0.16	0.57	4.49603
0.16	0.58	4.49192
0.16	0.59	4.48634
0.16	0.6	4.48644
0.16	0.61	4.49087
0.16	0.62	4.49366
0.16	0.63	4.49356
0.16	0.64	4.49374
0.16	0.65	4.49434
0.16	0.66	4.49388
0.16	0.67	4.49751
0.16	0.68	4.5023
0.16	0.69	4.50436
0.16	0.7	4.51069
0.16	0.71	4.51878
0.16	0.72	4.52565
0.16	0.73	4.53191
0.16	0.74	4.54136
0.16	0.75	4.54986
0.16	0.76	4.56086
0.16	0.77	4.57882
0.16	0.78	4.60978
0.16	0.79	4.64789
0.16	0.8	4.68835
0.16	0.81	4.72223
0.16	0.82	4.74806
0.16	0.83	4.76921
0.16	0.84	4.78825
0.16	0.85	4.80704
0.16	0.86	4.82683
0.16	0.87	4.84938
0.16	0.88	4.87389
0.16	0.89	4.90043
0.16	0.9	4.92702
0.16	0.91	4.95724
0.16	0.92	4.98415
0.16	0.93	5.01861
0.16	0.94	5.0436
0.16	0.95	5.08513
0.16	0.96	5.10339
0.16	0.97	5.16097
0.16	0.98	5.16097
0.16	0.99	5.16097


0.17	0	3.91547
0.17	0.01	3.91547
0.17	0.02	3.91547
0.17	0.03	3.86718
0.17	0.04	3.84643
0.17	0.05	3.81158
0.17	0.06	3.78465
0.17	0.07	3.75324
0.17	0.08	3.72438
0.17	0.09	3.6938
0.17	0.1	3.66423
0.17	0.11	3.63379
0.17	0.12	3.6039
0.17	0.13	3.57354
0.17	0.14	3.54357
0.17	0.15	3.51346
0.17	0.16	3.48385
0.17	0.17	3.454
0.17	0.18	3.42507
0.17	0.19	3.3957
0.17	0.2	3.36706
0.17	0.21	3.33909
0.17	0.22	3.31017
0.17	0.23	3.28442
0.17	0.24	3.25624
0.17	0.25	3.23178
0.17	0.26	3.20622
0.17	0.27	3.18129
0.17	0.28	3.16173
0.17	0.29	3.13575
0.17	0.3	3.12204
0.17	0.31	3.10093
0.17	0.32	3.08985
0.17	0.33	3.07992
0.17	0.34	3.07556
0.17	0.35	3.07865
0.17	0.36	3.12524
0.17	0.37	3.43574
0.17	0.38	4.30648
0.17	0.39	4.41055
0.17	0.4	4.45001
0.17	0.41	4.49258
0.17	0.42	4.50498
0.17	0.43	4.47831
0.17	0.44	4.47857
0.17	0.45	4.48901
0.17	0.46	4.49321
0.17	0.47	4.48955
0.17	0.48	4.49184
0.17	0.49	4.49681
0.17	0.5	4.49695
0.17	0.51	4.49017
0.17	0.52	4.48761
0.17	0.53	4.49227
0.17	0.54	4.49756
0.17	0.55	4.49448
0.17	0.56	4.48918
0.17	0.57	4.48747
0.17	0.58	4.48958
0.17	0.59	4.49351
0.17	0.6	4.4935
0.17	0.61	4.48941
0.17	0.62	4.48789
0.17	0.63	4.48878
0.17	0.64	4.49156
0.17	0.65	4.49356
0.17	0.66	4.49421
0.17	0.67	4.49413
0.17	0.68	4.49553
0.17	0.69	4.49857
0.17	0.7	4.49851
0.17	0.71	4.50069
0.17	0.72	4.50394
0.17	0.73	4.50643
0.17	0.74	4.51624
0.17	0.75	4.53292
0.17	0.76	4.55953
0.17	0.77	4.58975
0.17	0.78	4.61489
0.17	0.79	4.63501
0.17	0.8	4.64896
0.17	0.81	4.6612
0.17	0.82	4.67344
0.17	0.83	4.6857
0.17	0.84	4.69986
0.17	0.85	4.71691
0.17	0.86	4.73609
0.17	0.87	4.75683
0.17	0.88	4.77952
0.17	0.89	4.80334
0.17	0.9	4.82777
0.17	0.91	4.85514
0.17	0.92	4.88023
0.17	0.93	4.9115
0.17	0.94	4.93482
0.17	0.95	4.97275
0.17	0.96	4.98971
0.17	0.97	5.04191
0.17	0.98	5.04191
0.17	0.99	5.04191


0.18	0	3.86182
0.18	0.01	3.86182
0.18	0.02	3.86182
0.18	0.03	3.81456
0.18	0.04	3.794
0.18	0.05	3.76015
0.18	0.06	3.7338
0.18	0.07	3.70335
0.18	0.08	3.67521
0.18	0.09	3.64554
0.18	0.1	3.61678
0.18	0.11	3.58729
0.18	0.12	3.55836
0.18	0.13	3.52907
0.18	0.14	3.5002
0.18	0.15	3.4715
0.18	0.16	3.44269
0.18	0.17	3.41471
0.18	0.18	3.38625
0.18	0.19	3.35876
0.18	0.2	3.33142
0.18	0.21	3.30368
0.18	0.22	3.27862
0.18	0.23	3.25109
0.18	0.24	3.22782
0.18	0.25	3.20192
0.18	0.26	3.18044
0.18	0.27	3.1572
0.18	0.28	3.1365
0.18	0.29	3.12042
0.18	0.3	3.09839
0.18	0.31	3.09185
0.18	0.32	3.08026
0.18	0.33	3.07954
0.18	0.34	3.10488
0.18	0.35	3.2987
0.18	0.36	4.17803
0.18	0.37	4.38803
0.18	0.38	4.4584
0.18	0.39	4.51815
0.18	0.4	4.52702
0.18	0.41	4.46942
0.18	0.42	4.46193
0.18	0.43	4.4904
0.18	0.44	4.50398
0.18	0.45	4.49951
0.18	0.46	4.49165
0.18	0.47	4.49238
0.18	0.48	4.49355
0.18	0.49	4.49305
0.18	0.5	4.4933
0.18	0.51	4.4954
0.18	0.52	4.49591
0.18	0.53	4.49252
0.18	0.54	4.48943
0.18	0.55	4.49136
0.18	0.56	4.49337
0.18	0.57	4.494
0.18	0.58	4.49286
0.18	0.59	4.48927
0.18	0.6	4.48886
0.18	0.61	4.49181
0.18	0.62	4.49287
0.18	0.63	4.49189
0.18	0.64	4.48995
0.18	0.65	4.48992
0.18	0.66	4.49154
0.18	0.67	4.4929
0.18	0.68	4.49283
0.18	0.69	4.49107
0.18	0.7	4.49065
0.18	0.71	4.49251
0.18	0.72	4.50021
0.18	0.73	4.52041
0.18	0.74	4.54434
0.18	0.75	4.56316
0.18	0.76	4.57712
0.18	0.77	4.58589
0.18	0.78	4.58897
0.18	0.79	4.59202
0.18	0.8	4.5948
0.18	0.81	4.59928
0.18	0.82	4.6074
0.18	0.83	4.61923
0.18	0.84	4.63277
0.18	0.85	4.6481
0.18	0.86	4.66504
0.18	0.87	4.68356
0.18	0.88	4.7025
0.18	0.89	4.72302
0.18	0.9	4.7451
0.18	0.91	4.76811
0.18	0.92	4.79097
0.18	0.93	4.81882
0.18	0.94	4.8404
0.18	0.95	4.87481
0.18	0.96	4.89067
0.18	0.97	4.93851
0.18	0.98	4.93851
0.18	0.99	4.93851


0.19	0	3.81107
0.19	0.01	3.81107
0.19	0.02	3.81107
0.19	0.03	3.76499
0.19	0.04	3.74468
0.19	0.05	3.71178
0.19	0.06	3.68602
0.19	0.07	3.65652
0.19	0.08	3.62909
0.19	0.09	3.60034
0.19	0.1	3.5724
0.19	0.11	3.54398
0.19	0.12	3.51594
0.19	0.13	3.48789
0.19	0.14	3.46018
0.19	0.15	3.43229
0.19	0.16	3.40523
0.19	0.17	3.37756
0.19	0.18	3.35121
0.19	0.19	3.32416
0.19	0.2	3.29857
0.19	0.21	3.27268
0.19	0.22	3.24706
0.19	0.23	3.2244
0.19	0.24	3.19822
0.19	0.25	3.17865
0.19	0.26	3.15445
0.19	0.27	3.13723
0.19	0.28	3.11589
0.19	0.29	3.10285
0.19	0.3	3.08898
0.19	0.31	3.08444
0.19	0.32	3.09656
0.19	0.33	3.21832
0.19	0.34	3.9823
0.19	0.35	4.36314
0.19	0.36	4.49428
0.19	0.37	4.5326
0.19	0.38	4.526
0.19	0.39	4.45649
0.19	0.4	4.4464
0.19	0.41	4.50256
0.19	0.42	4.52141
0.19	0.43	4.50194
0.19	0.44	4.48333
0.19	0.45	4.48665
0.19	0.46	4.49651
0.19	0.47	4.49941
0.19	0.48	4.49733
0.19	0.49	4.49409
0.19	0.5	4.49311
0.19	0.51	4.4925
0.19	0.52	4.49258
0.19	0.53	4.49432
0.19	0.54	4.49507
0.19	0.55	4.49315
0.19	0.56	4.49221
0.19	0.57	4.49152
0.19	0.58	4.49173
0.19	0.59	4.49349
0.19	0.6	4.49425
0.19	0.61	4.49152
0.19	0.62	4.49082
0.19	0.63	4.49204
0.19	0.64	4.49284
0.19	0.65	4.4915
0.19	0.66	4.48926
0.19	0.67	4.48661
0.19	0.68	4.48759
0.19	0.69	4.49287
0.19	0.7	4.50754
0.19	0.71	4.53157
0.19	0.72	4.54683
0.19	0.73	4.55548
0.19	0.74	4.55961
0.19	0.75	4.56025
0.19	0.76	4.55622
0.19	0.77	4.5539
0.19	0.78	4.55184
0.19	0.79	4.5521
0.19	0.8	4.55515
0.19	0.81	4.56009
0.19	0.82	4.56655
0.19	0.83	4.57329
0.19	0.84	4.58307
0.19	0.85	4.59564
0.19	0.86	4.60745
0.19	0.87	4.62347
0.19	0.88	4.63972
0.19	0.89	4.65838
0.19	0.9	4.67608
0.19	0.91	4.6965
0.19	0.92	4.7161
0.19	0.93	4.74011
0.19	0.94	4.75933
0.19	0.95	4.78982
0.19	0.96	4.80433
0.19	0.97	4.84784
0.19	0.98	4.84784
0.19	0.99	4.84784


0.2	0	3.76311
0.2	0.01	3.76311
0.2	0.02	3.76311
0.2	0.03	3.71824
0.2	0.04	3.69821
0.2	0.05	3.66617
0.2	0.06	3.64099
0.2	0.07	3.61248
0.2	0.08	3.5858
0.2	0.09	3.55799
0.2	0.1	3.53096
0.2	0.11	3.50346
0.2	0.12	3.47659
0.2	0.13	3.44954
0.2	0.14	3.42289
0.2	0.15	3.39633
0.2	0.16	3.36969
0.2	0.17	3.34426
0.2	0.18	3.31771
0.2	0.19	3.29329
0.2	0.2	3.26751
0.2	0.21	3.24423
0.2	0.22	3.21934
0.2	0.23	3.19804
0.2	0.24	3.17442
0.2	0.25	3.15525
0.2	0.26	3.13441
0.2	0.27	3.1158
0.2	0.28	3.10207
0.2	0.29	3.09203
0.2	0.3	3.09624
0.2	0.31	3.17359
0.2	0.32	3.7752
0.2	0.33	4.31811
0.2	0.34	4.53932
0.2	0.35	4.53711
0.2	0.36	4.50189
0.2	0.37	4.45234
0.2	0.38	4.45045
0.2	0.39	4.51448
0.2	0.4	4.53405
0.2	0.41	4.49136
0.2	0.42	4.47177
0.2	0.43	4.48664
0.2	0.44	4.50536
0.2	0.45	4.50522
0.2	0.46	4.49612
0.2	0.47	4.49004
0.2	0.48	4.49114
0.2	0.49	4.49582
0.2	0.5	4.49683
0.2	0.51	4.49606
0.2	0.52	4.49401
0.2	0.53	4.49281
0.2	0.54	4.49296
0.2	0.55	4.49389
0.2	0.56	4.49436
0.2	0.57	4.49398
0.2	0.58	4.49428
0.2	0.59	4.49283
0.2	0.6	4.49285
0.2	0.61	4.49387
0.2	0.62	4.49317
0.2	0.63	4.4911
0.2	0.64	4.48897
0.2	0.65	4.48885
0.2	0.66	4.49256
0.2	0.67	4.50388
0.2	0.68	4.52541
0.2	0.69	4.54016
0.2	0.7	4.54898
0.2	0.71	4.55125
0.2	0.72	4.55337
0.2	0.73	4.55153
0.2	0.74	4.54361
0.2	0.75	4.53811
0.2	0.76	4.53338
0.2	0.77	4.52992
0.2	0.78	4.52865
0.2	0.79	4.52933
0.2	0.8	4.53114
0.2	0.81	4.53336
0.2	0.82	4.5381
0.2	0.83	4.54383
0.2	0.84	4.55002
0.2	0.85	4.55756
0.2	0.86	4.56801
0.2	0.87	4.57737
0.2	0.88	4.58994
0.2	0.89	4.6052
0.2	0.9	4.61878
0.2	0.91	4.63713
0.2	0.92	4.65361
0.2	0.93	4.67482
0.2	0.94	4.69129
0.2	0.95	4.71782
0.2	0.96	4.73048
0.2	0.97	4.76906
0.2	0.98	4.76906
0.2	0.99	4.76906


0.21	0	3.71779
0.21	0.01	3.71779
0.21	0.02	3.71779
0.21	0.03	3.67412
0.21	0.04	3.65436
0.21	0.05	3.62313
0.21	0.06	3.59852
0.21	0.07	3.57098
0.21	0.08	3.54508
0.21	0.09	3.51831
0.21	0.1	3.49211
0.21	0.11	3.46591
0.21	0.12	3.4397
0.21	0.13	3.41397
0.21	0.14	3.38797
0.21	0.15	3.36277
0.21	0.16	3.33711
0.21	0.17	3.31271
0.21	0.18	3.28751
0.21	0.19	3.26406
0.21	0.2	3.24016
0.21	0.21	3.21653
0.21	0.22	3.19614
0.21	0.23	3.17193
0.21	0.24	3.15483
0.21	0.25	3.13099
0.21	0.26	3.11851
0.21	0.27	3.10185
0.21	0.28	3.10111
0.21	0.29	3.14746
0.21	0.3	3.59941
0.21	0.31	4.24032
0.21	0.32	4.57623
0.21	0.33	4.53412
0.21	0.34	4.47269
0.21	0.35	4.45536
0.21	0.36	4.46934
0.21	0.37	4.52061
0.21	0.38	4.53437
0.21	0.39	4.48132
0.21	0.4	4.46483
0.21	0.41	4.49419
0.21	0.42	4.51424
0.21	0.43	4.50377
0.21	0.44	4.4889
0.21	0.45	4.4867
0.21	0.46	4.49307
0.21	0.47	4.50043
0.21	0.48	4.50002
0.21	0.49	4.4941
0.21	0.5	4.49225
0.21	0.51	4.49343
0.21	0.52	4.49572
0.21	0.53	4.49637
0.21	0.54	4.49555
0.21	0.55	4.49442
0.21	0.56	4.4942
0.21	0.57	4.49461
0.21	0.58	4.49448
0.21	0.59	4.49428
0.21	0.6	4.49301
0.21	0.61	4.49118
0.21	0.62	4.49088
0.21	0.63	4.49362
0.21	0.64	4.50259
0.21	0.65	4.52128
0.21	0.66	4.54239
0.21	0.67	4.54333
0.21	0.68	4.55201
0.21	0.69	4.55279
0.21	0.7	4.55119
0.21	0.71	4.54356
0.21	0.72	4.53606
0.21	0.73	4.52914
0.21	0.74	4.52486
0.21	0.75	4.52269
0.21	0.76	4.52157
0.21	0.77	4.51965
0.21	0.78	4.51779
0.21	0.79	4.51641
0.21	0.8	4.51659
0.21	0.81	4.51833
0.21	0.82	4.51908
0.21	0.83	4.5228
0.21	0.84	4.52805
0.21	0.85	4.53222
0.21	0.86	4.53838
0.21	0.87	4.54711
0.21	0.88	4.55498
0.21	0.89	4.56455
0.21	0.9	4.57703
0.21	0.91	4.5881
0.21	0.92	4.60264
0.21	0.93	4.61998
0.21	0.94	4.63407
0.21	0.95	4.65731
0.21	0.96	4.66846
0.21	0.97	4.70219
0.21	0.98	4.70219
0.21	0.99	4.70219


0.22	0	3.67502
0.22	0.01	3.67502
0.22	0.02	3.67502
0.22	0.03	3.63245
0.22	0.04	3.61295
0.22	0.05	3.58259
0.22	0.06	3.55847
0.22	0.07	3.53194
0.22	0.08	3.50682
0.22	0.09	3.48108
0.22	0.1	3.45574
0.22	0.11	3.43056
0.22	0.12	3.40534
0.22	0.13	3.38052
0.22	0.14	3.3558
0.22	0.15	3.3309
0.22	0.16	3.30746
0.22	0.17	3.28263
0.22	0.18	3.26026
0.22	0.19	3.23627
0.22	0.2	3.21516
0.22	0.21	3.19191
0.22	0.22	3.17308
0.22	0.23	3.14977
0.22	0.24	3.13446
0.22	0.25	3.11447
0.22	0.26	3.1104
0.22	0.27	3.13615
0.22	0.28	3.4537
0.22	0.29	4.1409
0.22	0.3	4.59538
0.22	0.31	4.5282
0.22	0.32	4.44499
0.22	0.33	4.4627
0.22	0.34	4.49575
0.22	0.35	4.52334
0.22	0.36	4.52237
0.22	0.37	4.47788
0.22	0.38	4.46463
0.22	0.39	4.50297
0.22	0.4	4.51885
0.22	0.41	4.49849
0.22	0.42	4.48266
0.22	0.43	4.48838
0.22	0.44	4.49821
0.22	0.45	4.50195
0.22	0.46	4.49831
0.22	0.47	4.49086
0.22	0.48	4.49045
0.22	0.49	4.49638
0.22	0.5	4.49861
0.22	0.51	4.49733
0.22	0.52	4.49462
0.22	0.53	4.49441
0.22	0.54	4.49556
0.22	0.55	4.49638
0.22	0.56	4.49583
0.22	0.57	4.49434
0.22	0.58	4.49288
0.22	0.59	4.49249
0.22	0.6	4.49442
0.22	0.61	4.50207
0.22	0.62	4.52143
0.22	0.63	4.53348
0.22	0.64	4.54811
0.22	0.65	4.55045
0.22	0.66	4.55153
0.22	0.67	4.55243
0.22	0.68	4.54813
0.22	0.69	4.53855
0.22	0.7	4.53195
0.22	0.71	4.52675
0.22	0.72	4.52287
0.22	0.73	4.52077
0.22	0.74	4.51793
0.22	0.75	4.51446
0.22	0.76	4.5118
0.22	0.77	4.51054
0.22	0.78	4.5107
0.22	0.79	4.51065
0.22	0.8	4.51005
0.22	0.81	4.50965
0.22	0.82	4.51046
0.22	0.83	4.51061
0.22	0.84	4.51261
0.22	0.85	4.51659
0.22	0.86	4.51897
0.22	0.87	4.52414
0.22	0.88	4.5311
0.22	0.89	4.53711
0.22	0.9	4.54486
0.22	0.91	4.55547
0.22	0.92	4.56481
0.22	0.93	4.57676
0.22	0.94	4.58847
0.22	0.95	4.60647
0.22	0.96	4.61629
0.22	0.97	4.64547
0.22	0.98	4.64547
0.22	0.99	4.64547


0.23	0	3.63468
0.23	0.01	3.63468
0.23	0.02	3.63468
0.23	0.03	3.59325
0.23	0.04	3.574
0.23	0.05	3.54445
0.23	0.06	3.52082
0.23	0.07	3.49518
0.23	0.08	3.47093
0.23	0.09	3.44599
0.23	0.1	3.42175
0.23	0.11	3.39714
0.23	0.12	3.37327
0.23	0.13	3.34895
0.23	0.14	3.32559
0.23	0.15	3.30159
0.23	0.16	3.27912
0.23	0.17	3.25556
0.23	0.18	3.23424
0.23	0.19	3.21136
0.23	0.2	3.19159
0.23	0.21	3.16871
0.23	0.22	3.15176
0.23	0.23	3.12882
0.23	0.24	3.12257
0.23	0.25	3.13483
0.23	0.26	3.34352
0.23	0.27	4.01807
0.23	0.28	4.59906
0.23	0.29	4.51339
0.23	0.3	4.42918
0.23	0.31	4.47477
0.23	0.32	4.52
0.23	0.33	4.52295
0.23	0.34	4.50582
0.23	0.35	4.47682
0.23	0.36	4.473
0.23	0.37	4.50874
0.23	0.38	4.52008
0.23	0.39	4.49353
0.23	0.4	4.47975
0.23	0.41	4.49277
0.23	0.42	4.50264
0.23	0.43	4.50087
0.23	0.44	4.49507
0.23	0.45	4.49037
0.23	0.46	4.49163
0.23	0.47	4.49852
0.23	0.48	4.49999
0.23	0.49	4.49498
0.23	0.5	4.49307
0.23	0.51	4.49496
0.23	0.52	4.49742
0.23	0.53	4.49734
0.23	0.54	4.49561
0.23	0.55	4.4937
0.23	0.56	4.49358
0.23	0.57	4.49581
0.23	0.58	4.50239
0.23	0.59	4.51741
0.23	0.6	4.53737
0.23	0.61	4.53993
0.23	0.62	4.54916
0.23	0.63	4.55572
0.23	0.64	4.55268
0.23	0.65	4.5488
0.23	0.66	4.54116
0.23	0.67	4.53626
0.23	0.68	4.52944
0.23	0.69	4.52481
0.23	0.7	4.52251
0.23	0.71	4.51983
0.23	0.72	4.5168
0.23	0.73	4.51369
0.23	0.74	4.51137
0.23	0.75	4.51014
0.23	0.76	4.50936
0.23	0.77	4.50781
0.23	0.78	4.50585
0.23	0.79	4.50445
0.23	0.8	4.50431
0.23	0.81	4.50482
0.23	0.82	4.50541
0.23	0.83	4.50587
0.23	0.84	4.50574
0.23	0.85	4.50659
0.23	0.86	4.50916
0.23	0.87	4.51004
0.23	0.88	4.51403
0.23	0.89	4.51974
0.23	0.9	4.52376
0.23	0.91	4.53
0.23	0.92	4.53816
0.23	0.93	4.54676
0.23	0.94	4.55475
0.23	0.95	4.56858
0.23	0.96	4.5752
0.23	0.97	4.59821
0.23	0.98	4.59821
0.23	0.99	4.59821


0.24	0	3.59639
0.24	0.01	3.59639
0.24	0.02	3.59639
0.24	0.03	3.55619
0.24	0.04	3.53739
0.24	0.05	3.50865
0.24	0.06	3.4856
0.24	0.07	3.46064
0.24	0.08	3.43714
0.24	0.09	3.41309
0.24	0.1	3.38969
0.24	0.11	3.36594
0.24	0.12	3.343
0.24	0.13	3.31955
0.24	0.14	3.29721
0.24	0.15	3.27413
0.24	0.16	3.25275
0.24	0.17	3.23017
0.24	0.18	3.2101
0.24	0.19	3.18738
0.24	0.2	3.16957
0.24	0.21	3.1449
0.24	0.22	3.13654
0.24	0.23	3.14033
0.24	0.24	3.26845
0.24	0.25	3.88303
0.24	0.26	4.57752
0.24	0.27	4.49734
0.24	0.28	4.42435
0.24	0.29	4.48774
0.24	0.3	4.54117
0.24	0.31	4.51825
0.24	0.32	4.4904
0.24	0.33	4.47903
0.24	0.34	4.485
0.24	0.35	4.51249
0.24	0.36	4.5181
0.24	0.37	4.48946
0.24	0.38	4.48026
0.24	0.39	4.49691
0.24	0.4	4.50679
0.24	0.41	4.49917
0.24	0.42	4.49296
0.24	0.43	4.49187
0.24	0.44	4.49444
0.24	0.45	4.49915
0.24	0.46	4.49985
0.24	0.47	4.49389
0.24	0.48	4.49268
0.24	0.49	4.49648
0.24	0.5	4.49836
0.24	0.51	4.49613
0.24	0.52	4.49384
0.24	0.53	4.49338
0.24	0.54	4.49623
0.24	0.55	4.50181
0.24	0.56	4.51602
0.24	0.57	4.52988
0.24	0.58	4.54353
0.24	0.59	4.54937
0.24	0.6	4.55064
0.24	0.61	4.55494
0.24	0.62	4.55252
0.24	0.63	4.5452
0.24	0.64	4.53552
0.24	0.65	4.53245
0.24	0.66	4.529
0.24	0.67	4.5239
0.24	0.68	4.52014
0.24	0.69	4.51914
0.24	0.7	4.51653
0.24	0.71	4.51361
0.24	0.72	4.51158
0.24	0.73	4.51074
0.24	0.74	4.50965
0.24	0.75	4.50772
0.24	0.76	4.50587
0.24	0.77	4.5045
0.24	0.78	4.50404
0.24	0.79	4.50386
0.24	0.8	4.50268
0.24	0.81	4.50143
0.24	0.82	4.50067
0.24	0.83	4.50125
0.24	0.84	4.50196
0.24	0.85	4.50256
0.24	0.86	4.50387
0.24	0.87	4.50548
0.24	0.88	4.50525
0.24	0.89	4.50752
0.24	0.9	4.51154
0.24	0.91	4.5145
0.24	0.92	4.51865
0.24	0.93	4.5252
0.24	0.94	4.53069
0.24	0.95	4.54079
0.24	0.96	4.54585
0.24	0.97	4.56289
0.24	0.98	4.56289
0.24	0.99	4.56289


0.25	0	3.56022
0.25	0.01	3.56022
0.25	0.02	3.56022
0.25	0.03	3.52124
0.25	0.04	3.5028
0.25	0.05	3.4749
0.25	0.06	3.45241
0.25	0.07	3.42815
0.25	0.08	3.4054
0.25	0.09	3.38228
0.25	0.1	3.35969
0.25	0.11	3.3367
0.25	0.12	3.31461
0.25	0.13	3.29196
0.25	0.14	3.27061
0.25	0.15	3.24837
0.25	0.16	3.22816
0.25	0.17	3.20566
0.25	0.18	3.18734
0.25	0.19	3.16189
0.25	0.2	3.15175
0.25	0.21	3.14899
0.25	0.22	3.22635
0.25	0.23	3.74247
0.25	0.24	4.52867
0.25	0.25	4.48861
0.25	0.26	4.42417
0.25	0.27	4.50564
0.25	0.28	4.55432
0.25	0.29	4.51216
0.25	0.3	4.47565
0.25	0.31	4.48372
0.25	0.32	4.49859
0.25	0.33	4.51437
0.25	0.34	4.51334
0.25	0.35	4.48866
0.25	0.36	4.48191
0.25	0.37	4.50179
0.25	0.38	4.50953
0.25	0.39	4.49825
0.25	0.4	4.4911
0.25	0.41	4.49428
0.25	0.42	4.49785
0.25	0.43	4.49968
0.25	0.44	4.49941
0.25	0.45	4.49459
0.25	0.46	4.49339
0.25	0.47	4.49771
0.25	0.48	4.49827
0.25	0.49	4.4951
0.25	0.5	4.49351
0.25	0.51	4.49597
0.25	0.52	4.50035
0.25	0.53	4.5121
0.25	0.54	4.53013
0.25	0.55	4.53676
0.25	0.56	4.54767
0.25	0.57	4.55416
0.25	0.58	4.55255
0.25	0.59	4.55171
0.25	0.6	4.54722
0.25	0.61	4.54101
0.25	0.62	4.53344
0.25	0.63	4.52871
0.25	0.64	4.52756
0.25	0.65	4.52444
0.25	0.66	4.5199
0.25	0.67	4.51669
0.25	0.68	4.51622
0.25	0.69	4.51423
0.25	0.7	4.51172
0.25	0.71	4.51018
0.25	0.72	4.50976
0.25	0.73	4.50824
0.25	0.74	4.50652
0.25	0.75	4.50538
0.25	0.76	4.50516
0.25	0.77	4.50436
0.25	0.78	4.50303
0.25	0.79	4.5017
0.25	0.8	4.50093
0.25	0.81	4.50095
0.25	0.82	4.50075
0.25	0.83	4.50009
0.25	0.84	4.49974
0.25	0.85	4.49968
0.25	0.86	4.49962
0.25	0.87	4.50127
0.25	0.88	4.50282
0.25	0.89	4.50312
0.25	0.9	4.50408
0.25	0.91	4.50644
0.25	0.92	4.50832
0.25	0.93	4.51105
0.25	0.94	4.51487
0.25	0.95	4.521
0.25	0.96	4.52451
0.25	0.97	4.53707
0.25	0.98	4.53707
0.25	0.99	4.53707


0.26	0	3.52606
0.26	0.01	3.52606
0.26	0.02	3.52606
0.26	0.03	3.48829
0.26	0.04	3.47024
0.26	0.05	3.44312
0.26	0.06	3.42118
0.26	0.07	3.39743
0.26	0.08	3.37545
0.26	0.09	3.35314
0.26	0.1	3.33145
0.26	0.11	3.30925
0.26	0.12	3.28809
0.26	0.13	3.26617
0.26	0.14	3.24583
0.26	0.15	3.22358
0.26	0.16	3.20492
0.26	0.17	3.17922
0.26	0.18	3.16732
0.26	0.19	3.16025
0.26	0.2	3.20985
0.26	0.21	3.59941
0.26	0.22	4.46522
0.26	0.23	4.47787
0.26	0.24	4.43293
0.26	0.25	4.52377
0.26	0.26	4.56021
0.26	0.27	4.50431
0.26	0.28	4.46442
0.26	0.29	4.49032
0.26	0.3	4.51188
0.26	0.31	4.51452
0.26	0.32	4.50656
0.26	0.33	4.48904
0.26	0.34	4.4862
0.26	0.35	4.50559
0.26	0.36	4.51165
0.26	0.37	4.49745
0.26	0.38	4.49052
0.26	0.39	4.49701
0.26	0.4	4.50175
0.26	0.41	4.50056
0.26	0.42	4.49862
0.26	0.43	4.4958
0.26	0.44	4.49492
0.26	0.45	4.49835
0.26	0.46	4.49875
0.26	0.47	4.49542
0.26	0.48	4.49535
0.26	0.49	4.50014
0.26	0.5	4.51037
0.26	0.51	4.52387
0.26	0.52	4.54029
0.26	0.53	4.54419
0.26	0.54	4.54827
0.26	0.55	4.55442
0.26	0.56	4.55272
0.26	0.57	4.54857
0.26	0.58	4.54012
0.26	0.59	4.53638
0.26	0.6	4.5318
0.26	0.61	4.527
0.26	0.62	4.5244
0.26	0.63	4.52299
0.26	0.64	4.51957
0.26	0.65	4.51632
0.26	0.66	4.51485
0.26	0.67	4.51496
0.26	0.68	4.51288
0.26	0.69	4.51043
0.26	0.7	4.50891
0.26	0.71	4.50864
0.26	0.72	4.50741
0.26	0.73	4.50603
0.26	0.74	4.50523
0.26	0.75	4.50487
0.26	0.76	4.50382
0.26	0.77	4.50278
0.26	0.78	4.50218
0.26	0.79	4.50212
0.26	0.8	4.50172
0.26	0.81	4.50072
0.26	0.82	4.50005
0.26	0.83	4.49959
0.26	0.84	4.49976
0.26	0.85	4.49985
0.26	0.86	4.49933
0.26	0.87	4.49867
0.26	0.88	4.49938
0.26	0.89	4.5005
0.26	0.9	4.50053
0.26	0.91	4.50185
0.26	0.92	4.50353
0.26	0.93	4.50516
0.26	0.94	4.50608
0.26	0.95	4.50957
0.26	0.96	4.51111
0.26	0.97	4.51883
0.26	0.98	4.51883
0.26	0.99	4.51883


0.27	0	3.4938
0.27	0.01	3.4938
0.27	0.02	3.4938
0.27	0.03	3.45722
0.27	0.04	3.43954
0.27	0.05	3.4132
0.27	0.06	3.39181
0.27	0.07	3.36859
0.27	0.08	3.34727
0.27	0.09	3.32566
0.27	0.1	3.30481
0.27	0.11	3.28332
0.27	0.12	3.26307
0.27	0.13	3.24118
0.27	0.14	3.22234
0.27	0.15	3.19673
0.27	0.16	3.18369
0.27	0.17	3.17287
0.27	0.18	3.20304
0.27	0.19	3.48659
0.27	0.2	4.3754
0.27	0.21	4.46299
0.27	0.22	4.45168
0.27	0.23	4.53605
0.27	0.24	4.56357
0.27	0.25	4.49219
0.27	0.26	4.45915
0.27	0.27	4.49681
0.27	0.28	4.52432
0.27	0.29	4.51286
0.27	0.3	4.49911
0.27	0.31	4.49071
0.27	0.32	4.49252
0.27	0.33	4.50829
0.27	0.34	4.51248
0.27	0.35	4.49641
0.27	0.36	4.49139
0.27	0.37	4.49989
0.27	0.38	4.50541
0.27	0.39	4.50162
0.27	0.4	4.49778
0.27	0.41	4.49732
0.27	0.42	4.49717
0.27	0.43	4.49932
0.27	0.44	4.49977
0.27	0.45	4.49731
0.27	0.46	4.49914
0.27	0.47	4.50738
0.27	0.48	4.52457
0.27	0.49	4.53476
0.27	0.5	4.54596
0.27	0.51	4.54955
0.27	0.52	4.55069
0.27	0.53	4.55277
0.27	0.54	4.55027
0.27	0.55	4.54405
0.27	0.56	4.53535
0.27	0.57	4.53172
0.27	0.58	4.52973
0.27	0.59	4.52577
0.27	0.6	4.52188
0.27	0.61	4.51995
0.27	0.62	4.51877
0.27	0.63	4.5163
0.27	0.64	4.51423
0.27	0.65	4.51364
0.27	0.66	4.51283
0.27	0.67	4.51071
0.27	0.68	4.50894
0.27	0.69	4.50864
0.27	0.7	4.50855
0.27	0.71	4.50715
0.27	0.72	4.50573
0.27	0.73	4.50485
0.27	0.74	4.50457
0.27	0.75	4.50376
0.27	0.76	4.50302
0.27	0.77	4.50284
0.27	0.78	4.50251
0.27	0.79	4.50183
0.27	0.8	4.50126
0.27	0.81	4.5011
0.27	0.82	4.50107
0.27	0.83	4.5006
0.27	0.84	4.49984
0.27	0.85	4.49936
0.27	0.86	4.49937
0.27	0.87	4.49931
0.27	0.88	4.49889
0.27	0.89	4.49883
0.27	0.9	4.49935
0.27	0.91	4.49946
0.27	0.92	4.50007
0.27	0.93	4.50124
0.27	0.94	4.50205
0.27	0.95	4.50408
0.27	0.96	4.50471
0.27	0.97	4.50853
0.27	0.98	4.50853
0.27	0.99	4.50853


0.28	0	3.4633
0.28	0.01	3.4633
0.28	0.02	3.4633
0.28	0.03	3.42788
0.28	0.04	3.41056
0.28	0.05	3.38505
0.28	0.06	3.36416
0.28	0.07	3.34151
0.28	0.08	3.32077
0.28	0.09	3.29974
0.28	0.1	3.27968
0.28	0.11	3.25822
0.28	0.12	3.23931
0.28	0.13	3.21398
0.28	0.14	3.20021
0.28	0.15	3.18617
0.28	0.16	3.20334
0.28	0.17	3.40429
0.28	0.18	4.26377
0.28	0.19	4.44316
0.28	0.2	4.47847
0.28	0.21	4.5461
0.28	0.22	4.55881
0.28	0.23	4.48238
0.28	0.24	4.45715
0.28	0.25	4.5047
0.28	0.26	4.53339
0.28	0.27	4.50997
0.28	0.28	4.49192
0.28	0.29	4.49304
0.28	0.3	4.4999
0.28	0.31	4.51013
0.28	0.32	4.51116
0.28	0.33	4.49671
0.28	0.34	4.49278
0.28	0.35	4.50327
0.28	0.36	4.50798
0.28	0.37	4.50212
0.28	0.38	4.4974
0.28	0.39	4.4986
0.28	0.4	4.50016
0.28	0.41	4.50075
0.28	0.42	4.50155
0.28	0.43	4.50104
0.28	0.44	4.50615
0.28	0.45	4.5205
0.28	0.46	4.53744
0.28	0.47	4.54219
0.28	0.48	4.54942
0.28	0.49	4.55293
0.28	0.5	4.55229
0.28	0.51	4.55072
0.28	0.52	4.54527
0.28	0.53	4.5399
0.28	0.54	4.53336
0.28	0.55	4.5288
0.28	0.56	4.52747
0.28	0.57	4.52465
0.28	0.58	4.52053
0.28	0.59	4.51741
0.28	0.6	4.51678
0.28	0.61	4.51616
0.28	0.62	4.51396
0.28	0.63	4.51201
0.28	0.64	4.51136
0.28	0.65	4.51072
0.28	0.66	4.50936
0.28	0.67	4.50829
0.28	0.68	4.50828
0.28	0.69	4.50746
0.28	0.7	4.50615
0.28	0.71	4.50524
0.28	0.72	4.50529
0.28	0.73	4.50506
0.28	0.74	4.50425
0.28	0.75	4.50353
0.28	0.76	4.50314
0.28	0.77	4.50274
0.28	0.78	4.50231
0.28	0.79	4.50208
0.28	0.8	4.50197
0.28	0.81	4.50151
0.28	0.82	4.50106
0.28	0.83	4.50078
0.28	0.84	4.50067
0.28	0.85	4.50037
0.28	0.86	4.49998
0.28	0.87	4.49958
0.28	0.88	4.49942
0.28	0.89	4.49922
0.28	0.9	4.49899
0.28	0.91	4.49903
0.28	0.92	4.49906
0.28	0.93	4.49907
0.28	0.94	4.49962
0.28	0.95	4.50056
0.28	0.96	4.50118
0.28	0.97	4.50345
0.28	0.98	4.50345
0.28	0.99	4.50345


0.29	0	3.43439
0.29	0.01	3.43439
0.29	0.02	3.43439
0.29	0.03	3.40013
0.29	0.04	3.38319
0.29	0.05	3.35851
0.29	0.06	3.33814
0.29	0.07	3.31599
0.29	0.08	3.29582
0.29	0.09	3.2747
0.29	0.1	3.25575
0.29	0.11	3.23105
0.29	0.12	3.2166
0.29	0.13	3.19987
0.29	0.14	3.20873
0.29	0.15	3.35033
0.29	0.16	4.13566
0.29	0.17	4.42116
0.29	0.18	4.50816
0.29	0.19	4.55208
0.29	0.2	4.54722
0.29	0.21	4.47709
0.29	0.22	4.45723
0.29	0.23	4.51477
0.29	0.24	4.53803
0.29	0.25	4.50708
0.29	0.26	4.48547
0.29	0.27	4.49636
0.29	0.28	4.50707
0.29	0.29	4.51097
0.29	0.3	4.50855
0.29	0.31	4.4973
0.29	0.32	4.49521
0.29	0.33	4.50608
0.29	0.34	4.50954
0.29	0.35	4.50212
0.29	0.36	4.49753
0.29	0.37	4.50022
0.29	0.38	4.50316
0.29	0.39	4.50278
0.29	0.4	4.50416
0.29	0.41	4.5081
0.29	0.42	4.51777
0.29	0.43	4.53231
0.29	0.44	4.54557
0.29	0.45	4.55169
0.29	0.46	4.54981
0.29	0.47	4.55321
0.29	0.48	4.55329
0.29	0.49	4.54906
0.29	0.5	4.54073
0.29	0.51	4.53648
0.29	0.52	4.53188
0.29	0.53	4.52764
0.29	0.54	4.52508
0.29	0.55	4.52318
0.29	0.56	4.51994
0.29	0.57	4.51706
0.29	0.58	4.51568
0.29	0.59	4.51555
0.29	0.6	4.5137
0.29	0.61	4.51132
0.29	0.62	4.50979
0.29	0.63	4.5098
0.29	0.64	4.50953
0.29	0.65	4.50827
0.29	0.66	4.50715
0.29	0.67	4.50687
0.29	0.68	4.50641
0.29	0.69	4.50568
0.29	0.7	4.50535
0.29	0.71	4.50538
0.29	0.72	4.50481
0.29	0.73	4.50413
0.29	0.74	4.50381
0.29	0.75	4.50387
0.29	0.76	4.50369
0.29	0.77	4.50325
0.29	0.78	4.50275
0.29	0.79	4.50237
0.29	0.8	4.50209
0.29	0.81	4.50182
0.29	0.82	4.5016
0.29	0.83	4.50133
0.29	0.84	4.50122
0.29	0.85	4.50097
0.29	0.86	4.50066
0.29	0.87	4.50039
0.29	0.88	4.5003
0.29	0.89	4.49983
0.29	0.9	4.49942
0.29	0.91	4.49925
0.29	0.92	4.49915
0.29	0.93	4.49913
0.29	0.94	4.49907
0.29	0.95	4.49922
0.29	0.96	4.49925
0.29	0.97	4.50023
0.29	0.98	4.50023
0.29	0.99	4.50023


0.3	0	3.407
0.3	0.01	3.407
0.3	0.02	3.407
0.3	0.03	3.37384
0.3	0.04	3.35732
0.3	0.05	3.33337
0.3	0.06	3.3135
0.3	0.07	3.29137
0.3	0.08	3.27208
0.3	0.09	3.24764
0.3	0.1	3.23272
0.3	0.11	3.2138
0.3	0.12	3.21771
0.3	0.13	3.32049
0.3	0.14	3.99876
0.3	0.15	4.39607
0.3	0.16	4.53701
0.3	0.17	4.55627
0.3	0.18	4.53046
0.3	0.19	4.47352
0.3	0.2	4.46306
0.3	0.21	4.52234
0.3	0.22	4.54115
0.3	0.23	4.50305
0.3	0.24	4.48138
0.3	0.25	4.50017
0.3	0.26	4.51387
0.3	0.27	4.51123
0.3	0.28	4.50529
0.3	0.29	4.49835
0.3	0.3	4.49837
0.3	0.31	4.50792
0.3	0.32	4.5102
0.3	0.33	4.50172
0.3	0.34	4.49815
0.3	0.35	4.5023
0.3	0.36	4.50579
0.3	0.37	4.50602
0.3	0.38	4.50818
0.3	0.39	4.5176
0.3	0.4	4.53221
0.3	0.41	4.54151
0.3	0.42	4.55184
0.3	0.43	4.55541
0.3	0.44	4.55173
0.3	0.45	4.55267
0.3	0.46	4.55223
0.3	0.47	4.54646
0.3	0.48	4.5384
0.3	0.49	4.53347
0.3	0.5	4.53081
0.3	0.51	4.52734
0.3	0.52	4.5241
0.3	0.53	4.52201
0.3	0.54	4.5198
0.3	0.55	4.5173
0.3	0.56	4.51536
0.3	0.57	4.51464
0.3	0.58	4.5135
0.3	0.59	4.51149
0.3	0.6	4.50983
0.3	0.61	4.50952
0.3	0.62	4.50945
0.3	0.63	4.50809
0.3	0.64	4.50668
0.3	0.65	4.50591
0.3	0.66	4.50612
0.3	0.67	4.50597
0.3	0.68	4.50532
0.3	0.69	4.50486
0.3	0.7	4.5048
0.3	0.71	4.50451
0.3	0.72	4.50423
0.3	0.73	4.50433
0.3	0.74	4.5042
0.3	0.75	4.50379
0.3	0.76	4.50348
0.3	0.77	4.50333
0.3	0.78	4.50322
0.3	0.79	4.50308
0.3	0.8	4.50273
0.3	0.81	4.50245
0.3	0.82	4.5022
0.3	0.83	4.50191
0.3	0.84	4.50165
0.3	0.85	4.50149
0.3	0.86	4.50128
0.3	0.87	4.50101
0.3	0.88	4.50075
0.3	0.89	4.5006
0.3	0.9	4.50045
0.3	0.91	4.50017
0.3	0.92	4.4998
0.3	0.93	4.49954
0.3	0.94	4.49922
0.3	0.95	4.49914
0.3	0.96	4.49897
0.3	0.97	4.49912
0.3	0.98	4.49912
0.3	0.99	4.49912


0.31	0	3.38113
0.31	0.01	3.38113
0.31	0.02	3.38113
0.31	0.03	3.34889
0.31	0.04	3.33296
0.31	0.05	3.30871
0.31	0.06	3.28996
0.31	0.07	3.26497
0.31	0.08	3.24913
0.31	0.09	3.2277
0.31	0.1	3.22894
0.31	0.11	3.30356
0.31	0.12	3.87352
0.31	0.13	4.35959
0.31	0.14	4.56505
0.31	0.15	4.55773
0.31	0.16	4.51096
0.31	0.17	4.47237
0.31	0.18	4.47382
0.31	0.19	4.52716
0.31	0.2	4.54261
0.31	0.21	4.49735
0.31	0.22	4.48006
0.31	0.23	4.50388
0.31	0.24	4.52
0.31	0.25	4.51088
0.31	0.26	4.50232
0.31	0.27	4.4999
0.31	0.28	4.50199
0.31	0.29	4.50917
0.31	0.3	4.51019
0.31	0.31	4.50156
0.31	0.32	4.49943
0.31	0.33	4.50477
0.31	0.34	4.5086
0.31	0.35	4.51021
0.31	0.36	4.51706
0.31	0.37	4.52824
0.31	0.38	4.54322
0.31	0.39	4.54888
0.31	0.4	4.55472
0.31	0.41	4.55654
0.31	0.42	4.55412
0.31	0.43	4.55198
0.31	0.44	4.54886
0.31	0.45	4.54392
0.31	0.46	4.53629
0.31	0.47	4.53191
0.31	0.48	4.52924
0.31	0.49	4.52782
0.31	0.5	4.52469
0.31	0.51	4.52133
0.31	0.52	4.51917
0.31	0.53	4.51783
0.31	0.54	4.51603
0.31	0.55	4.51457
0.31	0.56	4.51354
0.31	0.57	4.51203
0.31	0.58	4.51052
0.31	0.59	4.50952
0.31	0.6	4.50933
0.31	0.61	4.50832
0.31	0.62	4.50703
0.31	0.63	4.50619
0.31	0.64	4.50633
0.31	0.65	4.50609
0.31	0.66	4.50527
0.31	0.67	4.50456
0.31	0.68	4.50436
0.31	0.69	4.50463
0.31	0.7	4.50447
0.31	0.71	4.50425
0.31	0.72	4.5041
0.31	0.73	4.50397
0.31	0.74	4.50382
0.31	0.75	4.50378
0.31	0.76	4.50374
0.31	0.77	4.50367
0.31	0.78	4.50343
0.31	0.79	4.50329
0.31	0.8	4.50321
0.31	0.81	4.50314
0.31	0.82	4.50286
0.31	0.83	4.50266
0.31	0.84	4.50229
0.31	0.85	4.50201
0.31	0.86	4.50181
0.31	0.87	4.50168
0.31	0.88	4.50148
0.31	0.89	4.50126
0.31	0.9	4.50104
0.31	0.91	4.5008
0.31	0.92	4.50053
0.31	0.93	4.50028
0.31	0.94	4.49996
0.31	0.95	4.49967
0.31	0.96	4.49936
0.31	0.97	4.4991
0.31	0.98	4.4991
0.31	0.99	4.4991


0.32	0	3.35754
0.32	0.01	3.35754
0.32	0.02	3.35754
0.32	0.03	3.32489
0.32	0.04	3.30933
0.32	0.05	3.2825
0.32	0.06	3.26704
0.32	0.07	3.2433
0.32	0.08	3.24181
0.32	0.09	3.29556
0.32	0.1	3.77035
0.32	0.11	4.30943
0.32	0.12	4.58934
0.32	0.13	4.55507
0.32	0.14	4.492
0.32	0.15	4.47275
0.32	0.16	4.48743
0.32	0.17	4.53137
0.32	0.18	4.53982
0.32	0.19	4.49397
0.32	0.2	4.47987
0.32	0.21	4.50856
0.32	0.22	4.52458
0.32	0.23	4.51008
0.32	0.24	4.49918
0.32	0.25	4.5015
0.32	0.26	4.50578
0.32	0.27	4.51008
0.32	0.28	4.50978
0.32	0.29	4.50195
0.32	0.3	4.50202
0.32	0.31	4.50753
0.32	0.32	4.51295
0.32	0.33	4.5172
0.32	0.34	4.52988
0.32	0.35	4.53618
0.32	0.36	4.54868
0.32	0.37	4.55607
0.32	0.38	4.55704
0.32	0.39	4.55532
0.32	0.4	4.55443
0.32	0.41	4.55057
0.32	0.42	4.54504
0.32	0.43	4.54086
0.32	0.44	4.53545
0.32	0.45	4.53115
0.32	0.46	4.52862
0.32	0.47	4.52735
0.32	0.48	4.52473
0.32	0.49	4.52142
0.32	0.5	4.51885
0.32	0.51	4.51808
0.32	0.52	4.51758
0.32	0.53	4.51558
0.32	0.54	4.51361
0.32	0.55	4.5124
0.32	0.56	4.51143
0.32	0.57	4.51045
0.32	0.58	4.50973
0.32	0.59	4.50895
0.32	0.6	4.50786
0.32	0.61	4.50694
0.32	0.62	4.50663
0.32	0.63	4.50643
0.32	0.64	4.50577
0.32	0.65	4.50505
0.32	0.66	4.50484
0.32	0.67	4.50496
0.32	0.68	4.50472
0.32	0.69	4.50418
0.32	0.7	4.50392
0.32	0.71	4.50387
0.32	0.72	4.50394
0.32	0.73	4.50388
0.32	0.74	4.50382
0.32	0.75	4.50376
0.32	0.76	4.50373
0.32	0.77	4.50368
0.32	0.78	4.50369
0.32	0.79	4.50368
0.32	0.8	4.50347
0.32	0.81	4.50333
0.32	0.82	4.50321
0.32	0.83	4.50314
0.32	0.84	4.50303
0.32	0.85	4.5029
0.32	0.86	4.50261
0.32	0.87	4.50235
0.32	0.88	4.50203
0.32	0.89	4.50178
0.32	0.9	4.50155
0.32	0.91	4.50132
0.32	0.92	4.50112
0.32	0.93	4.50089
0.32	0.94	4.50068
0.32	0.95	4.50039
0.32	0.96	4.50023
0.32	0.97	4.49974
0.32	0.98	4.49974
0.32	0.99	4.49974


0.33	0	3.3369
0.33	0.01	3.3369
0.33	0.02	3.3369
0.33	0.03	3.29975
0.33	0.04	3.2868
0.33	0.05	3.26098
0.33	0.06	3.25766
0.33	0.07	3.29591
0.33	0.08	3.68323
0.33	0.09	4.25811
0.33	0.1	4.60227
0.33	0.11	4.55289
0.33	0.12	4.47516
0.33	0.13	4.47553
0.33	0.14	4.50235
0.33	0.15	4.53395
0.33	0.16	4.53338
0.33	0.17	4.49228
0.33	0.18	4.48074
0.33	0.19	4.51422
0.33	0.2	4.52749
0.33	0.21	4.50918
0.33	0.22	4.49673
0.33	0.23	4.50348
0.33	0.24	4.5096
0.33	0.25	4.51055
0.33	0.26	4.50904
0.33	0.27	4.50277
0.33	0.28	4.50531
0.33	0.29	4.51118
0.33	0.3	4.52016
0.33	0.31	4.52774
0.33	0.32	4.53877
0.33	0.33	4.54467
0.33	0.34	4.55285
0.33	0.35	4.55991
0.33	0.36	4.5577
0.33	0.37	4.55503
0.33	0.38	4.55176
0.33	0.39	4.54738
0.33	0.4	4.54379
0.33	0.41	4.53796
0.33	0.42	4.53367
0.33	0.43	4.53037
0.33	0.44	4.52841
0.33	0.45	4.52686
0.33	0.46	4.52461
0.33	0.47	4.52174
0.33	0.48	4.51945
0.33	0.49	4.51857
0.33	0.5	4.51816
0.33	0.51	4.51631
0.33	0.52	4.51418
0.33	0.53	4.51274
0.33	0.54	4.51257
0.33	0.55	4.51209
0.33	0.56	4.51081
0.33	0.57	4.5096
0.33	0.58	4.50874
0.33	0.59	4.5081
0.33	0.6	4.50769
0.33	0.61	4.5073
0.33	0.62	4.50674
0.33	0.63	4.50596
0.33	0.64	4.5056
0.33	0.65	4.5055
0.33	0.66	4.50527
0.33	0.67	4.50474
0.33	0.68	4.50444
0.33	0.69	4.50437
0.33	0.7	4.50428
0.33	0.71	4.50409
0.33	0.72	4.50378
0.33	0.73	4.50374
0.33	0.74	4.50376
0.33	0.75	4.50381
0.33	0.76	4.50379
0.33	0.77	4.50373
0.33	0.78	4.50365
0.33	0.79	4.50363
0.33	0.8	4.50366
0.33	0.81	4.50369
0.33	0.82	4.50362
0.33	0.83	4.50355
0.33	0.84	4.50339
0.33	0.85	4.50325
0.33	0.86	4.50313
0.33	0.87	4.50293
0.33	0.88	4.50268
0.33	0.89	4.5025
0.33	0.9	4.50219
0.33	0.91	4.5019
0.33	0.92	4.50168
0.33	0.93	4.50145
0.33	0.94	4.50128
0.33	0.95	4.50101
0.33	0.96	4.50087
0.33	0.97	4.50047
0.33	0.98	4.50047
0.33	0.99	4.50047


0.34	0	3.32213
0.34	0.01	3.32213
0.34	0.02	3.32213
0.34	0.03	3.28481
0.34	0.04	3.27893
0.34	0.05	3.30443
0.34	0.06	3.61882
0.34	0.07	4.20113
0.34	0.08	4.61561
0.34	0.09	4.55021
0.34	0.1	4.46119
0.34	0.11	4.48077
0.34	0.12	4.51678
0.34	0.13	4.53527
0.34	0.14	4.52623
0.34	0.15	4.49175
0.34	0.16	4.48472
0.34	0.17	4.51839
0.34	0.18	4.52942
0.34	0.19	4.50734
0.34	0.2	4.49496
0.34	0.21	4.50554
0.34	0.22	4.51355
0.34	0.23	4.51116
0.34	0.24	4.50857
0.34	0.25	4.50474
0.34	0.26	4.50929
0.34	0.27	4.51722
0.34	0.28	4.52907
0.34	0.29	4.53876
0.34	0.3	4.54478
0.34	0.31	4.55092
0.34	0.32	4.5577
0.34	0.33	4.5609
0.34	0.34	4.55683
0.34	0.35	4.55417
0.34	0.36	4.54841
0.34	0.37	4.54495
0.34	0.38	4.54166
0.34	0.39	4.53671
0.34	0.4	4.532
0.34	0.41	4.52912
0.34	0.42	4.52843
0.34	0.43	4.52683
0.34	0.44	4.52401
0.34	0.45	4.52149
0.34	0.46	4.51983
0.34	0.47	4.51923
0.34	0.48	4.51863
0.34	0.49	4.51696
0.34	0.5	4.51508
0.34	0.51	4.51372
0.34	0.52	4.51352
0.34	0.53	4.51308
0.34	0.54	4.51179
0.34	0.55	4.51035
0.34	0.56	4.50966
0.34	0.57	4.50971
0.34	0.58	4.50929
0.34	0.59	4.50863
0.34	0.6	4.50776
0.34	0.61	4.50715
0.34	0.62	4.50686
0.34	0.63	4.50663
0.34	0.64	4.50632
0.34	0.65	4.50576
0.34	0.66	4.50531
0.34	0.67	4.50509
0.34	0.68	4.50496
0.34	0.69	4.50471
0.34	0.7	4.50441
0.34	0.71	4.5043
0.34	0.72	4.50422
0.34	0.73	4.50414
0.34	0.74	4.50391
0.34	0.75	4.50372
0.34	0.76	4.50368
0.34	0.77	4.50373
0.34	0.78	4.50378
0.34	0.79	4.50381
0.34	0.8	4.50377
0.34	0.81	4.50373
0.34	0.82	4.50372
0.34	0.83	4.50368
0.34	0.84	4.5036
0.34	0.85	4.50354
0.34	0.86	4.50339
0.34	0.87	4.50332
0.34	0.88	4.50317
0.34	0.89	4.50299
0.34	0.9	4.50284
0.34	0.91	4.50264
0.34	0.92	4.50239
0.34	0.93	4.5021
0.34	0.94	4.50187
0.34	0.95	4.50157
0.34	0.96	4.50144
0.34	0.97	4.50109
0.34	0.98	4.50109
0.34	0.99	4.50109


0.35	0	3.3101
0.35	0.01	3.3101
0.35	0.02	3.3101
0.35	0.03	3.31939
0.35	0.04	3.57825
0.35	0.05	4.15723
0.35	0.06	4.63235
0.35	0.07	4.55025
0.35	0.08	4.45562
0.35	0.09	4.48982
0.35	0.1	4.53342
0.35	0.11	4.538
0.35	0.12	4.52034
0.35	0.13	4.49277
0.35	0.14	4.49094
0.35	0.15	4.52132
0.35	0.16	4.53095
0.35	0.17	4.50532
0.35	0.18	4.49503
0.35	0.19	4.50784
0.35	0.2	4.51718
0.35	0.21	4.51159
0.35	0.22	4.50858
0.35	0.23	4.50785
0.35	0.24	4.51448
0.35	0.25	4.52661
0.35	0.26	4.54078
0.35	0.27	4.54574
0.35	0.28	4.54916
0.35	0.29	4.55579
0.35	0.3	4.5607
0.35	0.31	4.5603
0.35	0.32	4.5559
0.35	0.33	4.55027
0.35	0.34	4.54606
0.35	0.35	4.54359
0.35	0.36	4.53964
0.35	0.37	4.53493
0.35	0.38	4.53086
0.35	0.39	4.52896
0.35	0.4	4.52841
0.35	0.41	4.52682
0.35	0.42	4.52376
0.35	0.43	4.52114
0.35	0.44	4.51985
0.35	0.45	4.51992
0.35	0.46	4.51901
0.35	0.47	4.51719
0.35	0.48	4.51552
0.35	0.49	4.51453
0.35	0.5	4.51449
0.35	0.51	4.51401
0.35	0.52	4.51286
0.35	0.53	4.51154
0.35	0.54	4.51093
0.35	0.55	4.51098
0.35	0.56	4.51052
0.35	0.57	4.5096
0.35	0.58	4.50881
0.35	0.59	4.50858
0.35	0.6	4.50849
0.35	0.61	4.50824
0.35	0.62	4.50768
0.35	0.63	4.50696
0.35	0.64	4.50656
0.35	0.65	4.50633
0.35	0.66	4.50616
0.35	0.67	4.50585
0.35	0.68	4.50544
0.35	0.69	4.50518
0.35	0.7	4.50499
0.35	0.71	4.5048
0.35	0.72	4.50451
0.35	0.73	4.50431
0.35	0.74	4.50423
0.35	0.75	4.50421
0.35	0.76	4.50408
0.35	0.77	4.50391
0.35	0.78	4.50379
0.35	0.79	4.50378
0.35	0.8	4.50378
0.35	0.81	4.50376
0.35	0.82	4.50371
0.35	0.83	4.50368
0.35	0.84	4.50366
0.35	0.85	4.50363
0.35	0.86	4.50359
0.35	0.87	4.50355
0.35	0.88	4.50348
0.35	0.89	4.50338
0.35	0.9	4.50323
0.35	0.91	4.50311
0.35	0.92	4.50297
0.35	0.93	4.50277
0.35	0.94	4.50258
0.35	0.95	4.50228
0.35	0.96	4.50209
0.35	0.97	4.50168
0.35	0.98	4.50168
0.35	0.99	4.50168


0.36	0	3.5224
0.36	0.01	3.5224
0.36	0.02	3.5224
0.36	0.03	4.10148
0.36	0.04	4.64165
0.36	0.05	4.5506
0.36	0.06	4.46603
0.36	0.07	4.50961
0.36	0.08	4.5604
0.36	0.09	4.54866
0.36	0.1	4.52004
0.36	0.11	4.49908
0.36	0.12	4.50107
0.36	0.13	4.52674
0.36	0.14	4.53304
0.36	0.15	4.50551
0.36	0.16	4.49661
0.36	0.17	4.51094
0.36	0.18	4.52035
0.36	0.19	4.51311
0.36	0.2	4.5103
0.36	0.21	4.51284
0.36	0.22	4.52219
0.36	0.23	4.53854
0.36	0.24	4.54937
0.36	0.25	4.5505
0.36	0.26	4.55218
0.36	0.27	4.55845
0.36	0.28	4.56308
0.36	0.29	4.5584
0.36	0.3	4.5539
0.36	0.31	4.54726
0.36	0.32	4.54436
0.36	0.33	4.54189
0.36	0.34	4.538
0.36	0.35	4.53344
0.36	0.36	4.52991
0.36	0.37	4.52876
0.36	0.38	4.52854
0.36	0.39	4.52638
0.36	0.4	4.52343
0.36	0.41	4.52119
0.36	0.42	4.52047
0.36	0.43	4.52069
0.36	0.44	4.5194
0.36	0.45	4.51735
0.36	0.46	4.51578
0.36	0.47	4.51516
0.36	0.48	4.51538
0.36	0.49	4.51469
0.36	0.5	4.51349
0.36	0.51	4.51242
0.36	0.52	4.51204
0.36	0.53	4.51217
0.36	0.54	4.51177
0.36	0.55	4.5109
0.36	0.56	4.51018
0.36	0.57	4.51002
0.36	0.58	4.50985
0.36	0.59	4.50946
0.36	0.6	4.50869
0.36	0.61	4.50825
0.36	0.62	4.50808
0.36	0.63	4.50802
0.36	0.64	4.5077
0.36	0.65	4.5073
0.36	0.66	4.50674
0.36	0.67	4.50645
0.36	0.68	4.50622
0.36	0.69	4.50594
0.36	0.7	4.50564
0.36	0.71	4.50532
0.36	0.72	4.50513
0.36	0.73	4.50497
0.36	0.74	4.50474
0.36	0.75	4.50452
0.36	0.76	4.50439
0.36	0.77	4.50426
0.36	0.78	4.50412
0.36	0.79	4.50398
0.36	0.8	4.5038
0.36	0.81	4.50372
0.36	0.82	4.50372
0.36	0.83	4.5037
0.36	0.84	4.50369
0.36	0.85	4.50369
0.36	0.86	4.50367
0.36	0.87	4.50363
0.36	0.88	4.50359
0.36	0.89	4.50357
0.36	0.9	4.50354
0.36	0.91	4.50344
0.36	0.92	4.50333
0.36	0.93	4.50322
0.36	0.94	4.50309
0.36	0.95	4.50289
0.36	0.96	4.50278
0.36	0.97	4.50238
0.36	0.98	4.50238
0.36	0.99	4.50238


0.37	0	4.51692
0.37	0.01	4.51692
0.37	0.02	4.51692
0.37	0.03	4.72906
0.37	0.04	4.54004
0.37	0.05	4.56867
0.37	0.06	4.58418
0.37	0.07	4.55975
0.37	0.08	4.52649
0.37	0.09	4.51517
0.37	0.1	4.52188
0.37	0.11	4.5407
0.37	0.12	4.54304
0.37	0.13	4.51183
0.37	0.14	4.50317
0.37	0.15	4.51748
0.37	0.16	4.52619
0.37	0.17	4.51714
0.37	0.18	4.51485
0.37	0.19	4.52141
0.37	0.2	4.53367
0.37	0.21	4.5483
0.37	0.22	4.55471
0.37	0.23	4.55407
0.37	0.24	4.55557
0.37	0.25	4.56083
0.37	0.26	4.56251
0.37	0.27	4.55687
0.37	0.28	4.55032
0.37	0.29	4.54457
0.37	0.3	4.5425
0.37	0.31	4.54094
0.37	0.32	4.5367
0.37	0.33	4.5323
0.37	0.34	4.52965
0.37	0.35	4.52914
0.37	0.36	4.52848
0.37	0.37	4.52592
0.37	0.38	4.52309
0.37	0.39	4.5212
0.37	0.4	4.52112
0.37	0.41	4.52113
0.37	0.42	4.51959
0.37	0.43	4.51759
0.37	0.44	4.51632
0.37	0.45	4.51622
0.37	0.46	4.51629
0.37	0.47	4.51537
0.37	0.48	4.51394
0.37	0.49	4.51313
0.37	0.5	4.51305
0.37	0.51	4.51314
0.37	0.52	4.5127
0.37	0.53	4.5118
0.37	0.54	4.51131
0.37	0.55	4.51124
0.37	0.56	4.51115
0.37	0.57	4.51075
0.37	0.58	4.51008
0.37	0.59	4.50972
0.37	0.6	4.50957
0.37	0.61	4.50938
0.37	0.62	4.50894
0.37	0.63	4.50848
0.37	0.64	4.50821
0.37	0.65	4.50795
0.37	0.66	4.50768
0.37	0.67	4.50759
0.37	0.68	4.5071
0.37	0.69	4.5067
0.37	0.7	4.50641
0.37	0.71	4.50617
0.37	0.72	4.50595
0.37	0.73	4.50561
0.37	0.74	4.50533
0.37	0.75	4.50509
0.37	0.76	4.50485
0.37	0.77	4.50462
0.37	0.78	4.50442
0.37	0.79	4.50426
0.37	0.8	4.50414
0.37	0.81	4.50406
0.37	0.82	4.50389
0.37	0.83	4.50376
0.37	0.84	4.50372
0.37	0.85	4.5037
0.37	0.86	4.50369
0.37	0.87	4.5037
0.37	0.88	4.50368
0.37	0.89	4.50364
0.37	0.9	4.50362
0.37	0.91	4.50361
0.37	0.92	4.50356
0.37	0.93	4.50348
0.37	0.94	4.50345
0.37	0.95	4.50329
0.37	0.96	4.50322
0.37	0.97	4.50296
0.37	0.98	4.50296
0.37	0.99	4.50296


0.38	0	4.72543
0.38	0.01	4.72543
0.38	0.02	4.72543
0.38	0.03	4.73692
0.38	0.04	4.68771
0.38	0.05	4.69147
0.38	0.06	4.62834
0.38	0.07	4.58994
0.38	0.08	4.57965
0.38	0.09	4.5643
0.38	0.1	4.55793
0.38	0.11	4.52598
0.38	0.12	4.51888
0.38	0.13	4.53329
0.38	0.14	4.54181
0.38	0.15	4.52989
0.38	0.16	4.52773
0.38	0.17	4.53543
0.38	0.18	4.54862
0.38	0.19	4.55796
0.38	0.2	4.56062
0.38	0.21	4.55729
0.38	0.22	4.55931
0.38	0.23	4.56238
0.38	0.24	4.5606
0.38	0.25	4.55495
0.38	0.26	4.54709
0.38	0.27	4.54288
0.38	0.28	4.54144
0.38	0.29	4.54012
0.38	0.3	4.53585
0.38	0.31	4.53144
0.38	0.32	4.52882
0.38	0.33	4.52912
0.38	0.34	4.52846
0.38	0.35	4.5258
0.38	0.36	4.5232
0.38	0.37	4.52174
0.38	0.38	4.52199
0.38	0.39	4.52144
0.38	0.4	4.51969
0.38	0.41	4.51778
0.38	0.42	4.51686
0.38	0.43	4.51713
0.38	0.44	4.51693
0.38	0.45	4.51591
0.38	0.46	4.51461
0.38	0.47	4.51408
0.38	0.48	4.51429
0.38	0.49	4.51412
0.38	0.5	4.51351
0.38	0.51	4.51256
0.38	0.52	4.51226
0.38	0.53	4.51229
0.38	0.54	4.51215
0.38	0.55	4.51174
0.38	0.56	4.51113
0.38	0.57	4.51093
0.38	0.58	4.51089
0.38	0.59	4.51067
0.38	0.6	4.5104
0.38	0.61	4.50991
0.38	0.62	4.50964
0.38	0.63	4.50942
0.38	0.64	4.50909
0.38	0.65	4.50881
0.38	0.66	4.50838
0.38	0.67	4.50811
0.38	0.68	4.50795
0.38	0.69	4.50777
0.38	0.7	4.50741
0.38	0.71	4.50709
0.38	0.72	4.50663
0.38	0.73	4.50632
0.38	0.74	4.50606
0.38	0.75	4.50577
0.38	0.76	4.50546
0.38	0.77	4.50521
0.38	0.78	4.50499
0.38	0.79	4.50476
0.38	0.8	4.50452
0.38	0.81	4.50435
0.38	0.82	4.50422
0.38	0.83	4.50413
0.38	0.84	4.50399
0.38	0.85	4.50384
0.38	0.86	4.50375
0.38	0.87	4.50371
0.38	0.88	4.5037
0.38	0.89	4.5037
0.38	0.9	4.50368
0.38	0.91	4.50366
0.38	0.92	4.50366
0.38	0.93	4.50362
0.38	0.94	4.50359
0.38	0.95	4.50353
0.38	0.96	4.5035
0.38	0.97	4.50333
0.38	0.98	4.50333
0.38	0.99	4.50333


0.39	0	4.71978
0.39	0.01	4.71978
0.39	0.02	4.71978
0.39	0.03	4.71971
0.39	0.04	4.72666
0.39	0.05	4.72013
0.39	0.06	4.70574
0.39	0.07	4.71493
0.39	0.08	4.67486
0.39	0.09	4.62858
0.39	0.1	4.59417
0.39	0.11	4.57785
0.39	0.12	4.57431
0.39	0.13	4.55197
0.39	0.14	4.55084
0.39	0.15	4.55718
0.39	0.16	4.56847
0.39	0.17	4.5765
0.39	0.18	4.57254
0.39	0.19	4.56499
0.39	0.2	4.566
0.39	0.21	4.56551
0.39	0.22	4.561
0.39	0.23	4.55395
0.39	0.24	4.54628
0.39	0.25	4.54198
0.39	0.26	4.5414
0.39	0.27	4.53936
0.39	0.28	4.53496
0.39	0.29	4.53103
0.39	0.3	4.52893
0.39	0.31	4.52951
0.39	0.32	4.52853
0.39	0.33	4.52571
0.39	0.34	4.52308
0.39	0.35	4.52198
0.39	0.36	4.52246
0.39	0.37	4.52178
0.39	0.38	4.52003
0.39	0.39	4.51843
0.39	0.4	4.51781
0.39	0.41	4.51812
0.39	0.42	4.51753
0.39	0.43	4.5163
0.39	0.44	4.51525
0.39	0.45	4.51499
0.39	0.46	4.51525
0.39	0.47	4.51497
0.39	0.48	4.51422
0.39	0.49	4.51355
0.39	0.5	4.5134
0.39	0.51	4.51343
0.39	0.52	4.51317
0.39	0.53	4.51262
0.39	0.54	4.51206
0.39	0.55	4.512
0.39	0.56	4.51197
0.39	0.57	4.5117
0.39	0.58	4.51148
0.39	0.59	4.51107
0.39	0.6	4.51082
0.39	0.61	4.51062
0.39	0.62	4.51059
0.39	0.63	4.51022
0.39	0.64	4.50992
0.39	0.65	4.50963
0.39	0.66	4.50937
0.39	0.67	4.50909
0.39	0.68	4.50869
0.39	0.69	4.50837
0.39	0.7	4.5081
0.39	0.71	4.50782
0.39	0.72	4.50752
0.39	0.73	4.5073
0.39	0.74	4.5069
0.39	0.75	4.50654
0.39	0.76	4.50624
0.39	0.77	4.50595
0.39	0.78	4.50566
0.39	0.79	4.50538
0.39	0.8	4.50515
0.39	0.81	4.50492
0.39	0.82	4.50467
0.39	0.83	4.50446
0.39	0.84	4.50432
0.39	0.85	4.50421
0.39	0.86	4.50409
0.39	0.87	4.50395
0.39	0.88	4.50381
0.39	0.89	4.50375
0.39	0.9	4.50372
0.39	0.91	4.5037
0.39	0.92	4.50369
0.39	0.93	4.50368
0.39	0.94	4.50367
0.39	0.95	4.50363
0.39	0.96	4.50362
0.39	0.97	4.50354
0.39	0.98	4.50354
0.39	0.99	4.50354


0.4	0	4.72034
0.4	0.01	4.72034
0.4	0.02	4.72034
0.4	0.03	4.71963
0.4	0.04	4.71904
0.4	0.05	4.72131
0.4	0.06	4.72243
0.4	0.07	4.71882
0.4	0.08	4.72263
0.4	0.09	4.71955
0.4	0.1	4.70076
0.4	0.11	4.69824
0.4	0.12	4.65509
0.4	0.13	4.63416
0.4	0.14	4.6194
0.4	0.15	4.60603
0.4	0.16	4.58872
0.4	0.17	4.58063
0.4	0.18	4.57921
0.4	0.19	4.57677
0.4	0.2	4.56957
0.4	0.21	4.55963
0.4	0.22	4.55122
0.4	0.23	4.54607
0.4	0.24	4.54457
0.4	0.25	4.54092
0.4	0.26	4.53586
0.4	0.27	4.53179
0.4	0.28	4.52985
0.4	0.29	4.5302
0.4	0.3	4.52866
0.4	0.31	4.52574
0.4	0.32	4.52343
0.4	0.33	4.52271
0.4	0.34	4.52323
0.4	0.35	4.52221
0.4	0.36	4.52029
0.4	0.37	4.51884
0.4	0.38	4.51847
0.4	0.39	4.51881
0.4	0.4	4.51818
0.4	0.41	4.51703
0.4	0.42	4.51624
0.4	0.43	4.51617
0.4	0.44	4.51621
0.4	0.45	4.51578
0.4	0.46	4.51486
0.4	0.47	4.51442
0.4	0.48	4.51438
0.4	0.49	4.51435
0.4	0.5	4.51408
0.4	0.51	4.5135
0.4	0.52	4.5132
0.4	0.53	4.51316
0.4	0.54	4.51306
0.4	0.55	4.51281
0.4	0.56	4.51236
0.4	0.57	4.51204
0.4	0.58	4.51187
0.4	0.59	4.51171
0.4	0.6	4.51168
0.4	0.61	4.51133
0.4	0.62	4.51107
0.4	0.63	4.51088
0.4	0.64	4.51069
0.4	0.65	4.51043
0.4	0.66	4.51021
0.4	0.67	4.50985
0.4	0.68	4.50953
0.4	0.69	4.50923
0.4	0.7	4.5089
0.4	0.71	4.50857
0.4	0.72	4.50823
0.4	0.73	4.50796
0.4	0.74	4.50773
0.4	0.75	4.50747
0.4	0.76	4.50713
0.4	0.77	4.50682
0.4	0.78	4.50647
0.4	0.79	4.50617
0.4	0.8	4.50586
0.4	0.81	4.50557
0.4	0.82	4.50533
0.4	0.83	4.5051
0.4	0.84	4.50485
0.4	0.85	4.50461
0.4	0.86	4.50444
0.4	0.87	4.5043
0.4	0.88	4.50418
0.4	0.89	4.50405
0.4	0.9	4.5039
0.4	0.91	4.50379
0.4	0.92	4.50374
0.4	0.93	4.50371
0.4	0.94	4.50369
0.4	0.95	4.50368
0.4	0.96	4.50368
0.4	0.97	4.50364
0.4	0.98	4.50364
0.4	0.99	4.50364


0.41	0	4.72011
0.41	0.01	4.72011
0.41	0.02	4.72011
0.41	0.03	4.72048
0.41	0.04	4.72051
0.41	0.05	4.72036
0.41	0.06	4.7234
0.41	0.07	4.72748
0.41	0.08	4.73276
0.41	0.09	4.74459
0.41	0.1	4.75897
0.41	0.11	4.75722
0.41	0.12	4.7524
0.41	0.13	4.75051
0.41	0.14	4.71691
0.41	0.15	4.67986
0.41	0.16	4.64635
0.41	0.17	4.61782
0.41	0.18	4.58909
0.41	0.19	4.57208
0.41	0.2	4.56359
0.41	0.21	4.55935
0.41	0.22	4.55581
0.41	0.23	4.55068
0.41	0.24	4.54316
0.41	0.25	4.53785
0.41	0.26	4.53529
0.41	0.27	4.53362
0.41	0.28	4.53095
0.41	0.29	4.5272
0.41	0.3	4.52486
0.41	0.31	4.52402
0.41	0.32	4.52415
0.41	0.33	4.52283
0.41	0.34	4.52081
0.41	0.35	4.51963
0.41	0.36	4.51953
0.41	0.37	4.51966
0.41	0.38	4.51891
0.41	0.39	4.51761
0.41	0.4	4.51699
0.41	0.41	4.51703
0.41	0.42	4.51703
0.41	0.43	4.51662
0.41	0.44	4.51583
0.41	0.45	4.51554
0.41	0.46	4.5155
0.41	0.47	4.51533
0.41	0.48	4.51494
0.41	0.49	4.51433
0.41	0.5	4.51419
0.41	0.51	4.51415
0.41	0.52	4.51398
0.41	0.53	4.51379
0.41	0.54	4.51334
0.41	0.55	4.51315
0.41	0.56	4.51303
0.41	0.57	4.51292
0.41	0.58	4.5127
0.41	0.59	4.5123
0.41	0.6	4.51207
0.41	0.61	4.51195
0.41	0.62	4.51175
0.41	0.63	4.51149
0.41	0.64	4.51132
0.41	0.65	4.51101
0.41	0.66	4.51076
0.41	0.67	4.51053
0.41	0.68	4.51032
0.41	0.69	4.51002
0.41	0.7	4.50976
0.41	0.71	4.50944
0.41	0.72	4.50913
0.41	0.73	4.50878
0.41	0.74	4.50844
0.41	0.75	4.50816
0.41	0.76	4.50792
0.41	0.77	4.50764
0.41	0.78	4.50734
0.41	0.79	4.50707
0.41	0.8	4.50673
0.41	0.81	4.50641
0.41	0.82	4.50609
0.41	0.83	4.50578
0.41	0.84	4.50552
0.41	0.85	4.50528
0.41	0.86	4.50504
0.41	0.87	4.50477
0.41	0.88	4.50456
0.41	0.89	4.50439
0.41	0.9	4.50427
0.41	0.91	4.50414
0.41	0.92	4.50401
0.41	0.93	4.50385
0.41	0.94	4.50379
0.41	0.95	4.50372
0.41	0.96	4.50371
0.41	0.97	4.50369
0.41	0.98	4.50369
0.41	0.99	4.50369


0.42	0	4.72072
0.42	0.01	4.72072
0.42	0.02	4.72072
0.42	0.03	4.72209
0.42	0.04	4.72486
0.42	0.05	4.73235
0.42	0.06	4.7409
0.42	0.07	4.74853
0.42	0.08	4.75894
0.42	0.09	4.7643
0.42	0.1	4.76687
0.42	0.11	4.77223
0.42	0.12	4.77073
0.42	0.13	4.76607
0.42	0.14	4.76581
0.42	0.15	4.74988
0.42	0.16	4.7203
0.42	0.17	4.70194
0.42	0.18	4.66291
0.42	0.19	4.62748
0.42	0.2	4.59293
0.42	0.21	4.56892
0.42	0.22	4.55712
0.42	0.23	4.55214
0.42	0.24	4.54885
0.42	0.25	4.54526
0.42	0.26	4.54084
0.42	0.27	4.53469
0.42	0.28	4.53148
0.42	0.29	4.52955
0.42	0.3	4.52768
0.42	0.31	4.52539
0.42	0.32	4.52253
0.42	0.33	4.5213
0.42	0.34	4.52104
0.42	0.35	4.52075
0.42	0.36	4.51983
0.42	0.37	4.51851
0.42	0.38	4.51805
0.42	0.39	4.51816
0.42	0.4	4.51801
0.42	0.41	4.51744
0.42	0.42	4.51664
0.42	0.43	4.51639
0.42	0.44	4.51639
0.42	0.45	4.51624
0.42	0.46	4.5159
0.42	0.47	4.51547
0.42	0.48	4.51533
0.42	0.49	4.5152
0.42	0.5	4.51502
0.42	0.51	4.51465
0.42	0.52	4.51427
0.42	0.53	4.51408
0.42	0.54	4.51395
0.42	0.55	4.51399
0.42	0.56	4.51365
0.42	0.57	4.51337
0.42	0.58	4.5132
0.42	0.59	4.51304
0.42	0.6	4.51287
0.42	0.61	4.51256
0.42	0.62	4.51224
0.42	0.63	4.512
0.42	0.64	4.5118
0.42	0.65	4.51161
0.42	0.66	4.51141
0.42	0.67	4.51116
0.42	0.68	4.51095
0.42	0.69	4.5107
0.42	0.7	4.51045
0.42	0.71	4.51019
0.42	0.72	4.50997
0.42	0.73	4.50967
0.42	0.74	4.50937
0.42	0.75	4.50903
0.42	0.76	4.5087
0.42	0.77	4.50838
0.42	0.78	4.50811
0.42	0.79	4.50784
0.42	0.8	4.50756
0.42	0.81	4.50729
0.42	0.82	4.50697
0.42	0.83	4.50667
0.42	0.84	4.50633
0.42	0.85	4.50599
0.42	0.86	4.50571
0.42	0.87	4.50545
0.42	0.88	4.50522
0.42	0.89	4.50495
0.42	0.9	4.50472
0.42	0.91	4.5045
0.42	0.92	4.50437
0.42	0.93	4.50423
0.42	0.94	4.50411
0.42	0.95	4.50394
0.42	0.96	4.50386
0.42	0.97	4.50375
0.42	0.98	4.50375
0.42	0.99	4.50375


0.43	0	4.72681
0.43	0.01	4.72681
0.43	0.02	4.72681
0.43	0.03	4.7385
0.43	0.04	4.74611
0.43	0.05	4.75644
0.43	0.06	4.76063
0.43	0.07	4.76837
0.43	0.08	4.76833
0.43	0.09	4.76976
0.43	0.1	4.7682
0.43	0.11	4.76597
0.43	0.12	4.76322
0.43	0.13	4.75831
0.43	0.14	4.75232
0.43	0.15	4.75276
0.43	0.16	4.75121
0.43	0.17	4.74047
0.43	0.18	4.72978
0.43	0.19	4.71126
0.43	0.2	4.67865
0.43	0.21	4.65672
0.43	0.22	4.61478
0.43	0.23	4.57824
0.43	0.24	4.55897
0.43	0.25	4.55038
0.43	0.26	4.546
0.43	0.27	4.54254
0.43	0.28	4.53967
0.43	0.29	4.53484
0.43	0.3	4.53042
0.43	0.31	4.52803
0.43	0.32	4.52625
0.43	0.33	4.52464
0.43	0.34	4.52222
0.43	0.35	4.52041
0.43	0.36	4.51989
0.43	0.37	4.51965
0.43	0.38	4.51929
0.43	0.39	4.51846
0.43	0.4	4.51772
0.43	0.41	4.51753
0.43	0.42	4.51747
0.43	0.43	4.51729
0.43	0.44	4.5168
0.43	0.45	4.51637
0.43	0.46	4.51622
0.43	0.47	4.51608
0.43	0.48	4.51603
0.43	0.49	4.51567
0.43	0.5	4.51538
0.43	0.51	4.51522
0.43	0.52	4.51512
0.43	0.53	4.51496
0.43	0.54	4.51456
0.43	0.55	4.51429
0.43	0.56	4.51415
0.43	0.57	4.51402
0.43	0.58	4.51379
0.43	0.59	4.51359
0.43	0.6	4.5133
0.43	0.61	4.51311
0.43	0.62	4.51294
0.43	0.63	4.51269
0.43	0.64	4.51245
0.43	0.65	4.51215
0.43	0.66	4.51194
0.43	0.67	4.51174
0.43	0.68	4.51153
0.43	0.69	4.51133
0.43	0.7	4.51111
0.43	0.71	4.51087
0.43	0.72	4.51062
0.43	0.73	4.51039
0.43	0.74	4.51015
0.43	0.75	4.50988
0.43	0.76	4.5096
0.43	0.77	4.50927
0.43	0.78	4.50898
0.43	0.79	4.50862
0.43	0.8	4.50832
0.43	0.81	4.50804
0.43	0.82	4.50776
0.43	0.83	4.50749
0.43	0.84	4.50719
0.43	0.85	4.5069
0.43	0.86	4.50658
0.43	0.87	4.50623
0.43	0.88	4.50593
0.43	0.89	4.50563
0.43	0.9	4.5054
0.43	0.91	4.50513
0.43	0.92	4.5049
0.43	0.93	4.50464
0.43	0.94	4.50449
0.43	0.95	4.50431
0.43	0.96	4.50422
0.43	0.97	4.504
0.43	0.98	4.504
0.43	0.99	4.504


0.44	0	4.74709
0.44	0.01	4.74709
0.44	0.02	4.74709
0.44	0.03	4.76244
0.44	0.04	4.76346
0.44	0.05	4.76839
0.44	0.06	4.76902
0.44	0.07	4.76885
0.44	0.08	4.76672
0.44	0.09	4.76349
0.44	0.1	4.76018
0.44	0.11	4.75587
0.44	0.12	4.7512
0.44	0.13	4.75075
0.44	0.14	4.74839
0.44	0.15	4.74421
0.44	0.16	4.74164
0.44	0.17	4.74176
0.44	0.18	4.7404
0.44	0.19	4.73618
0.44	0.2	4.73425
0.44	0.21	4.71664
0.44	0.22	4.70238
0.44	0.23	4.67875
0.44	0.24	4.64245
0.44	0.25	4.60645
0.44	0.26	4.57043
0.44	0.27	4.5538
0.44	0.28	4.5465
0.44	0.29	4.54261
0.44	0.3	4.53966
0.44	0.31	4.53585
0.44	0.32	4.53175
0.44	0.33	4.52834
0.44	0.34	4.5264
0.44	0.35	4.52485
0.44	0.36	4.52288
0.44	0.37	4.5207
0.44	0.38	4.51971
0.44	0.39	4.51931
0.44	0.4	4.51901
0.44	0.41	4.5186
0.44	0.42	4.5179
0.44	0.43	4.51752
0.44	0.44	4.51736
0.44	0.45	4.5172
0.44	0.46	4.51707
0.44	0.47	4.51656
0.44	0.48	4.51628
0.44	0.49	4.51616
0.44	0.5	4.51613
0.44	0.51	4.5159
0.44	0.52	4.51566
0.44	0.53	4.51542
0.44	0.54	4.51525
0.44	0.55	4.51508
0.44	0.56	4.51475
0.44	0.57	4.5145
0.44	0.58	4.51424
0.44	0.59	4.51403
0.44	0.6	4.51384
0.44	0.61	4.51371
0.44	0.62	4.51348
0.44	0.63	4.51327
0.44	0.64	4.51303
0.44	0.65	4.51281
0.44	0.66	4.51265
0.44	0.67	4.51237
0.44	0.68	4.51211
0.44	0.69	4.51188
0.44	0.7	4.51167
0.44	0.71	4.51149
0.44	0.72	4.51128
0.44	0.73	4.51105
0.44	0.74	4.51081
0.44	0.75	4.51058
0.44	0.76	4.51034
0.44	0.77	4.51008
0.44	0.78	4.5098
0.44	0.79	4.50949
0.44	0.8	4.50922
0.44	0.81	4.50887
0.44	0.82	4.50854
0.44	0.83	4.50824
0.44	0.84	4.50797
0.44	0.85	4.50769
0.44	0.86	4.50741
0.44	0.87	4.50712
0.44	0.88	4.50681
0.44	0.89	4.50648
0.44	0.9	4.50617
0.44	0.91	4.50584
0.44	0.92	4.50559
0.44	0.93	4.50531
0.44	0.94	4.50509
0.44	0.95	4.50479
0.44	0.96	4.50465
0.44	0.97	4.50437
0.44	0.98	4.50437
0.44	0.99	4.50437


0.45	0	4.76189
0.45	0.01	4.76189
0.45	0.02	4.76189
0.45	0.03	4.76688
0.45	0.04	4.76657
0.45	0.05	4.7675
0.45	0.06	4.76488
0.45	0.07	4.76104
0.45	0.08	4.75691
0.45	0.09	4.75432
0.45	0.1	4.75071
0.45	0.11	4.74797
0.45	0.12	4.74574
0.45	0.13	4.74383
0.45	0.14	4.74139
0.45	0.15	4.73977
0.45	0.16	4.73947
0.45	0.17	4.73828
0.45	0.18	4.73602
0.45	0.19	4.734
0.45	0.2	4.73493
0.45	0.21	4.73591
0.45	0.22	4.72895
0.45	0.23	4.71973
0.45	0.24	4.7198
0.45	0.25	4.69758
0.45	0.26	4.66973
0.45	0.27	4.64288
0.45	0.28	4.59644
0.45	0.29	4.56569
0.45	0.3	4.5515
0.45	0.31	4.54494
0.45	0.32	4.54093
0.45	0.33	4.53744
0.45	0.34	4.5341
0.45	0.35	4.52996
0.45	0.36	4.52742
0.45	0.37	4.52567
0.45	0.38	4.52388
0.45	0.39	4.52176
0.45	0.4	4.52018
0.45	0.41	4.51949
0.45	0.42	4.51909
0.45	0.43	4.51878
0.45	0.44	4.51827
0.45	0.45	4.51771
0.45	0.46	4.51748
0.45	0.47	4.51735
0.45	0.48	4.51719
0.45	0.49	4.51687
0.45	0.5	4.51662
0.45	0.51	4.51635
0.45	0.52	4.51615
0.45	0.53	4.51596
0.45	0.54	4.51582
0.45	0.55	4.51556
0.45	0.56	4.51536
0.45	0.57	4.51514
0.45	0.58	4.51489
0.45	0.59	4.51469
0.45	0.6	4.5144
0.45	0.61	4.51415
0.45	0.62	4.51397
0.45	0.63	4.51381
0.45	0.64	4.51363
0.45	0.65	4.51342
0.45	0.66	4.51319
0.45	0.67	4.513
0.45	0.68	4.51279
0.45	0.69	4.51255
0.45	0.7	4.51232
0.45	0.71	4.51205
0.45	0.72	4.51183
0.45	0.73	4.51164
0.45	0.74	4.51144
0.45	0.75	4.51122
0.45	0.76	4.51099
0.45	0.77	4.51076
0.45	0.78	4.51052
0.45	0.79	4.51026
0.45	0.8	4.50998
0.45	0.81	4.50973
0.45	0.82	4.50944
0.45	0.83	4.50911
0.45	0.84	4.50879
0.45	0.85	4.50847
0.45	0.86	4.50818
0.45	0.87	4.50789
0.45	0.88	4.50762
0.45	0.89	4.50733
0.45	0.9	4.50704
0.45	0.91	4.50672
0.45	0.92	4.50641
0.45	0.93	4.50606
0.45	0.94	4.5058
0.45	0.95	4.50547
0.45	0.96	4.5053
0.45	0.97	4.5049
0.45	0.98	4.5049
0.45	0.99	4.5049


0.46	0	4.76513
0.46	0.01	4.76513
0.46	0.02	4.76513
0.46	0.03	4.7643
0.46	0.04	4.75943
0.46	0.05	4.75653
0.46	0.06	4.75259
0.46	0.07	4.75041
0.46	0.08	4.74824
0.46	0.09	4.74644
0.46	0.1	4.74398
0.46	0.11	4.74274
0.46	0.12	4.74108
0.46	0.13	4.73943
0.46	0.14	4.73785
0.46	0.15	4.73661
0.46	0.16	4.73582
0.46	0.17	4.73452
0.46	0.18	4.73395
0.46	0.19	4.73326
0.46	0.2	4.73235
0.46	0.21	4.7318
0.46	0.22	4.73256
0.46	0.23	4.73044
0.46	0.24	4.72658
0.46	0.25	4.73101
0.46	0.26	4.72175
0.46	0.27	4.70603
0.46	0.28	4.69344
0.46	0.29	4.67665
0.46	0.3	4.63417
0.46	0.31	4.59153
0.46	0.32	4.56304
0.46	0.33	4.55005
0.46	0.34	4.54375
0.46	0.35	4.53992
0.46	0.36	4.53655
0.46	0.37	4.53246
0.46	0.38	4.52913
0.46	0.39	4.527
0.46	0.4	4.52517
0.46	0.41	4.52316
0.46	0.42	4.52109
0.46	0.43	4.52
0.46	0.44	4.51947
0.46	0.45	4.5191
0.46	0.46	4.51862
0.46	0.47	4.51811
0.46	0.48	4.51774
0.46	0.49	4.51751
0.46	0.5	4.51726
0.46	0.51	4.51701
0.46	0.52	4.51681
0.46	0.53	4.51648
0.46	0.54	4.51623
0.46	0.55	4.51605
0.46	0.56	4.5159
0.46	0.57	4.5157
0.46	0.58	4.5155
0.46	0.59	4.51527
0.46	0.6	4.51508
0.46	0.61	4.51485
0.46	0.62	4.51459
0.46	0.63	4.51433
0.46	0.64	4.51411
0.46	0.65	4.51394
0.46	0.66	4.51376
0.46	0.67	4.51356
0.46	0.68	4.51338
0.46	0.69	4.51317
0.46	0.7	4.51294
0.46	0.71	4.51272
0.46	0.72	4.5125
0.46	0.73	4.51224
0.46	0.74	4.512
0.46	0.75	4.51179
0.46	0.76	4.51158
0.46	0.77	4.51136
0.46	0.78	4.51115
0.46	0.79	4.51094
0.46	0.8	4.5107
0.46	0.81	4.51044
0.46	0.82	4.51019
0.46	0.83	4.50994
0.46	0.84	4.50965
0.46	0.85	4.50935
0.46	0.86	4.50905
0.46	0.87	4.5087
0.46	0.88	4.5084
0.46	0.89	4.50811
0.46	0.9	4.50783
0.46	0.91	4.50754
0.46	0.92	4.50726
0.46	0.93	4.50694
0.46	0.94	4.50666
0.46	0.95	4.50626
0.46	0.96	4.50605
0.46	0.97	4.50558
0.46	0.98	4.50558
0.46	0.99	4.50558


0.47	0	4.75906
0.47	0.01	4.75906
0.47	0.02	4.75906
0.47	0.03	4.75305
0.47	0.04	4.75056
0.47	0.05	4.74749
0.47	0.06	4.74449
0.47	0.07	4.74261
0.47	0.08	4.74073
0.47	0.09	4.73913
0.47	0.1	4.73829
0.47	0.11	4.73762
0.47	0.12	4.7368
0.47	0.13	4.7357
0.47	0.14	4.73551
0.47	0.15	4.73463
0.47	0.16	4.73327
0.47	0.17	4.73212
0.47	0.18	4.73235
0.47	0.19	4.73188
0.47	0.2	4.73115
0.47	0.21	4.72991
0.47	0.22	4.73011
0.47	0.23	4.73106
0.47	0.24	4.73052
0.47	0.25	4.72774
0.47	0.26	4.728
0.47	0.27	4.73259
0.47	0.28	4.72396
0.47	0.29	4.71349
0.47	0.3	4.71124
0.47	0.31	4.69606
0.47	0.32	4.66247
0.47	0.33	4.63629
0.47	0.34	4.58768
0.47	0.35	4.56109
0.47	0.36	4.54902
0.47	0.37	4.54333
0.47	0.38	4.53942
0.47	0.39	4.53533
0.47	0.4	4.53135
0.47	0.41	4.52873
0.47	0.42	4.52675
0.47	0.43	4.52474
0.47	0.44	4.52248
0.47	0.45	4.52083
0.47	0.46	4.51995
0.47	0.47	4.51939
0.47	0.48	4.5189
0.47	0.49	4.51846
0.47	0.5	4.51796
0.47	0.51	4.51763
0.47	0.52	4.51738
0.47	0.53	4.51717
0.47	0.54	4.51694
0.47	0.55	4.51666
0.47	0.56	4.51641
0.47	0.57	4.51619
0.47	0.58	4.51601
0.47	0.59	4.51582
0.47	0.6	4.51564
0.47	0.61	4.51543
0.47	0.62	4.51525
0.47	0.63	4.51502
0.47	0.64	4.51478
0.47	0.65	4.51453
0.47	0.66	4.51429
0.47	0.67	4.51408
0.47	0.68	4.51389
0.47	0.69	4.51371
0.47	0.7	4.51352
0.47	0.71	4.51331
0.47	0.72	4.51311
0.47	0.73	4.51289
0.47	0.74	4.51266
0.47	0.75	4.51242
0.47	0.76	4.51219
0.47	0.77	4.51196
0.47	0.78	4.51173
0.47	0.79	4.51151
0.47	0.8	4.51132
0.47	0.81	4.51111
0.47	0.82	4.51086
0.47	0.83	4.51063
0.47	0.84	4.5104
0.47	0.85	4.51013
0.47	0.86	4.50985
0.47	0.87	4.50957
0.47	0.88	4.50928
0.47	0.89	4.50895
0.47	0.9	4.50864
0.47	0.91	4.50832
0.47	0.92	4.50804
0.47	0.93	4.50774
0.47	0.94	4.50749
0.47	0.95	4.50713
0.47	0.96	4.50693
0.47	0.97	4.5064
0.47	0.98	4.5064
0.47	0.99	4.5064


0.48	0	4.74978
0.48	0.01	4.74978
0.48	0.02	4.74978
0.48	0.03	4.74503
0.48	0.04	4.74367
0.48	0.05	4.74099
0.48	0.06	4.73967
0.48	0.07	4.73795
0.48	0.08	4.7361
0.48	0.09	4.73455
0.48	0.1	4.73391
0.48	0.11	4.733
0.48	0.12	4.73215
0.48	0.13	4.73182
0.48	0.14	4.73211
0.48	0.15	4.73186
0.48	0.16	4.73176
0.48	0.17	4.73144
0.48	0.18	4.731
0.48	0.19	4.7302
0.48	0.2	4.73008
0.48	0.21	4.73022
0.48	0.22	4.72961
0.48	0.23	4.72877
0.48	0.24	4.72917
0.48	0.25	4.72996
0.48	0.26	4.72881
0.48	0.27	4.72795
0.48	0.28	4.72998
0.48	0.29	4.72967
0.48	0.3	4.72398
0.48	0.31	4.72407
0.48	0.32	4.72058
0.48	0.33	4.70476
0.48	0.34	4.68516
0.48	0.35	4.67182
0.48	0.36	4.62782
0.48	0.37	4.58612
0.48	0.38	4.55952
0.48	0.39	4.5486
0.48	0.4	4.54331
0.48	0.41	4.53864
0.48	0.42	4.53404
0.48	0.43	4.53074
0.48	0.44	4.5284
0.48	0.45	4.5263
0.48	0.46	4.52408
0.48	0.47	4.5219
0.48	0.48	4.52054
0.48	0.49	4.51977
0.48	0.5	4.51925
0.48	0.51	4.51879
0.48	0.52	4.51825
0.48	0.53	4.51784
0.48	0.54	4.51756
0.48	0.55	4.51734
0.48	0.56	4.51709
0.48	0.57	4.51684
0.48	0.58	4.51661
0.48	0.59	4.51635
0.48	0.6	4.51615
0.48	0.61	4.51596
0.48	0.62	4.51577
0.48	0.63	4.5156
0.48	0.64	4.51541
0.48	0.65	4.51518
0.48	0.66	4.51495
0.48	0.67	4.51473
0.48	0.68	4.51446
0.48	0.69	4.51423
0.48	0.7	4.51403
0.48	0.71	4.51385
0.48	0.72	4.51365
0.48	0.73	4.51346
0.48	0.74	4.51327
0.48	0.75	4.51305
0.48	0.76	4.51284
0.48	0.77	4.5126
0.48	0.78	4.51237
0.48	0.79	4.51213
0.48	0.8	4.51189
0.48	0.81	4.51168
0.48	0.82	4.51148
0.48	0.83	4.51126
0.48	0.84	4.51103
0.48	0.85	4.51082
0.48	0.86	4.51058
0.48	0.87	4.51032
0.48	0.88	4.51006
0.48	0.89	4.50979
0.48	0.9	4.5095
0.48	0.91	4.50919
0.48	0.92	4.50889
0.48	0.93	4.50853
0.48	0.94	4.50827
0.48	0.95	4.50791
0.48	0.96	4.50773
0.48	0.97	4.50725
0.48	0.98	4.50725
0.48	0.99	4.50725


0.49	0	4.74308
0.49	0.01	4.74308
0.49	0.02	4.74308
0.49	0.03	4.73969
0.49	0.04	4.73869
0.49	0.05	4.73645
0.49	0.06	4.7354
0.49	0.07	4.73399
0.49	0.08	4.73298
0.49	0.09	4.73225
0.49	0.1	4.73133
0.49	0.11	4.73033
0.49	0.12	4.72967
0.49	0.13	4.72938
0.49	0.14	4.72885
0.49	0.15	4.7285
0.49	0.16	4.72878
0.49	0.17	4.72919
0.49	0.18	4.7295
0.49	0.19	4.7296
0.49	0.2	4.72967
0.49	0.21	4.72929
0.49	0.22	4.72917
0.49	0.23	4.72924
0.49	0.24	4.72889
0.49	0.25	4.72862
0.49	0.26	4.7288
0.49	0.27	4.7288
0.49	0.28	4.72833
0.49	0.29	4.72894
0.49	0.3	4.72967
0.49	0.31	4.72751
0.49	0.32	4.72618
0.49	0.33	4.73112
0.49	0.34	4.72192
0.49	0.35	4.70988
0.49	0.36	4.70946
0.49	0.37	4.69144
0.49	0.38	4.65714
0.49	0.39	4.63004
0.49	0.4	4.58196
0.49	0.41	4.5585
0.49	0.42	4.549
0.49	0.43	4.5427
0.49	0.44	4.53718
0.49	0.45	4.53303
0.49	0.46	4.53021
0.49	0.47	4.52797
0.49	0.48	4.52581
0.49	0.49	4.52336
0.49	0.5	4.52144
0.49	0.51	4.52033
0.49	0.52	4.51969
0.49	0.53	4.51917
0.49	0.54	4.51861
0.49	0.55	4.51812
0.49	0.56	4.51778
0.49	0.57	4.51752
0.49	0.58	4.51727
0.49	0.59	4.51702
0.49	0.6	4.51681
0.49	0.61	4.51654
0.49	0.62	4.51631
0.49	0.63	4.5161
0.49	0.64	4.51591
0.49	0.65	4.51574
0.49	0.66	4.51555
0.49	0.67	4.51533
0.49	0.68	4.51512
0.49	0.69	4.51491
0.49	0.7	4.51465
0.49	0.71	4.5144
0.49	0.72	4.51418
0.49	0.73	4.51399
0.49	0.74	4.5138
0.49	0.75	4.51361
0.49	0.76	4.51341
0.49	0.77	4.51321
0.49	0.78	4.51301
0.49	0.79	4.51278
0.49	0.8	4.51255
0.49	0.81	4.5123
0.49	0.82	4.51207
0.49	0.83	4.51185
0.49	0.84	4.51162
0.49	0.85	4.51141
0.49	0.86	4.5112
0.49	0.87	4.51099
0.49	0.88	4.51076
0.49	0.89	4.5105
0.49	0.9	4.51026
0.49	0.91	4.50999
0.49	0.92	4.50972
0.49	0.93	4.50941
0.49	0.94	4.50913
0.49	0.95	4.50874
0.49	0.96	4.50853
0.49	0.97	4.50803
0.49	0.98	4.50803
0.49	0.99	4.50803


0.5	0	4.73829
0.5	0.01	4.73829
0.5	0.02	4.73829
0.5	0.03	4.73566
0.5	0.04	4.73486
0.5	0.05	4.7334
0.5	0.06	4.7324
0.5	0.07	4.73136
0.5	0.08	4.7307
0.5	0.09	4.72995
0.5	0.1	4.72919
0.5	0.11	4.72866
0.5	0.12	4.72849
0.5	0.13	4.72797
0.5	0.14	4.72742
0.5	0.15	4.72725
0.5	0.16	4.72709
0.5	0.17	4.72696
0.5	0.18	4.72695
0.5	0.19	4.72744
0.5	0.2	4.72787
0.5	0.21	4.7285
0.5	0.22	4.7288
0.5	0.23	4.72887
0.5	0.24	4.72882
0.5	0.25	4.72876
0.5	0.26	4.72862
0.5	0.27	4.72873
0.5	0.28	4.72859
0.5	0.29	4.72831
0.5	0.3	4.72851
0.5	0.31	4.72914
0.5	0.32	4.72845
0.5	0.33	4.72767
0.5	0.34	4.72998
0.5	0.35	4.72892
0.5	0.36	4.72233
0.5	0.37	4.72262
0.5	0.38	4.7183
0.5	0.39	4.70191
0.5	0.4	4.68129
0.5	0.41	4.66712
0.5	0.42	4.6206
0.5	0.43	4.57973
0.5	0.44	4.5589
0.5	0.45	4.54861
0.5	0.46	4.5413
0.5	0.47	4.53594
0.5	0.48	4.53235
0.5	0.49	4.5298
0.5	0.5	4.52756
0.5	0.51	4.52518
0.5	0.52	4.52272
0.5	0.53	4.5211
0.5	0.54	4.52022
0.5	0.55	4.51962
0.5	0.56	4.51903
0.5	0.57	4.51846
0.5	0.58	4.51804
0.5	0.59	4.51773
0.5	0.6	4.51745
0.5	0.61	4.51721
0.5	0.62	4.51699
0.5	0.63	4.51673
0.5	0.64	4.51648
0.5	0.65	4.51625
0.5	0.66	4.51605
0.5	0.67	4.51587
0.5	0.68	4.51568
0.5	0.69	4.51548
0.5	0.7	4.5153
0.5	0.71	4.51508
0.5	0.72	4.51484
0.5	0.73	4.51459
0.5	0.74	4.51435
0.5	0.75	4.51414
0.5	0.76	4.51394
0.5	0.77	4.51374
0.5	0.78	4.51355
0.5	0.79	4.51337
0.5	0.8	4.51316
0.5	0.81	4.51294
0.5	0.82	4.51272
0.5	0.83	4.51248
0.5	0.84	4.51226
0.5	0.85	4.51202
0.5	0.86	4.51178
0.5	0.87	4.51156
0.5	0.88	4.51136
0.5	0.89	4.51115
0.5	0.9	4.51092
0.5	0.91	4.5107
0.5	0.92	4.51046
0.5	0.93	4.51018
0.5	0.94	4.50994
0.5	0.95	4.50959
0.5	0.96	4.5094
0.5	0.97	4.50887
0.5	0.98	4.50887
0.5	0.99	4.50887


