0	0	3
0	0.01	3
0	0.02	3
0	0.03	3
0	0.04	3
0	0.05	3
0	0.06	3
0	0.07	3
0	0.08	3
0	0.09	3
0	0.1	3
0	0.11	3
0	0.12	3
0	0.13	3
0	0.14	3
0	0.15	3
0	0.16	3
0	0.17	3
0	0.18	3
0	0.19	3
0	0.2	3
0	0.21	3
0	0.22	3
0	0.23	3
0	0.24	3
0	0.25	3
0	0.26	3
0	0.27	3
0	0.28	3
0	0.29	3
0	0.3	3
0	0.31	3
0	0.32	3
0	0.33	3
0	0.34	3
0	0.35	3
0	0.36	3
0	0.37	3
0	0.38	3
0	0.39	3
0	0.4	3
0	0.41	3
0	0.42	3
0	0.43	3
0	0.44	3
0	0.45	3
0	0.46	3
0	0.47	3
0	0.48	3
0	0.49	3
0	0.5	3
0	0.51	3
0	0.52	3
0	0.53	3
0	0.54	3
0	0.55	3
0	0.56	3
0	0.57	3
0	0.58	3
0	0.59	3
0	0.6	3
0	0.61	3
0	0.62	3
0	0.63	3
0	0.64	3
0	0.65	3
0	0.66	3
0	0.67	3
0	0.68	3
0	0.69	3
0	0.7	3
0	0.71	3
0	0.72	3
0	0.73	3
0	0.74	3
0	0.75	3
0	0.76	3
0	0.77	3
0	0.78	3
0	0.79	3
0	0.8	3
0	0.81	3
0	0.82	3
0	0.83	3
0	0.84	3
0	0.85	3
0	0.86	3
0	0.87	3
0	0.88	3
0	0.89	3
0	0.9	3
0	0.91	3
0	0.92	3
0	0.93	3
0	0.94	3
0	0.95	3
0	0.96	3
0	0.97	3
0	0.98	3
0	0.99	3


0.01	0	2.99996
0.01	0.01	2.99996
0.01	0.02	2.99996
0.01	0.03	2.99991
0.01	0.04	2.99988
0.01	0.05	2.99979
0.01	0.06	2.9997
0.01	0.07	2.99954
0.01	0.08	2.99933
0.01	0.09	2.99902
0.01	0.1	2.99859
0.01	0.11	2.99799
0.01	0.12	2.99717
0.01	0.13	2.99606
0.01	0.14	2.99456
0.01	0.15	2.99258
0.01	0.16	2.98999
0.01	0.17	2.98666
0.01	0.18	2.98242
0.01	0.19	2.9771
0.01	0.2	2.97054
0.01	0.21	2.96256
0.01	0.22	2.95301
0.01	0.23	2.94177
0.01	0.24	2.92875
0.01	0.25	2.91391
0.01	0.26	2.89729
0.01	0.27	2.87896
0.01	0.28	2.85906
0.01	0.29	2.8378
0.01	0.3	2.8154
0.01	0.31	2.79213
0.01	0.32	2.76824
0.01	0.33	2.74401
0.01	0.34	2.71973
0.01	0.35	2.69571
0.01	0.36	2.6722
0.01	0.37	2.64953
0.01	0.38	2.62783
0.01	0.39	2.60838
0.01	0.4	2.58961
0.01	0.41	2.57624
0.01	0.42	2.56578
0.01	0.43	2.55507
0.01	0.44	2.55691
0.01	0.45	2.5625
0.01	0.46	2.56966
0.01	0.47	2.59366
0.01	0.48	2.6316
0.01	0.49	2.66261
0.01	0.5	2.70949
0.01	0.51	2.79413
0.01	0.52	2.8611
0.01	0.53	2.9372
0.01	0.54	3.04793
0.01	0.55	3.15102
0.01	0.56	3.25659
0.01	0.57	3.36276
0.01	0.58	3.46551
0.01	0.59	3.56081
0.01	0.6	3.64238
0.01	0.61	3.70267
0.01	0.62	3.72566
0.01	0.63	3.70812
0.01	0.64	3.6621
0.01	0.65	3.58998
0.01	0.66	3.50632
0.01	0.67	3.42854
0.01	0.68	3.35894
0.01	0.69	3.29805
0.01	0.7	3.24573
0.01	0.71	3.20129
0.01	0.72	3.16384
0.01	0.73	3.13248
0.01	0.74	3.1064
0.01	0.75	3.08483
0.01	0.76	3.06713
0.01	0.77	3.0527
0.01	0.78	3.04103
0.01	0.79	3.03167
0.01	0.8	3.02423
0.01	0.81	3.01837
0.01	0.82	3.0138
0.01	0.83	3.01026
0.01	0.84	3.00756
0.01	0.85	3.00552
0.01	0.86	3.00398
0.01	0.87	3.00285
0.01	0.88	3.00202
0.01	0.89	3.00141
0.01	0.9	3.00098
0.01	0.91	3.00067
0.01	0.92	3.00046
0.01	0.93	3.0003
0.01	0.94	3.00021
0.01	0.95	3.00012
0.01	0.96	3.00009
0.01	0.97	3.00004
0.01	0.98	3.00004
0.01	0.99	3.00004


0.02	0	2.99984
0.02	0.01	2.99984
0.02	0.02	2.99984
0.02	0.03	2.99969
0.02	0.04	2.99958
0.02	0.05	2.99931
0.02	0.06	2.99905
0.02	0.07	2.99851
0.02	0.08	2.99802
0.02	0.09	2.99697
0.02	0.1	2.99595
0.02	0.11	2.9942
0.02	0.12	2.99213
0.02	0.13	2.98922
0.02	0.14	2.98553
0.02	0.15	2.98074
0.02	0.16	2.9747
0.02	0.17	2.96714
0.02	0.18	2.95786
0.02	0.19	2.94663
0.02	0.2	2.93326
0.02	0.21	2.91758
0.02	0.22	2.8995
0.02	0.23	2.87898
0.02	0.24	2.85605
0.02	0.25	2.8308
0.02	0.26	2.80341
0.02	0.27	2.77411
0.02	0.28	2.74317
0.02	0.29	2.7109
0.02	0.3	2.67762
0.02	0.31	2.64365
0.02	0.32	2.60932
0.02	0.33	2.57512
0.02	0.34	2.54121
0.02	0.35	2.50791
0.02	0.36	2.47551
0.02	0.37	2.44435
0.02	0.38	2.41456
0.02	0.39	2.38814
0.02	0.4	2.36175
0.02	0.41	2.34158
0.02	0.42	2.32251
0.02	0.43	2.30874
0.02	0.44	2.29811
0.02	0.45	2.29511
0.02	0.46	2.29929
0.02	0.47	2.3102
0.02	0.48	2.32904
0.02	0.49	2.35724
0.02	0.5	2.40406
0.02	0.51	2.45853
0.02	0.52	2.52173
0.02	0.53	2.60562
0.02	0.54	2.71097
0.02	0.55	2.82208
0.02	0.56	2.94073
0.02	0.57	3.07953
0.02	0.58	3.2337
0.02	0.59	3.39028
0.02	0.6	3.55021
0.02	0.61	3.71129
0.02	0.62	3.87117
0.02	0.63	4.02429
0.02	0.64	4.16477
0.02	0.65	4.28139
0.02	0.66	4.36821
0.02	0.67	4.42356
0.02	0.68	4.41268
0.02	0.69	4.32509
0.02	0.7	4.11022
0.02	0.71	3.74904
0.02	0.72	3.52945
0.02	0.73	3.39562
0.02	0.74	3.30162
0.02	0.75	3.23217
0.02	0.76	3.17948
0.02	0.77	3.13887
0.02	0.78	3.10728
0.02	0.79	3.08262
0.02	0.8	3.06334
0.02	0.81	3.04829
0.02	0.82	3.03658
0.02	0.83	3.02752
0.02	0.84	3.02055
0.02	0.85	3.0152
0.02	0.86	3.0112
0.02	0.87	3.0081
0.02	0.88	3.00593
0.02	0.89	3.00412
0.02	0.9	3.00306
0.02	0.91	3.002
0.02	0.92	3.0015
0.02	0.93	3.00095
0.02	0.94	3.0007
0.02	0.95	3.00042
0.02	0.96	3.00031
0.02	0.97	3.00016
0.02	0.98	3.00016
0.02	0.99	3.00016


0.03	0	2.99948
0.03	0.01	2.99948
0.03	0.02	2.99948
0.03	0.03	2.99905
0.03	0.04	2.99875
0.03	0.05	2.99803
0.03	0.06	2.99738
0.03	0.07	2.99605
0.03	0.08	2.99482
0.03	0.09	2.99242
0.03	0.1	2.99018
0.03	0.11	2.9861
0.03	0.12	2.98232
0.03	0.13	2.97562
0.03	0.14	2.96962
0.03	0.15	2.95942
0.03	0.16	2.9499
0.03	0.17	2.93607
0.03	0.18	2.92163
0.03	0.19	2.90373
0.03	0.2	2.884
0.03	0.21	2.86143
0.03	0.22	2.83659
0.03	0.23	2.8093
0.03	0.24	2.77982
0.03	0.25	2.74828
0.03	0.26	2.71492
0.03	0.27	2.67998
0.03	0.28	2.64373
0.03	0.29	2.60644
0.03	0.3	2.56839
0.03	0.31	2.52994
0.03	0.32	2.49156
0.03	0.33	2.4533
0.03	0.34	2.41551
0.03	0.35	2.37848
0.03	0.36	2.34255
0.03	0.37	2.30832
0.03	0.38	2.2759
0.03	0.39	2.2462
0.03	0.4	2.21816
0.03	0.41	2.1941
0.03	0.42	2.17305
0.03	0.43	2.15593
0.03	0.44	2.14327
0.03	0.45	2.13645
0.03	0.46	2.13508
0.03	0.47	2.14196
0.03	0.48	2.15748
0.03	0.49	2.17892
0.03	0.5	2.21305
0.03	0.51	2.26046
0.03	0.52	2.32325
0.03	0.53	2.39593
0.03	0.54	2.48057
0.03	0.55	2.58655
0.03	0.56	2.70582
0.03	0.57	2.83746
0.03	0.58	2.97943
0.03	0.59	3.13265
0.03	0.6	3.29238
0.03	0.61	3.46132
0.03	0.62	3.62341
0.03	0.63	3.77911
0.03	0.64	3.92786
0.03	0.65	4.06433
0.03	0.66	4.19133
0.03	0.67	4.29835
0.03	0.68	4.39324
0.03	0.69	4.47162
0.03	0.7	4.53146
0.03	0.71	4.59599
0.03	0.72	4.63095
0.03	0.73	4.63718
0.03	0.74	4.6176
0.03	0.75	4.49247
0.03	0.76	3.86178
0.03	0.77	3.40516
0.03	0.78	3.26937
0.03	0.79	3.1965
0.03	0.8	3.14728
0.03	0.81	3.11042
0.03	0.82	3.08427
0.03	0.83	3.06245
0.03	0.84	3.04847
0.03	0.85	3.03474
0.03	0.86	3.0273
0.03	0.87	3.01913
0.03	0.88	3.01485
0.03	0.89	3.01029
0.03	0.9	3.00788
0.03	0.91	3.00532
0.03	0.92	3.00403
0.03	0.93	3.00265
0.03	0.94	3.00199
0.03	0.95	3.00126
0.03	0.96	3.00096
0.03	0.97	3.00052
0.03	0.98	3.00052
0.03	0.99	3.00052


0.04	0	2.9985
0.04	0.01	2.9985
0.04	0.02	2.9985
0.04	0.03	2.99737
0.04	0.04	2.99664
0.04	0.05	2.99493
0.04	0.06	2.99341
0.04	0.07	2.99047
0.04	0.08	2.98777
0.04	0.09	2.98289
0.04	0.1	2.9784
0.04	0.11	2.97073
0.04	0.12	2.96373
0.04	0.13	2.9524
0.04	0.14	2.94214
0.04	0.15	2.92646
0.04	0.16	2.91227
0.04	0.17	2.89183
0.04	0.18	2.87337
0.04	0.19	2.84808
0.04	0.2	2.82526
0.04	0.21	2.79552
0.04	0.22	2.76834
0.04	0.23	2.73509
0.04	0.24	2.70356
0.04	0.25	2.66797
0.04	0.26	2.63258
0.04	0.27	2.59517
0.04	0.28	2.55719
0.04	0.29	2.51831
0.04	0.3	2.47904
0.04	0.31	2.43963
0.04	0.32	2.40019
0.04	0.33	2.36095
0.04	0.34	2.32227
0.04	0.35	2.28453
0.04	0.36	2.24807
0.04	0.37	2.21327
0.04	0.38	2.18026
0.04	0.39	2.14946
0.04	0.4	2.12199
0.04	0.41	2.09462
0.04	0.42	2.07608
0.04	0.43	2.05649
0.04	0.44	2.0431
0.04	0.45	2.03642
0.04	0.46	2.03275
0.04	0.47	2.03881
0.04	0.48	2.04983
0.04	0.49	2.07205
0.04	0.5	2.10506
0.04	0.51	2.14854
0.04	0.52	2.2067
0.04	0.53	2.27847
0.04	0.54	2.36367
0.04	0.55	2.46493
0.04	0.56	2.58048
0.04	0.57	2.71121
0.04	0.58	2.853
0.04	0.59	3.0063
0.04	0.6	3.1507
0.04	0.61	3.30664
0.04	0.62	3.45378
0.04	0.63	3.58996
0.04	0.64	3.71415
0.04	0.65	3.82701
0.04	0.66	3.92999
0.04	0.67	4.02395
0.04	0.68	4.10895
0.04	0.69	4.18096
0.04	0.7	4.25334
0.04	0.71	4.31597
0.04	0.72	4.36488
0.04	0.73	4.43187
0.04	0.74	4.48703
0.04	0.75	4.51512
0.04	0.76	4.56393
0.04	0.77	4.59883
0.04	0.78	4.62084
0.04	0.79	4.65713
0.04	0.8	4.61871
0.04	0.81	3.99097
0.04	0.82	3.30156
0.04	0.83	3.15283
0.04	0.84	3.11406
0.04	0.85	3.07985
0.04	0.86	3.06273
0.04	0.87	3.04448
0.04	0.88	3.03476
0.04	0.89	3.02446
0.04	0.9	3.01899
0.04	0.91	3.01316
0.04	0.92	3.01012
0.04	0.93	3.00687
0.04	0.94	3.00524
0.04	0.95	3.00344
0.04	0.96	3.00268
0.04	0.97	3.00152
0.04	0.98	3.00152
0.04	0.99	3.00152


0.05	0	2.99604
0.05	0.01	2.99604
0.05	0.02	2.99604
0.05	0.03	2.99341
0.05	0.04	2.99177
0.05	0.05	2.9881
0.05	0.06	2.98492
0.05	0.07	2.97918
0.05	0.08	2.97398
0.05	0.09	2.9653
0.05	0.1	2.95742
0.05	0.11	2.94506
0.05	0.12	2.93388
0.05	0.13	2.91735
0.05	0.14	2.90239
0.05	0.15	2.88152
0.05	0.16	2.86259
0.05	0.17	2.83752
0.05	0.18	2.81464
0.05	0.19	2.78575
0.05	0.2	2.75915
0.05	0.21	2.72695
0.05	0.22	2.69704
0.05	0.23	2.66208
0.05	0.24	2.62932
0.05	0.25	2.59218
0.05	0.26	2.5571
0.05	0.27	2.51843
0.05	0.28	2.48155
0.05	0.29	2.44229
0.05	0.3	2.4042
0.05	0.31	2.36512
0.05	0.32	2.3265
0.05	0.33	2.28796
0.05	0.34	2.25071
0.05	0.35	2.21323
0.05	0.36	2.17882
0.05	0.37	2.14447
0.05	0.38	2.11128
0.05	0.39	2.0836
0.05	0.4	2.05351
0.05	0.41	2.03028
0.05	0.42	2.0104
0.05	0.43	1.98984
0.05	0.44	1.98041
0.05	0.45	1.97151
0.05	0.46	1.96916
0.05	0.47	1.97451
0.05	0.48	1.9871
0.05	0.49	2.01139
0.05	0.5	2.04521
0.05	0.51	2.09084
0.05	0.52	2.15018
0.05	0.53	2.22582
0.05	0.54	2.31653
0.05	0.55	2.42493
0.05	0.56	2.54699
0.05	0.57	2.68589
0.05	0.58	2.82628
0.05	0.59	2.98034
0.05	0.6	3.1051
0.05	0.61	3.24232
0.05	0.62	3.36055
0.05	0.63	3.46835
0.05	0.64	3.56126
0.05	0.65	3.64592
0.05	0.66	3.7249
0.05	0.67	3.79811
0.05	0.68	3.86457
0.05	0.69	3.92621
0.05	0.7	3.98291
0.05	0.71	4.03798
0.05	0.72	4.0948
0.05	0.73	4.14252
0.05	0.74	4.19058
0.05	0.75	4.24615
0.05	0.76	4.28885
0.05	0.77	4.32872
0.05	0.78	4.38175
0.05	0.79	4.41993
0.05	0.8	4.45333
0.05	0.81	4.51773
0.05	0.82	4.53933
0.05	0.83	4.54299
0.05	0.84	4.62001
0.05	0.85	4.61581
0.05	0.86	3.98396
0.05	0.87	3.20323
0.05	0.88	3.0906
0.05	0.89	3.05762
0.05	0.9	3.04462
0.05	0.91	3.03127
0.05	0.92	3.02429
0.05	0.93	3.01682
0.05	0.94	3.01303
0.05	0.95	3.00876
0.05	0.96	3.00694
0.05	0.97	3.0041
0.05	0.98	3.0041
0.05	0.99	3.0041


0.06	0	2.99053
0.06	0.01	2.99053
0.06	0.02	2.99053
0.06	0.03	2.98502
0.06	0.04	2.98181
0.06	0.05	2.97489
0.06	0.06	2.96907
0.06	0.07	2.95933
0.06	0.08	2.95063
0.06	0.09	2.93735
0.06	0.1	2.92536
0.06	0.11	2.90819
0.06	0.12	2.89264
0.06	0.13	2.87158
0.06	0.14	2.8524
0.06	0.15	2.82771
0.06	0.16	2.80502
0.06	0.17	2.77708
0.06	0.18	2.75116
0.06	0.19	2.72042
0.06	0.2	2.69162
0.06	0.21	2.65854
0.06	0.22	2.62723
0.06	0.23	2.59225
0.06	0.24	2.55886
0.06	0.25	2.52242
0.06	0.26	2.4874
0.06	0.27	2.45005
0.06	0.28	2.41397
0.06	0.29	2.37607
0.06	0.3	2.33932
0.06	0.31	2.30172
0.06	0.32	2.26471
0.06	0.33	2.22911
0.06	0.34	2.19265
0.06	0.35	2.15812
0.06	0.36	2.12557
0.06	0.37	2.09109
0.06	0.38	2.06353
0.06	0.39	2.03359
0.06	0.4	2.00896
0.06	0.41	1.9848
0.06	0.42	1.96731
0.06	0.43	1.94917
0.06	0.44	1.9401
0.06	0.45	1.93301
0.06	0.46	1.93252
0.06	0.47	1.94011
0.06	0.48	1.95646
0.06	0.49	1.98331
0.06	0.5	2.02179
0.06	0.51	2.07387
0.06	0.52	2.14247
0.06	0.53	2.22951
0.06	0.54	2.33424
0.06	0.55	2.46175
0.06	0.56	2.59882
0.06	0.57	2.74269
0.06	0.58	2.88616
0.06	0.59	3.00011
0.06	0.6	3.11677
0.06	0.61	3.21285
0.06	0.62	3.30013
0.06	0.63	3.37346
0.06	0.64	3.44051
0.06	0.65	3.50307
0.06	0.66	3.56205
0.06	0.67	3.61753
0.06	0.68	3.66951
0.06	0.69	3.71856
0.06	0.7	3.76627
0.06	0.71	3.81293
0.06	0.72	3.86044
0.06	0.73	3.90727
0.06	0.74	3.95121
0.06	0.75	3.9946
0.06	0.76	4.04086
0.06	0.77	4.08388
0.06	0.78	4.12342
0.06	0.79	4.16716
0.06	0.8	4.21422
0.06	0.81	4.24781
0.06	0.82	4.285
0.06	0.83	4.33853
0.06	0.84	4.36449
0.06	0.85	4.39234
0.06	0.86	4.46112
0.06	0.87	4.48331
0.06	0.88	4.48653
0.06	0.89	4.57478
0.06	0.9	4.54771
0.06	0.91	3.77586
0.06	0.92	3.13319
0.06	0.93	3.04563
0.06	0.94	3.03183
0.06	0.95	3.02118
0.06	0.96	3.01706
0.06	0.97	3.01037
0.06	0.98	3.01037
0.06	0.99	3.01037


0.07	0	2.9796
0.07	0.01	2.9796
0.07	0.02	2.9796
0.07	0.03	2.96953
0.07	0.04	2.96405
0.07	0.05	2.95276
0.07	0.06	2.94356
0.07	0.07	2.92932
0.07	0.08	2.91671
0.07	0.09	2.89904
0.07	0.1	2.88306
0.07	0.11	2.86197
0.07	0.12	2.8427
0.07	0.13	2.81849
0.07	0.14	2.79612
0.07	0.15	2.76914
0.07	0.16	2.74395
0.07	0.17	2.7146
0.07	0.18	2.68691
0.07	0.19	2.65556
0.07	0.2	2.62571
0.07	0.21	2.5927
0.07	0.22	2.56101
0.07	0.23	2.52671
0.07	0.24	2.49354
0.07	0.25	2.45836
0.07	0.26	2.4241
0.07	0.27	2.3884
0.07	0.28	2.35332
0.07	0.29	2.31741
0.07	0.3	2.28234
0.07	0.31	2.24638
0.07	0.32	2.21299
0.07	0.33	2.17787
0.07	0.34	2.1455
0.07	0.35	2.11224
0.07	0.36	2.08266
0.07	0.37	2.05135
0.07	0.38	2.0256
0.07	0.39	1.9981
0.07	0.4	1.97701
0.07	0.41	1.95435
0.07	0.42	1.93955
0.07	0.43	1.92474
0.07	0.44	1.918
0.07	0.45	1.91369
0.07	0.46	1.91692
0.07	0.47	1.92868
0.07	0.48	1.95024
0.07	0.49	1.98448
0.07	0.5	2.03253
0.07	0.51	2.09844
0.07	0.52	2.18579
0.07	0.53	2.2971
0.07	0.54	2.44143
0.07	0.55	2.57939
0.07	0.56	2.73454
0.07	0.57	2.84932
0.07	0.58	2.96289
0.07	0.59	3.04243
0.07	0.6	3.1195
0.07	0.61	3.18471
0.07	0.62	3.23881
0.07	0.63	3.28915
0.07	0.64	3.33775
0.07	0.65	3.38438
0.07	0.66	3.42841
0.07	0.67	3.47007
0.07	0.68	3.51065
0.07	0.69	3.55135
0.07	0.7	3.59251
0.07	0.71	3.63397
0.07	0.72	3.67488
0.07	0.73	3.71513
0.07	0.74	3.75479
0.07	0.75	3.79407
0.07	0.76	3.83391
0.07	0.77	3.87488
0.07	0.78	3.91376
0.07	0.79	3.95116
0.07	0.8	3.98998
0.07	0.81	4.0305
0.07	0.82	4.06674
0.07	0.83	4.10244
0.07	0.84	4.14503
0.07	0.85	4.18431
0.07	0.86	4.21438
0.07	0.87	4.25078
0.07	0.88	4.30039
0.07	0.89	4.32272
0.07	0.9	4.34923
0.07	0.91	4.41446
0.07	0.92	4.42399
0.07	0.93	4.43882
0.07	0.94	4.5351
0.07	0.95	4.38418
0.07	0.96	3.48653
0.07	0.97	3.05796
0.07	0.98	3.05796
0.07	0.99	3.05796


0.08	0	2.96085
0.08	0.01	2.96085
0.08	0.02	2.96085
0.08	0.03	2.94492
0.08	0.04	2.93687
0.08	0.05	2.92087
0.08	0.06	2.90823
0.08	0.07	2.88993
0.08	0.08	2.87378
0.08	0.09	2.85272
0.08	0.1	2.83351
0.08	0.11	2.80981
0.08	0.12	2.78784
0.08	0.13	2.7618
0.08	0.14	2.73736
0.08	0.15	2.7093
0.08	0.16	2.68268
0.08	0.17	2.6529
0.08	0.18	2.62439
0.08	0.19	2.59317
0.08	0.2	2.56305
0.08	0.21	2.53066
0.08	0.22	2.49922
0.08	0.23	2.466
0.08	0.24	2.43358
0.08	0.25	2.39972
0.08	0.26	2.36656
0.08	0.27	2.33216
0.08	0.28	2.29895
0.08	0.29	2.26484
0.08	0.3	2.23208
0.08	0.31	2.19849
0.08	0.32	2.16715
0.08	0.33	2.13446
0.08	0.34	2.1049
0.08	0.35	2.07391
0.08	0.36	2.04726
0.08	0.37	2.01865
0.08	0.38	1.99598
0.08	0.39	1.97136
0.08	0.4	1.9534
0.08	0.41	1.93469
0.08	0.42	1.92122
0.08	0.43	1.91383
0.08	0.44	1.90781
0.08	0.45	1.90935
0.08	0.46	1.91677
0.08	0.47	1.93743
0.08	0.48	1.96826
0.08	0.49	2.01593
0.08	0.5	2.08289
0.08	0.51	2.17847
0.08	0.52	2.31676
0.08	0.53	2.4709
0.08	0.54	2.64907
0.08	0.55	2.75628
0.08	0.56	2.87453
0.08	0.57	2.94348
0.08	0.58	3.00167
0.08	0.59	3.0593
0.08	0.6	3.10518
0.08	0.61	3.14221
0.08	0.62	3.17829
0.08	0.63	3.21451
0.08	0.64	3.24979
0.08	0.65	3.28322
0.08	0.66	3.31574
0.08	0.67	3.34905
0.08	0.68	3.38349
0.08	0.69	3.41884
0.08	0.7	3.45416
0.08	0.71	3.48897
0.08	0.72	3.52391
0.08	0.73	3.55887
0.08	0.74	3.59448
0.08	0.75	3.63043
0.08	0.76	3.6665
0.08	0.77	3.70197
0.08	0.78	3.73714
0.08	0.79	3.77243
0.08	0.8	3.80773
0.08	0.81	3.8441
0.08	0.82	3.88033
0.08	0.83	3.91509
0.08	0.84	3.94981
0.08	0.85	3.98594
0.08	0.86	4.02254
0.08	0.87	4.05409
0.08	0.88	4.08785
0.08	0.89	4.126
0.08	0.9	4.16242
0.08	0.91	4.18211
0.08	0.92	4.23945
0.08	0.93	4.24814
0.08	0.94	4.30829
0.08	0.95	4.31383
0.08	0.96	4.33713
0.08	0.97	4.47513
0.08	0.98	4.47513
0.08	0.99	4.47513


0.09	0	2.93318
0.09	0.01	2.93318
0.09	0.02	2.93318
0.09	0.03	2.9112
0.09	0.04	2.90081
0.09	0.05	2.88065
0.09	0.06	2.86512
0.09	0.07	2.84377
0.09	0.08	2.8249
0.09	0.09	2.80165
0.09	0.1	2.78017
0.09	0.11	2.755
0.09	0.12	2.73131
0.09	0.13	2.70443
0.09	0.14	2.67883
0.09	0.15	2.65046
0.09	0.16	2.62321
0.09	0.17	2.59357
0.09	0.18	2.56489
0.09	0.19	2.53421
0.09	0.2	2.50436
0.09	0.21	2.47289
0.09	0.22	2.44213
0.09	0.23	2.41005
0.09	0.24	2.37856
0.09	0.25	2.34589
0.09	0.26	2.31411
0.09	0.27	2.28157
0.09	0.28	2.25016
0.09	0.29	2.21795
0.09	0.3	2.1874
0.09	0.31	2.1559
0.09	0.32	2.12685
0.09	0.33	2.0965
0.09	0.34	2.06956
0.09	0.35	2.04161
0.09	0.36	2.01646
0.09	0.37	1.99383
0.09	0.38	1.96911
0.09	0.39	1.9536
0.09	0.4	1.93404
0.09	0.41	1.92216
0.09	0.42	1.91352
0.09	0.43	1.90873
0.09	0.44	1.90868
0.09	0.45	1.91493
0.09	0.46	1.93334
0.09	0.47	1.96682
0.09	0.48	2.01384
0.09	0.49	2.0904
0.09	0.5	2.21052
0.09	0.51	2.38725
0.09	0.52	2.5999
0.09	0.53	2.71994
0.09	0.54	2.82439
0.09	0.55	2.90997
0.09	0.56	2.93979
0.09	0.57	2.98524
0.09	0.58	3.02441
0.09	0.59	3.0497
0.09	0.6	3.07129
0.09	0.61	3.09704
0.09	0.62	3.12298
0.09	0.63	3.14989
0.09	0.64	3.17469
0.09	0.65	3.1994
0.09	0.66	3.22592
0.09	0.67	3.25367
0.09	0.68	3.28261
0.09	0.69	3.31151
0.09	0.7	3.3405
0.09	0.71	3.37064
0.09	0.72	3.40093
0.09	0.73	3.43252
0.09	0.74	3.4639
0.09	0.75	3.49523
0.09	0.76	3.52688
0.09	0.77	3.5586
0.09	0.78	3.59093
0.09	0.79	3.62355
0.09	0.8	3.65686
0.09	0.81	3.68959
0.09	0.82	3.7226
0.09	0.83	3.75456
0.09	0.84	3.7877
0.09	0.85	3.81966
0.09	0.86	3.8538
0.09	0.87	3.88643
0.09	0.88	3.91715
0.09	0.89	3.95195
0.09	0.9	3.9819
0.09	0.91	4.01613
0.09	0.92	4.04249
0.09	0.93	4.07708
0.09	0.94	4.10864
0.09	0.95	4.17891
0.09	0.96	4.22566
0.09	0.97	4.28897
0.09	0.98	4.28897
0.09	0.99	4.28897


0.1	0	2.89747
0.1	0.01	2.89747
0.1	0.02	2.89747
0.1	0.03	2.87031
0.1	0.04	2.85813
0.1	0.05	2.83485
0.1	0.06	2.81722
0.1	0.07	2.79388
0.1	0.08	2.77317
0.1	0.09	2.74867
0.1	0.1	2.72579
0.1	0.11	2.69996
0.1	0.12	2.67533
0.1	0.13	2.64824
0.1	0.14	2.62214
0.1	0.15	2.59393
0.1	0.16	2.56656
0.1	0.17	2.53741
0.1	0.18	2.50899
0.1	0.19	2.47911
0.1	0.2	2.44984
0.1	0.21	2.41937
0.1	0.22	2.38942
0.1	0.23	2.35839
0.1	0.24	2.32794
0.1	0.25	2.2969
0.1	0.26	2.26672
0.1	0.27	2.23591
0.1	0.28	2.20628
0.1	0.29	2.17626
0.1	0.3	2.14676
0.1	0.31	2.11907
0.1	0.32	2.08958
0.1	0.33	2.06464
0.1	0.34	2.03755
0.1	0.35	2.01399
0.1	0.36	1.99192
0.1	0.37	1.96862
0.1	0.38	1.9538
0.1	0.39	1.93438
0.1	0.4	1.92448
0.1	0.41	1.91519
0.1	0.42	1.91147
0.1	0.43	1.91118
0.1	0.44	1.91674
0.1	0.45	1.9348
0.1	0.46	1.9696
0.1	0.47	2.02473
0.1	0.48	2.11585
0.1	0.49	2.29826
0.1	0.5	2.54876
0.1	0.51	2.75287
0.1	0.52	2.79521
0.1	0.53	2.88537
0.1	0.54	2.94948
0.1	0.55	2.95292
0.1	0.56	2.97158
0.1	0.57	2.99807
0.1	0.58	3.01519
0.1	0.59	3.0285
0.1	0.6	3.04642
0.1	0.61	3.06262
0.1	0.62	3.07851
0.1	0.63	3.09623
0.1	0.64	3.1108
0.1	0.65	3.13386
0.1	0.66	3.15468
0.1	0.67	3.17833
0.1	0.68	3.2017
0.1	0.69	3.22432
0.1	0.7	3.24997
0.1	0.71	3.27436
0.1	0.72	3.30097
0.1	0.73	3.32793
0.1	0.74	3.35473
0.1	0.75	3.38336
0.1	0.76	3.41109
0.1	0.77	3.44062
0.1	0.78	3.46985
0.1	0.79	3.49951
0.1	0.8	3.52929
0.1	0.81	3.55871
0.1	0.82	3.58866
0.1	0.83	3.61903
0.1	0.84	3.64947
0.1	0.85	3.68039
0.1	0.86	3.71053
0.1	0.87	3.74115
0.1	0.88	3.77033
0.1	0.89	3.80082
0.1	0.9	3.82864
0.1	0.91	3.86072
0.1	0.92	3.8918
0.1	0.93	3.94603
0.1	0.94	3.99272
0.1	0.95	4.05122
0.1	0.96	4.07359
0.1	0.97	4.10551
0.1	0.98	4.10551
0.1	0.99	4.10551


0.11	0	2.85599
0.11	0.01	2.85599
0.11	0.02	2.85599
0.11	0.03	2.82501
0.11	0.04	2.81158
0.11	0.05	2.78623
0.11	0.06	2.76723
0.11	0.07	2.74273
0.11	0.08	2.72091
0.11	0.09	2.69583
0.11	0.1	2.6722
0.11	0.11	2.6462
0.11	0.12	2.62119
0.11	0.13	2.59425
0.11	0.14	2.56809
0.11	0.15	2.54032
0.11	0.16	2.51319
0.11	0.17	2.48474
0.11	0.18	2.45685
0.11	0.19	2.42784
0.11	0.2	2.39929
0.11	0.21	2.36974
0.11	0.22	2.34065
0.11	0.23	2.31104
0.11	0.24	2.28172
0.11	0.25	2.25274
0.11	0.26	2.22324
0.11	0.27	2.1951
0.11	0.28	2.16631
0.11	0.29	2.13836
0.11	0.3	2.11165
0.11	0.31	2.08365
0.11	0.32	2.05983
0.11	0.33	2.03358
0.11	0.34	2.01193
0.11	0.35	1.98888
0.11	0.36	1.97055
0.11	0.37	1.95188
0.11	0.38	1.93553
0.11	0.39	1.92699
0.11	0.4	1.91652
0.11	0.41	1.91435
0.11	0.42	1.91468
0.11	0.43	1.92018
0.11	0.44	1.9383
0.11	0.45	1.9765
0.11	0.46	2.04534
0.11	0.47	2.20355
0.11	0.48	2.46603
0.11	0.49	2.77723
0.11	0.5	2.84361
0.11	0.51	2.86191
0.11	0.52	2.92826
0.11	0.53	2.97092
0.11	0.54	2.96014
0.11	0.55	2.97014
0.11	0.56	2.99377
0.11	0.57	3.00425
0.11	0.58	3.00573
0.11	0.59	3.01197
0.11	0.6	3.01973
0.11	0.61	3.03144
0.11	0.62	3.04432
0.11	0.63	3.05669
0.11	0.64	3.07206
0.11	0.65	3.08478
0.11	0.66	3.10022
0.11	0.67	3.11826
0.11	0.68	3.13366
0.11	0.69	3.15525
0.11	0.7	3.17448
0.11	0.71	3.19722
0.11	0.72	3.21968
0.11	0.73	3.24245
0.11	0.74	3.26696
0.11	0.75	3.29003
0.11	0.76	3.31578
0.11	0.77	3.34164
0.11	0.78	3.36768
0.11	0.79	3.39467
0.11	0.8	3.42091
0.11	0.81	3.44864
0.11	0.82	3.47594
0.11	0.83	3.50395
0.11	0.84	3.53193
0.11	0.85	3.55967
0.11	0.86	3.58753
0.11	0.87	3.61467
0.11	0.88	3.64158
0.11	0.89	3.67001
0.11	0.9	3.70428
0.11	0.91	3.74983
0.11	0.92	3.79637
0.11	0.93	3.84406
0.11	0.94	3.87335
0.11	0.95	3.90127
0.11	0.96	3.90944
0.11	0.97	3.94658
0.11	0.98	3.94658
0.11	0.99	3.94658


0.12	0	2.81122
0.12	0.01	2.81122
0.12	0.02	2.81122
0.12	0.03	2.77771
0.12	0.04	2.76346
0.12	0.05	2.73692
0.12	0.06	2.71708
0.12	0.07	2.69204
0.12	0.08	2.66962
0.12	0.09	2.64439
0.12	0.1	2.62045
0.12	0.11	2.59459
0.12	0.12	2.56954
0.12	0.13	2.54299
0.12	0.14	2.51705
0.12	0.15	2.4899
0.12	0.16	2.46323
0.12	0.17	2.43557
0.12	0.18	2.40828
0.12	0.19	2.38015
0.12	0.2	2.35227
0.12	0.21	2.32396
0.12	0.22	2.29584
0.12	0.23	2.26763
0.12	0.24	2.23996
0.12	0.25	2.21166
0.12	0.26	2.18476
0.12	0.27	2.15698
0.12	0.28	2.13088
0.12	0.29	2.10413
0.12	0.3	2.07932
0.12	0.31	2.0546
0.12	0.32	2.02987
0.12	0.33	2.00998
0.12	0.34	1.9866
0.12	0.35	1.96972
0.12	0.36	1.9521
0.12	0.37	1.936
0.12	0.38	1.92841
0.12	0.39	1.91881
0.12	0.4	1.91679
0.12	0.41	1.91753
0.12	0.42	1.92379
0.12	0.43	1.9431
0.12	0.44	1.98899
0.12	0.45	2.10168
0.12	0.46	2.38821
0.12	0.47	2.77535
0.12	0.48	2.8623
0.12	0.49	2.86786
0.12	0.5	2.92587
0.12	0.51	2.98135
0.12	0.52	2.98749
0.12	0.53	2.96283
0.12	0.54	2.97426
0.12	0.55	2.99048
0.12	0.56	2.99366
0.12	0.57	2.99265
0.12	0.58	2.99715
0.12	0.59	3.00669
0.12	0.6	3.01203
0.12	0.61	3.01651
0.12	0.62	3.01855
0.12	0.63	3.02818
0.12	0.64	3.03522
0.12	0.65	3.0487
0.12	0.66	3.05979
0.12	0.67	3.07302
0.12	0.68	3.08746
0.12	0.69	3.10055
0.12	0.7	3.11653
0.12	0.71	3.13505
0.12	0.72	3.15206
0.12	0.73	3.17306
0.12	0.74	3.19251
0.12	0.75	3.21507
0.12	0.76	3.23647
0.12	0.77	3.25948
0.12	0.78	3.28305
0.12	0.79	3.30539
0.12	0.8	3.33012
0.12	0.81	3.35449
0.12	0.82	3.37982
0.12	0.83	3.40545
0.12	0.84	3.43016
0.12	0.85	3.4547
0.12	0.86	3.47901
0.12	0.87	3.506
0.12	0.88	3.53981
0.12	0.89	3.58291
0.12	0.9	3.62799
0.12	0.91	3.66702
0.12	0.92	3.69643
0.12	0.93	3.72029
0.12	0.94	3.73498
0.12	0.95	3.76007
0.12	0.96	3.76986
0.12	0.97	3.81073
0.12	0.98	3.81073
0.12	0.99	3.81073


0.13	0	2.76518
0.13	0.01	2.76518
0.13	0.02	2.76518
0.13	0.03	2.73015
0.13	0.04	2.71537
0.13	0.05	2.68828
0.13	0.06	2.66799
0.13	0.07	2.64281
0.13	0.08	2.62015
0.13	0.09	2.59505
0.13	0.1	2.57109
0.13	0.11	2.54556
0.13	0.12	2.52071
0.13	0.13	2.49469
0.13	0.14	2.46916
0.13	0.15	2.44268
0.13	0.16	2.41657
0.13	0.17	2.38964
0.13	0.18	2.36304
0.13	0.19	2.33572
0.13	0.2	2.30886
0.13	0.21	2.28159
0.13	0.22	2.2549
0.13	0.23	2.22792
0.13	0.24	2.20139
0.13	0.25	2.17509
0.13	0.26	2.14843
0.13	0.27	2.12376
0.13	0.28	2.09774
0.13	0.29	2.07397
0.13	0.3	2.05052
0.13	0.31	2.0264
0.13	0.32	2.00738
0.13	0.33	1.98511
0.13	0.34	1.96861
0.13	0.35	1.95167
0.13	0.36	1.93672
0.13	0.37	1.92929
0.13	0.38	1.92062
0.13	0.39	1.91909
0.13	0.4	1.92012
0.13	0.41	1.92731
0.13	0.42	1.95101
0.13	0.43	2.02348
0.13	0.44	2.27189
0.13	0.45	2.74273
0.13	0.46	2.87051
0.13	0.47	2.89572
0.13	0.48	2.94687
0.13	0.49	2.99187
0.13	0.5	2.98968
0.13	0.51	2.9581
0.13	0.52	2.9642
0.13	0.53	2.99038
0.13	0.54	3.00096
0.13	0.55	2.99283
0.13	0.56	2.98854
0.13	0.57	2.99251
0.13	0.58	2.99696
0.13	0.59	2.99865
0.13	0.6	2.999
0.13	0.61	3.00499
0.13	0.62	3.00911
0.13	0.63	3.0133
0.13	0.64	3.01781
0.13	0.65	3.02379
0.13	0.66	3.02762
0.13	0.67	3.03864
0.13	0.68	3.04777
0.13	0.69	3.06186
0.13	0.7	3.07331
0.13	0.71	3.08724
0.13	0.72	3.10241
0.13	0.73	3.11698
0.13	0.74	3.13354
0.13	0.75	3.15243
0.13	0.76	3.17018
0.13	0.77	3.19076
0.13	0.78	3.21047
0.13	0.79	3.23244
0.13	0.8	3.25317
0.13	0.81	3.27543
0.13	0.82	3.2973
0.13	0.83	3.31786
0.13	0.84	3.3396
0.13	0.85	3.36594
0.13	0.86	3.40082
0.13	0.87	3.44143
0.13	0.88	3.48254
0.13	0.89	3.51516
0.13	0.9	3.54034
0.13	0.91	3.56111
0.13	0.92	3.57778
0.13	0.93	3.59799
0.13	0.94	3.61294
0.13	0.95	3.64203
0.13	0.96	3.65277
0.13	0.97	3.69319
0.13	0.98	3.69319
0.13	0.99	3.69319


0.14	0	2.71924
0.14	0.01	2.71924
0.14	0.02	2.71924
0.14	0.03	2.68341
0.14	0.04	2.66831
0.14	0.05	2.64112
0.14	0.06	2.62063
0.14	0.07	2.5956
0.14	0.08	2.57293
0.14	0.09	2.54814
0.14	0.1	2.52436
0.14	0.11	2.4993
0.14	0.12	2.47481
0.14	0.13	2.44937
0.14	0.14	2.42433
0.14	0.15	2.39848
0.14	0.16	2.37296
0.14	0.17	2.34677
0.14	0.18	2.32088
0.14	0.19	2.29475
0.14	0.2	2.26869
0.14	0.21	2.24298
0.14	0.22	2.21702
0.14	0.23	2.19147
0.14	0.24	2.16631
0.14	0.25	2.14059
0.14	0.26	2.11688
0.14	0.27	2.09205
0.14	0.28	2.06886
0.14	0.29	2.04659
0.14	0.3	2.02326
0.14	0.31	2.00488
0.14	0.32	1.9834
0.14	0.33	1.96764
0.14	0.34	1.95111
0.14	0.35	1.93709
0.14	0.36	1.93015
0.14	0.37	1.92206
0.14	0.38	1.92088
0.14	0.39	1.92251
0.14	0.4	1.93229
0.14	0.41	1.97205
0.14	0.42	2.15027
0.14	0.43	2.66142
0.14	0.44	2.88573
0.14	0.45	2.92558
0.14	0.46	2.96532
0.14	0.47	2.99276
0.14	0.48	2.98032
0.14	0.49	2.96176
0.14	0.5	2.97245
0.14	0.51	2.99819
0.14	0.52	3.00402
0.14	0.53	2.98899
0.14	0.54	2.98045
0.14	0.55	2.98723
0.14	0.56	2.99804
0.14	0.57	2.99867
0.14	0.58	2.99588
0.14	0.59	2.99502
0.14	0.6	2.99592
0.14	0.61	2.99672
0.14	0.62	2.99928
0.14	0.63	3.00247
0.14	0.64	3.00423
0.14	0.65	3.0093
0.14	0.66	3.01406
0.14	0.67	3.01854
0.14	0.68	3.02394
0.14	0.69	3.03233
0.14	0.7	3.0386
0.14	0.71	3.05096
0.14	0.72	3.06154
0.14	0.73	3.07566
0.14	0.74	3.08826
0.14	0.75	3.10256
0.14	0.76	3.11847
0.14	0.77	3.13434
0.14	0.78	3.15099
0.14	0.79	3.16955
0.14	0.8	3.18622
0.14	0.81	3.20394
0.14	0.82	3.22475
0.14	0.83	3.25141
0.14	0.84	3.28588
0.14	0.85	3.32327
0.14	0.86	3.35712
0.14	0.87	3.38348
0.14	0.88	3.40405
0.14	0.89	3.42184
0.14	0.9	3.43846
0.14	0.91	3.45647
0.14	0.92	3.47269
0.14	0.93	3.49613
0.14	0.94	3.51178
0.14	0.95	3.54005
0.14	0.96	3.55102
0.14	0.97	3.58961
0.14	0.98	3.58961
0.14	0.99	3.58961


0.15	0	2.67428
0.15	0.01	2.67428
0.15	0.02	2.67428
0.15	0.03	2.63813
0.15	0.04	2.62284
0.15	0.05	2.59585
0.15	0.06	2.57533
0.15	0.07	2.55063
0.15	0.08	2.52812
0.15	0.09	2.50377
0.15	0.1	2.48031
0.15	0.11	2.45579
0.15	0.12	2.43173
0.15	0.13	2.40688
0.15	0.14	2.38233
0.15	0.15	2.35717
0.15	0.16	2.33225
0.15	0.17	2.30695
0.15	0.18	2.28194
0.15	0.19	2.25672
0.15	0.2	2.23202
0.15	0.21	2.20701
0.15	0.22	2.18227
0.15	0.23	2.15817
0.15	0.24	2.13336
0.15	0.25	2.11047
0.15	0.26	2.08655
0.15	0.27	2.06441
0.15	0.28	2.04258
0.15	0.29	2.02038
0.15	0.3	2.00254
0.15	0.31	1.98154
0.15	0.32	1.96663
0.15	0.33	1.9505
0.15	0.34	1.93745
0.15	0.35	1.93047
0.15	0.36	1.9236
0.15	0.37	1.92265
0.15	0.38	1.92539
0.15	0.39	1.9451
0.15	0.4	2.05454
0.15	0.41	2.53313
0.15	0.42	2.9001
0.15	0.43	2.94698
0.15	0.44	2.97125
0.15	0.45	2.98719
0.15	0.46	2.97781
0.15	0.47	2.97235
0.15	0.48	2.98407
0.15	0.49	3.0008
0.15	0.5	2.99983
0.15	0.51	2.98509
0.15	0.52	2.98284
0.15	0.53	2.99256
0.15	0.54	3.00175
0.15	0.55	2.99835
0.15	0.56	2.98997
0.15	0.57	2.98917
0.15	0.58	2.99262
0.15	0.59	2.99685
0.15	0.6	2.99677
0.15	0.61	2.99562
0.15	0.62	2.9953
0.15	0.63	2.99592
0.15	0.64	2.99803
0.15	0.65	2.99869
0.15	0.66	3.0027
0.15	0.67	3.00677
0.15	0.68	3.00953
0.15	0.69	3.01435
0.15	0.7	3.0207
0.15	0.71	3.02637
0.15	0.72	3.03284
0.15	0.73	3.04308
0.15	0.74	3.05187
0.15	0.75	3.06513
0.15	0.76	3.0757
0.15	0.77	3.08895
0.15	0.78	3.10031
0.15	0.79	3.11464
0.15	0.8	3.1342
0.15	0.81	3.16149
0.15	0.82	3.19338
0.15	0.83	3.22548
0.15	0.84	3.2507
0.15	0.85	3.27112
0.15	0.86	3.28778
0.15	0.87	3.3027
0.15	0.88	3.31732
0.15	0.89	3.33329
0.15	0.9	3.34919
0.15	0.91	3.36875
0.15	0.92	3.38562
0.15	0.93	3.40823
0.15	0.94	3.42388
0.15	0.95	3.45101
0.15	0.96	3.46194
0.15	0.97	3.49833
0.15	0.98	3.49833
0.15	0.99	3.49833


0.16	0	2.6308
0.16	0.01	2.6308
0.16	0.02	2.6308
0.16	0.03	2.59465
0.16	0.04	2.57925
0.16	0.05	2.55265
0.16	0.06	2.53224
0.16	0.07	2.50799
0.16	0.08	2.48576
0.16	0.09	2.46192
0.16	0.1	2.43885
0.16	0.11	2.41487
0.16	0.12	2.39127
0.16	0.13	2.36701
0.16	0.14	2.34303
0.16	0.15	2.31858
0.16	0.16	2.29437
0.16	0.17	2.27011
0.16	0.18	2.2458
0.16	0.19	2.22189
0.16	0.2	2.19777
0.16	0.21	2.17395
0.16	0.22	2.15059
0.16	0.23	2.12673
0.16	0.24	2.10461
0.16	0.25	2.08144
0.16	0.26	2.06012
0.16	0.27	2.03899
0.16	0.28	2.0175
0.16	0.29	2.00024
0.16	0.3	1.97987
0.16	0.31	1.96556
0.16	0.32	1.94976
0.16	0.33	1.93784
0.16	0.34	1.93064
0.16	0.35	1.9249
0.16	0.36	1.92472
0.16	0.37	1.93329
0.16	0.38	1.99905
0.16	0.39	2.37598
0.16	0.4	2.89825
0.16	0.41	2.95132
0.16	0.42	2.97085
0.16	0.43	2.98415
0.16	0.44	2.98735
0.16	0.45	2.98248
0.16	0.46	2.98924
0.16	0.47	2.99716
0.16	0.48	2.99507
0.16	0.49	2.98702
0.16	0.5	2.98906
0.16	0.51	2.99789
0.16	0.52	3.00096
0.16	0.53	2.99523
0.16	0.54	2.98887
0.16	0.55	2.9912
0.16	0.56	2.99648
0.16	0.57	2.99735
0.16	0.58	2.99461
0.16	0.59	2.99089
0.16	0.6	2.99096
0.16	0.61	2.99391
0.16	0.62	2.99578
0.16	0.63	2.99571
0.16	0.64	2.99582
0.16	0.65	2.99623
0.16	0.66	2.99592
0.16	0.67	2.99834
0.16	0.68	3.00153
0.16	0.69	3.00289
0.16	0.7	3.0071
0.16	0.71	3.01248
0.16	0.72	3.01703
0.16	0.73	3.02116
0.16	0.74	3.02741
0.16	0.75	3.03298
0.16	0.76	3.04017
0.16	0.77	3.05204
0.16	0.78	3.07262
0.16	0.79	3.09804
0.16	0.8	3.12502
0.16	0.81	3.14749
0.16	0.82	3.16445
0.16	0.83	3.17814
0.16	0.84	3.19024
0.16	0.85	3.20201
0.16	0.86	3.21427
0.16	0.87	3.22825
0.16	0.88	3.24344
0.16	0.89	3.25985
0.16	0.9	3.27619
0.16	0.91	3.29477
0.16	0.92	3.3111
0.16	0.93	3.33211
0.16	0.94	3.34709
0.16	0.95	3.37215
0.16	0.96	3.38286
0.16	0.97	3.41733
0.16	0.98	3.41733
0.16	0.99	3.41733


0.17	0	2.58905
0.17	0.01	2.58905
0.17	0.02	2.58905
0.17	0.03	2.55312
0.17	0.04	2.53767
0.17	0.05	2.51159
0.17	0.06	2.49137
0.17	0.07	2.46764
0.17	0.08	2.44575
0.17	0.09	2.42243
0.17	0.1	2.39978
0.17	0.11	2.37635
0.17	0.12	2.35324
0.17	0.13	2.32965
0.17	0.14	2.30626
0.17	0.15	2.28266
0.17	0.16	2.2593
0.17	0.17	2.23575
0.17	0.18	2.21265
0.17	0.19	2.1893
0.17	0.2	2.16631
0.17	0.21	2.14367
0.17	0.22	2.12059
0.17	0.23	2.09921
0.17	0.24	2.07673
0.17	0.25	2.05626
0.17	0.26	2.03549
0.17	0.27	2.01522
0.17	0.28	1.998
0.17	0.29	1.97809
0.17	0.3	1.96476
0.17	0.31	1.94873
0.17	0.32	1.93844
0.17	0.33	1.93044
0.17	0.34	1.92697
0.17	0.35	1.9295
0.17	0.36	1.96772
0.17	0.37	2.22801
0.17	0.38	2.8636
0.17	0.39	2.94023
0.17	0.4	2.96666
0.17	0.41	2.99487
0.17	0.42	3.00325
0.17	0.43	2.98554
0.17	0.44	2.98571
0.17	0.45	2.99266
0.17	0.46	2.99547
0.17	0.47	2.99303
0.17	0.48	2.99456
0.17	0.49	2.99787
0.17	0.5	2.99796
0.17	0.51	2.99345
0.17	0.52	2.99174
0.17	0.53	2.99485
0.17	0.54	2.99837
0.17	0.55	2.99632
0.17	0.56	2.99279
0.17	0.57	2.99165
0.17	0.58	2.99305
0.17	0.59	2.99567
0.17	0.6	2.99566
0.17	0.61	2.99294
0.17	0.62	2.99193
0.17	0.63	2.99252
0.17	0.64	2.99437
0.17	0.65	2.9957
0.17	0.66	2.99614
0.17	0.67	2.99608
0.17	0.68	2.99702
0.17	0.69	2.99905
0.17	0.7	2.999
0.17	0.71	3.00045
0.17	0.72	3.00261
0.17	0.73	3.00425
0.17	0.74	3.01077
0.17	0.75	3.0219
0.17	0.76	3.03966
0.17	0.77	3.05983
0.17	0.78	3.0766
0.17	0.79	3.09
0.17	0.8	3.09925
0.17	0.81	3.10731
0.17	0.82	3.11528
0.17	0.83	3.12317
0.17	0.84	3.13224
0.17	0.85	3.14316
0.17	0.86	3.15543
0.17	0.87	3.16863
0.17	0.88	3.18304
0.17	0.89	3.19809
0.17	0.9	3.21344
0.17	0.91	3.23061
0.17	0.92	3.24621
0.17	0.93	3.26565
0.17	0.94	3.27997
0.17	0.95	3.30333
0.17	0.96	3.31356
0.17	0.97	3.34544
0.17	0.98	3.34544
0.17	0.99	3.34544


0.18	0	2.54913
0.18	0.01	2.54913
0.18	0.02	2.54913
0.18	0.03	2.51363
0.18	0.04	2.49817
0.18	0.05	2.47261
0.18	0.06	2.45265
0.18	0.07	2.42947
0.18	0.08	2.40794
0.18	0.09	2.38515
0.18	0.1	2.36295
0.18	0.11	2.34009
0.18	0.12	2.31755
0.18	0.13	2.29465
0.18	0.14	2.27197
0.18	0.15	2.24929
0.18	0.16	2.22652
0.18	0.17	2.20414
0.18	0.18	2.18151
0.18	0.19	2.15936
0.18	0.2	2.1373
0.18	0.21	2.11507
0.18	0.22	2.0943
0.18	0.23	2.07239
0.18	0.24	2.05275
0.18	0.25	2.03206
0.18	0.26	2.01377
0.18	0.27	1.99503
0.18	0.28	1.97785
0.18	0.29	1.96352
0.18	0.3	1.94711
0.18	0.31	1.93931
0.18	0.32	1.93113
0.18	0.33	1.93036
0.18	0.34	1.95099
0.18	0.35	2.11819
0.18	0.36	2.77085
0.18	0.37	2.92493
0.18	0.38	2.97226
0.18	0.39	3.01168
0.18	0.4	3.01791
0.18	0.41	2.97961
0.18	0.42	2.97461
0.18	0.43	2.9936
0.18	0.44	3.00263
0.18	0.45	2.99966
0.18	0.46	2.99443
0.18	0.47	2.99492
0.18	0.48	2.9957
0.18	0.49	2.99537
0.18	0.5	2.99553
0.18	0.51	2.99693
0.18	0.52	2.99727
0.18	0.53	2.99501
0.18	0.54	2.99295
0.18	0.55	2.99424
0.18	0.56	2.99558
0.18	0.57	2.996
0.18	0.58	2.99524
0.18	0.59	2.99284
0.18	0.6	2.99257
0.18	0.61	2.99454
0.18	0.62	2.99525
0.18	0.63	2.99459
0.18	0.64	2.9933
0.18	0.65	2.99328
0.18	0.66	2.99436
0.18	0.67	2.99527
0.18	0.68	2.99522
0.18	0.69	2.99404
0.18	0.7	2.99376
0.18	0.71	2.99501
0.18	0.72	3.00014
0.18	0.73	3.0136
0.18	0.74	3.02951
0.18	0.75	3.04202
0.18	0.76	3.05132
0.18	0.77	3.05719
0.18	0.78	3.05928
0.18	0.79	3.06134
0.18	0.8	3.06319
0.18	0.81	3.06614
0.18	0.82	3.07147
0.18	0.83	3.07924
0.18	0.84	3.08809
0.18	0.85	3.09807
0.18	0.86	3.10908
0.18	0.87	3.12107
0.18	0.88	3.13327
0.18	0.89	3.14643
0.18	0.9	3.16058
0.18	0.91	3.17521
0.18	0.92	3.1897
0.18	0.93	3.2073
0.18	0.94	3.22082
0.18	0.95	3.24238
0.18	0.96	3.25217
0.18	0.97	3.2819
0.18	0.98	3.2819
0.18	0.99	3.2819


0.19	0	2.51103
0.19	0.01	2.51103
0.19	0.02	2.51103
0.19	0.03	2.4761
0.19	0.04	2.46067
0.19	0.05	2.43562
0.19	0.06	2.41596
0.19	0.07	2.39332
0.19	0.08	2.37219
0.19	0.09	2.34994
0.19	0.1	2.32822
0.19	0.11	2.30603
0.19	0.12	2.28405
0.19	0.13	2.26196
0.19	0.14	2.24003
0.19	0.15	2.21795
0.19	0.16	2.19628
0.19	0.17	2.17427
0.19	0.18	2.15294
0.19	0.19	2.13129
0.19	0.2	2.11041
0.19	0.21	2.08946
0.19	0.22	2.06872
0.19	0.23	2.04963
0.19	0.24	2.02899
0.19	0.25	2.01186
0.19	0.26	1.99284
0.19	0.27	1.97757
0.19	0.28	1.96093
0.19	0.29	1.94886
0.19	0.3	1.93812
0.19	0.31	1.93435
0.19	0.32	1.94425
0.19	0.33	2.04917
0.19	0.34	2.63061
0.19	0.35	2.90846
0.19	0.36	2.99615
0.19	0.37	3.02115
0.19	0.38	3.01727
0.19	0.39	2.97093
0.19	0.4	2.96425
0.19	0.41	3.00169
0.19	0.42	3.01422
0.19	0.43	3.00128
0.19	0.44	2.98889
0.19	0.45	2.9911
0.19	0.46	2.99767
0.19	0.47	2.9996
0.19	0.48	2.99822
0.19	0.49	2.99606
0.19	0.5	2.9954
0.19	0.51	2.995
0.19	0.52	2.99505
0.19	0.53	2.99621
0.19	0.54	2.99671
0.19	0.55	2.99543
0.19	0.56	2.99481
0.19	0.57	2.99435
0.19	0.58	2.99449
0.19	0.59	2.99566
0.19	0.6	2.99616
0.19	0.61	2.99435
0.19	0.62	2.99388
0.19	0.63	2.99469
0.19	0.64	2.99523
0.19	0.65	2.99433
0.19	0.66	2.99284
0.19	0.67	2.99107
0.19	0.68	2.99173
0.19	0.69	2.99524
0.19	0.7	3.00502
0.19	0.71	3.02097
0.19	0.72	3.03108
0.19	0.73	3.0368
0.19	0.74	3.03954
0.19	0.75	3.03999
0.19	0.76	3.03736
0.19	0.77	3.03586
0.19	0.78	3.03453
0.19	0.79	3.03473
0.19	0.8	3.03677
0.19	0.81	3.04005
0.19	0.82	3.04434
0.19	0.83	3.04879
0.19	0.84	3.05524
0.19	0.85	3.06353
0.19	0.86	3.07125
0.19	0.87	3.08176
0.19	0.88	3.09234
0.19	0.89	3.10449
0.19	0.9	3.11592
0.19	0.91	3.12912
0.19	0.92	3.14171
0.19	0.93	3.15709
0.19	0.94	3.16933
0.19	0.95	3.18872
0.19	0.96	3.19784
0.19	0.97	3.2253
0.19	0.98	3.2253
0.19	0.99	3.2253


0.2	0	2.47473
0.2	0.01	2.47473
0.2	0.02	2.47473
0.2	0.03	2.44044
0.2	0.04	2.42507
0.2	0.05	2.40047
0.2	0.06	2.3811
0.2	0.07	2.35906
0.2	0.08	2.33836
0.2	0.09	2.3167
0.2	0.1	2.29553
0.2	0.11	2.27395
0.2	0.12	2.25272
0.2	0.13	2.23132
0.2	0.14	2.21011
0.2	0.15	2.1889
0.2	0.16	2.16764
0.2	0.17	2.147
0.2	0.18	2.12581
0.2	0.19	2.10575
0.2	0.2	2.08508
0.2	0.21	2.06574
0.2	0.22	2.04578
0.2	0.23	2.02776
0.2	0.24	2.0089
0.2	0.25	1.99248
0.2	0.26	1.97562
0.2	0.27	1.96014
0.2	0.28	1.94817
0.2	0.29	1.94062
0.2	0.3	1.94389
0.2	0.31	2.00943
0.2	0.32	2.47827
0.2	0.33	2.87871
0.2	0.34	3.02612
0.2	0.35	3.02415
0.2	0.36	3.00125
0.2	0.37	2.96807
0.2	0.38	2.96697
0.2	0.39	3.00959
0.2	0.4	3.02265
0.2	0.41	2.99424
0.2	0.42	2.98117
0.2	0.43	2.99109
0.2	0.44	3.00356
0.2	0.45	3.00346
0.2	0.46	2.99741
0.2	0.47	2.99336
0.2	0.48	2.99409
0.2	0.49	2.99721
0.2	0.5	2.99788
0.2	0.51	2.99737
0.2	0.52	2.996
0.2	0.53	2.9952
0.2	0.54	2.9953
0.2	0.55	2.99593
0.2	0.56	2.99624
0.2	0.57	2.99598
0.2	0.58	2.99618
0.2	0.59	2.99522
0.2	0.6	2.99523
0.2	0.61	2.99591
0.2	0.62	2.99545
0.2	0.63	2.99407
0.2	0.64	2.99264
0.2	0.65	2.99257
0.2	0.66	2.99504
0.2	0.67	3.00258
0.2	0.68	3.01688
0.2	0.69	3.02663
0.2	0.7	3.03246
0.2	0.71	3.03393
0.2	0.72	3.03536
0.2	0.73	3.03417
0.2	0.74	3.02894
0.2	0.75	3.02531
0.2	0.76	3.02219
0.2	0.77	3.0199
0.2	0.78	3.01907
0.2	0.79	3.01954
0.2	0.8	3.02076
0.2	0.81	3.02224
0.2	0.82	3.0254
0.2	0.83	3.02921
0.2	0.84	3.03331
0.2	0.85	3.0383
0.2	0.86	3.04522
0.2	0.87	3.05138
0.2	0.88	3.05964
0.2	0.89	3.06968
0.2	0.9	3.07853
0.2	0.91	3.09053
0.2	0.92	3.10122
0.2	0.93	3.11498
0.2	0.94	3.1256
0.2	0.95	3.14268
0.2	0.96	3.15077
0.2	0.97	3.17543
0.2	0.98	3.17543
0.2	0.99	3.17543


0.21	0	2.44017
0.21	0.01	2.44017
0.21	0.02	2.44017
0.21	0.03	2.40655
0.21	0.04	2.39124
0.21	0.05	2.36708
0.21	0.06	2.34799
0.21	0.07	2.32657
0.21	0.08	2.30634
0.21	0.09	2.28533
0.21	0.1	2.26471
0.21	0.11	2.24396
0.21	0.12	2.22321
0.21	0.13	2.20266
0.21	0.14	2.18195
0.21	0.15	2.16163
0.21	0.16	2.14109
0.21	0.17	2.1212
0.21	0.18	2.10097
0.21	0.19	2.08168
0.21	0.2	2.06227
0.21	0.21	2.0431
0.21	0.22	2.02575
0.21	0.23	2.00674
0.21	0.24	1.99145
0.21	0.25	1.97317
0.21	0.26	1.96081
0.21	0.27	1.94869
0.21	0.28	1.94775
0.21	0.29	1.98737
0.21	0.3	2.34246
0.21	0.31	2.82668
0.21	0.32	3.05066
0.21	0.33	3.02229
0.21	0.34	2.98179
0.21	0.35	2.97006
0.21	0.36	2.97956
0.21	0.37	3.01361
0.21	0.38	3.02289
0.21	0.39	2.98755
0.21	0.4	2.97655
0.21	0.41	2.99613
0.21	0.42	3.00947
0.21	0.43	3.00249
0.21	0.44	2.9926
0.21	0.45	2.99113
0.21	0.46	2.99538
0.21	0.47	3.00028
0.21	0.48	3
0.21	0.49	2.99607
0.21	0.5	2.99484
0.21	0.51	2.99562
0.21	0.52	2.99714
0.21	0.53	2.99758
0.21	0.54	2.99703
0.21	0.55	2.99628
0.21	0.56	2.99613
0.21	0.57	2.9964
0.21	0.58	2.99632
0.21	0.59	2.99618
0.21	0.6	2.99534
0.21	0.61	2.99412
0.21	0.62	2.99392
0.21	0.63	2.99575
0.21	0.64	3.00172
0.21	0.65	3.01414
0.21	0.66	3.02815
0.21	0.67	3.02869
0.21	0.68	3.03447
0.21	0.69	3.03498
0.21	0.7	3.03392
0.21	0.71	3.02888
0.21	0.72	3.02393
0.21	0.73	3.01934
0.21	0.74	3.0165
0.21	0.75	3.01507
0.21	0.76	3.01434
0.21	0.77	3.01307
0.21	0.78	3.01184
0.21	0.79	3.01092
0.21	0.8	3.01105
0.21	0.81	3.01221
0.21	0.82	3.01272
0.21	0.83	3.0152
0.21	0.84	3.0187
0.21	0.85	3.02147
0.21	0.86	3.02555
0.21	0.87	3.03135
0.21	0.88	3.03655
0.21	0.89	3.04286
0.21	0.9	3.05112
0.21	0.91	3.05837
0.21	0.92	3.06792
0.21	0.93	3.07927
0.21	0.94	3.08845
0.21	0.95	3.10357
0.21	0.96	3.11078
0.21	0.97	3.13259
0.21	0.98	3.13259
0.21	0.99	3.13259


0.22	0	2.40731
0.22	0.01	2.40731
0.22	0.02	2.40731
0.22	0.03	2.37433
0.22	0.04	2.35908
0.22	0.05	2.33542
0.22	0.06	2.31657
0.22	0.07	2.29578
0.22	0.08	2.27606
0.22	0.09	2.25573
0.22	0.1	2.23567
0.22	0.11	2.21561
0.22	0.12	2.19553
0.22	0.13	2.17561
0.22	0.14	2.15574
0.22	0.15	2.13577
0.22	0.16	2.11658
0.22	0.17	2.09673
0.22	0.18	2.07817
0.22	0.19	2.05892
0.22	0.2	2.0412
0.22	0.21	2.02263
0.22	0.22	2.00637
0.22	0.23	1.98814
0.22	0.24	1.97394
0.22	0.25	1.95886
0.22	0.26	1.95506
0.22	0.27	1.97713
0.22	0.28	2.22781
0.22	0.29	2.7587
0.22	0.3	3.06329
0.22	0.31	3.01858
0.22	0.32	2.96329
0.22	0.33	2.97494
0.22	0.34	2.99714
0.22	0.35	3.01538
0.22	0.36	3.0149
0.22	0.37	2.98524
0.22	0.38	2.97642
0.22	0.39	3.00198
0.22	0.4	3.01255
0.22	0.41	2.99898
0.22	0.42	2.98844
0.22	0.43	2.99225
0.22	0.44	2.9988
0.22	0.45	3.00129
0.22	0.46	2.99887
0.22	0.47	2.99391
0.22	0.48	2.99363
0.22	0.49	2.99758
0.22	0.5	2.99907
0.22	0.51	2.99822
0.22	0.52	2.99641
0.22	0.53	2.99627
0.22	0.54	2.99704
0.22	0.55	2.99758
0.22	0.56	2.99722
0.22	0.57	2.99623
0.22	0.58	2.99525
0.22	0.59	2.99499
0.22	0.6	2.99628
0.22	0.61	3.00138
0.22	0.62	3.01426
0.22	0.63	3.02221
0.22	0.64	3.03195
0.22	0.65	3.03345
0.22	0.66	3.03413
0.22	0.67	3.03476
0.22	0.68	3.03193
0.22	0.69	3.02558
0.22	0.7	3.02121
0.22	0.71	3.01776
0.22	0.72	3.01519
0.22	0.73	3.0138
0.22	0.74	3.01191
0.22	0.75	3.00961
0.22	0.76	3.00784
0.22	0.77	3.007
0.22	0.78	3.00711
0.22	0.79	3.00709
0.22	0.8	3.00669
0.22	0.81	3.00642
0.22	0.82	3.00697
0.22	0.83	3.00707
0.22	0.84	3.0084
0.22	0.85	3.01106
0.22	0.86	3.01264
0.22	0.87	3.01608
0.22	0.88	3.02071
0.22	0.89	3.02469
0.22	0.9	3.02982
0.22	0.91	3.03686
0.22	0.92	3.04302
0.22	0.93	3.05089
0.22	0.94	3.0586
0.22	0.95	3.0704
0.22	0.96	3.07682
0.22	0.97	3.09586
0.22	0.98	3.09586
0.22	0.99	3.09586


0.23	0	2.37607
0.23	0.01	2.37607
0.23	0.02	2.37607
0.23	0.03	2.34378
0.23	0.04	2.32862
0.23	0.05	2.30544
0.23	0.06	2.28684
0.23	0.07	2.26663
0.23	0.08	2.24747
0.23	0.09	2.22771
0.23	0.1	2.20835
0.23	0.11	2.18874
0.23	0.12	2.16951
0.23	0.13	2.15003
0.23	0.14	2.13103
0.23	0.15	2.11175
0.23	0.16	2.09327
0.23	0.17	2.07432
0.23	0.18	2.05656
0.23	0.19	2.03818
0.23	0.2	2.02144
0.23	0.21	2.00328
0.23	0.22	1.98802
0.23	0.23	1.97058
0.23	0.24	1.96462
0.23	0.25	1.97514
0.23	0.26	2.14059
0.23	0.27	2.672
0.23	0.28	3.0655
0.23	0.29	3.00889
0.23	0.3	2.95273
0.23	0.31	2.98307
0.23	0.32	3.01326
0.23	0.33	3.0151
0.23	0.34	3.00388
0.23	0.35	2.98451
0.23	0.36	2.982
0.23	0.37	3.0058
0.23	0.38	3.01337
0.23	0.39	2.99568
0.23	0.4	2.9865
0.23	0.41	2.99518
0.23	0.42	3.00175
0.23	0.43	3.00056
0.23	0.44	2.99671
0.23	0.45	2.99358
0.23	0.46	2.99442
0.23	0.47	2.99901
0.23	0.48	2.99999
0.23	0.49	2.99665
0.23	0.5	2.99538
0.23	0.51	2.99664
0.23	0.52	2.99827
0.23	0.53	2.99822
0.23	0.54	2.99707
0.23	0.55	2.9958
0.23	0.56	2.99572
0.23	0.57	2.99721
0.23	0.58	3.00159
0.23	0.59	3.01159
0.23	0.6	3.02485
0.23	0.61	3.02648
0.23	0.62	3.0326
0.23	0.63	3.03697
0.23	0.64	3.03493
0.23	0.65	3.03236
0.23	0.66	3.02732
0.23	0.67	3.02409
0.23	0.68	3.01955
0.23	0.69	3.01648
0.23	0.7	3.01496
0.23	0.71	3.01319
0.23	0.72	3.01117
0.23	0.73	3.0091
0.23	0.74	3.00756
0.23	0.75	3.00674
0.23	0.76	3.00622
0.23	0.77	3.0052
0.23	0.78	3.00389
0.23	0.79	3.00295
0.23	0.8	3.00286
0.23	0.81	3.0032
0.23	0.82	3.0036
0.23	0.83	3.00391
0.23	0.84	3.00382
0.23	0.85	3.00439
0.23	0.86	3.00611
0.23	0.87	3.00669
0.23	0.88	3.00935
0.23	0.89	3.01315
0.23	0.9	3.01583
0.23	0.91	3.01996
0.23	0.92	3.02539
0.23	0.93	3.03108
0.23	0.94	3.03636
0.23	0.95	3.0455
0.23	0.96	3.04985
0.23	0.97	3.06498
0.23	0.98	3.06498
0.23	0.99	3.06498


0.24	0	2.34625
0.24	0.01	2.34625
0.24	0.02	2.34625
0.24	0.03	2.31474
0.24	0.04	2.2998
0.24	0.05	2.27712
0.24	0.06	2.25882
0.24	0.07	2.23908
0.24	0.08	2.2204
0.24	0.09	2.20127
0.24	0.1	2.1825
0.24	0.11	2.16348
0.24	0.12	2.14488
0.24	0.13	2.12603
0.24	0.14	2.10776
0.24	0.15	2.08917
0.24	0.16	2.07147
0.24	0.17	2.05328
0.24	0.18	2.03641
0.24	0.19	2.01829
0.24	0.2	2.00251
0.24	0.21	1.98365
0.24	0.22	1.97561
0.24	0.23	1.97898
0.24	0.24	2.08181
0.24	0.25	2.57258
0.24	0.26	3.05074
0.24	0.27	2.99821
0.24	0.28	2.9495
0.24	0.29	2.9918
0.24	0.3	3.02734
0.24	0.31	3.01198
0.24	0.32	2.9936
0.24	0.33	2.98598
0.24	0.34	2.99
0.24	0.35	3.00828
0.24	0.36	3.01205
0.24	0.37	2.99297
0.24	0.38	2.98684
0.24	0.39	2.99794
0.24	0.4	3.00451
0.24	0.41	2.99943
0.24	0.42	2.9953
0.24	0.43	2.99458
0.24	0.44	2.99629
0.24	0.45	2.99943
0.24	0.46	2.9999
0.24	0.47	2.99592
0.24	0.48	2.99512
0.24	0.49	2.99765
0.24	0.5	2.9989
0.24	0.51	2.99741
0.24	0.52	2.99589
0.24	0.53	2.99558
0.24	0.54	2.99749
0.24	0.55	3.00121
0.24	0.56	3.01067
0.24	0.57	3.01985
0.24	0.58	3.02893
0.24	0.59	3.03276
0.24	0.6	3.03356
0.24	0.61	3.03645
0.24	0.62	3.03486
0.24	0.63	3.03001
0.24	0.64	3.02358
0.24	0.65	3.02156
0.24	0.66	3.01928
0.24	0.67	3.01588
0.24	0.68	3.01339
0.24	0.69	3.01273
0.24	0.7	3.011
0.24	0.71	3.00905
0.24	0.72	3.0077
0.24	0.73	3.00715
0.24	0.74	3.00642
0.24	0.75	3.00514
0.24	0.76	3.0039
0.24	0.77	3.00299
0.24	0.78	3.00269
0.24	0.79	3.00257
0.24	0.8	3.00178
0.24	0.81	3.00095
0.24	0.82	3.00044
0.24	0.83	3.00083
0.24	0.84	3.0013
0.24	0.85	3.0017
0.24	0.86	3.00258
0.24	0.87	3.00365
0.24	0.88	3.0035
0.24	0.89	3.00501
0.24	0.9	3.00769
0.24	0.91	3.00966
0.24	0.92	3.01243
0.24	0.93	3.01678
0.24	0.94	3.02042
0.24	0.95	3.02712
0.24	0.96	3.03047
0.24	0.97	3.04174
0.24	0.98	3.04174
0.24	0.99	3.04174


0.25	0	2.31789
0.25	0.01	2.31789
0.25	0.02	2.31789
0.25	0.03	2.28718
0.25	0.04	2.27245
0.25	0.05	2.25029
0.25	0.06	2.23231
0.25	0.07	2.213
0.25	0.08	2.1948
0.25	0.09	2.17634
0.25	0.1	2.15813
0.25	0.11	2.13966
0.25	0.12	2.12168
0.25	0.13	2.10343
0.25	0.14	2.08587
0.25	0.15	2.06792
0.25	0.16	2.05103
0.25	0.17	2.03303
0.25	0.18	2.01699
0.25	0.19	1.99746
0.25	0.2	1.98757
0.25	0.21	1.98591
0.25	0.22	2.04913
0.25	0.23	2.46543
0.25	0.24	3.01739
0.25	0.25	2.99225
0.25	0.26	2.94939
0.25	0.27	3.00376
0.25	0.28	3.03608
0.25	0.29	3.00798
0.25	0.3	2.98376
0.25	0.31	2.98911
0.25	0.32	2.99905
0.25	0.33	3.0095
0.25	0.34	3.00888
0.25	0.35	2.99244
0.25	0.36	2.98794
0.25	0.37	3.00119
0.25	0.38	3.00634
0.25	0.39	2.99882
0.25	0.4	2.99407
0.25	0.41	2.99618
0.25	0.42	2.99856
0.25	0.43	2.99978
0.25	0.44	2.9996
0.25	0.45	2.99639
0.25	0.46	2.99559
0.25	0.47	2.99847
0.25	0.48	2.99884
0.25	0.49	2.99673
0.25	0.5	2.99567
0.25	0.51	2.99731
0.25	0.52	3.00023
0.25	0.53	3.00806
0.25	0.54	3.02005
0.25	0.55	3.0244
0.25	0.56	3.03163
0.25	0.57	3.03595
0.25	0.58	3.03485
0.25	0.59	3.03431
0.25	0.6	3.03135
0.25	0.61	3.02725
0.25	0.62	3.02222
0.25	0.63	3.01908
0.25	0.64	3.01834
0.25	0.65	3.01626
0.25	0.66	3.01324
0.25	0.67	3.01111
0.25	0.68	3.01079
0.25	0.69	3.00947
0.25	0.7	3.0078
0.25	0.71	3.00677
0.25	0.72	3.0065
0.25	0.73	3.00548
0.25	0.74	3.00434
0.25	0.75	3.00358
0.25	0.76	3.00343
0.25	0.77	3.0029
0.25	0.78	3.00201
0.25	0.79	3.00113
0.25	0.8	3.00061
0.25	0.81	3.00063
0.25	0.82	3.00049
0.25	0.83	3.00005
0.25	0.84	2.99982
0.25	0.85	2.99979
0.25	0.86	2.99974
0.25	0.87	3.00085
0.25	0.88	3.00188
0.25	0.89	3.00208
0.25	0.9	3.00272
0.25	0.91	3.00429
0.25	0.92	3.00555
0.25	0.93	3.00737
0.25	0.94	3.00991
0.25	0.95	3.01399
0.25	0.96	3.01632
0.25	0.97	3.02466
0.25	0.98	3.02466
0.25	0.99	3.02466


0.26	0	2.29094
0.26	0.01	2.29094
0.26	0.02	2.29094
0.26	0.03	2.26106
0.26	0.04	2.24656
0.26	0.05	2.22491
0.26	0.06	2.20723
0.26	0.07	2.18826
0.26	0.08	2.17055
0.26	0.09	2.15266
0.26	0.1	2.13508
0.26	0.11	2.11719
0.26	0.12	2.09986
0.26	0.13	2.08217
0.26	0.14	2.06531
0.26	0.15	2.04747
0.26	0.16	2.03132
0.26	0.17	2.01155
0.26	0.18	2.00002
0.26	0.19	1.99499
0.26	0.2	2.03551
0.26	0.21	2.35608
0.26	0.22	2.97344
0.26	0.23	2.98493
0.26	0.24	2.95525
0.26	0.25	3.01579
0.26	0.26	3.04001
0.26	0.27	3.00282
0.26	0.28	2.97627
0.26	0.29	2.99352
0.26	0.3	3.00788
0.26	0.31	3.00959
0.26	0.32	3.00437
0.26	0.33	2.99269
0.26	0.34	2.9908
0.26	0.35	3.00371
0.26	0.36	3.00776
0.26	0.37	2.9983
0.26	0.38	2.99368
0.26	0.39	2.99801
0.26	0.4	3.00116
0.26	0.41	3.00036
0.26	0.42	2.99908
0.26	0.43	2.9972
0.26	0.44	2.99661
0.26	0.45	2.99889
0.26	0.46	2.99916
0.26	0.47	2.99694
0.26	0.48	2.9969
0.26	0.49	3.00009
0.26	0.5	3.00691
0.26	0.51	3.01589
0.26	0.52	3.02679
0.26	0.53	3.02932
0.26	0.54	3.032
0.26	0.55	3.03612
0.26	0.56	3.03499
0.26	0.57	3.03224
0.26	0.58	3.02664
0.26	0.59	3.02418
0.26	0.6	3.02114
0.26	0.61	3.01795
0.26	0.62	3.01623
0.26	0.63	3.0153
0.26	0.64	3.01303
0.26	0.65	3.01086
0.26	0.66	3.00988
0.26	0.67	3.00997
0.26	0.68	3.00858
0.26	0.69	3.00694
0.26	0.7	3.00593
0.26	0.71	3.00575
0.26	0.72	3.00493
0.26	0.73	3.00401
0.26	0.74	3.00348
0.26	0.75	3.00324
0.26	0.76	3.00255
0.26	0.77	3.00185
0.26	0.78	3.00145
0.26	0.79	3.00141
0.26	0.8	3.00115
0.26	0.81	3.00047
0.26	0.82	3.00003
0.26	0.83	2.99972
0.26	0.84	2.99983
0.26	0.85	2.9999
0.26	0.86	2.99955
0.26	0.87	2.99911
0.26	0.88	2.99959
0.26	0.89	3.00033
0.26	0.9	3.00035
0.26	0.91	3.00123
0.26	0.92	3.00236
0.26	0.93	3.00344
0.26	0.94	3.00405
0.26	0.95	3.00638
0.26	0.96	3.00741
0.26	0.97	3.01254
0.26	0.98	3.01254
0.26	0.99	3.01254


0.27	0	2.26534
0.27	0.01	2.26534
0.27	0.02	2.26534
0.27	0.03	2.23627
0.27	0.04	2.22201
0.27	0.05	2.20088
0.27	0.06	2.18353
0.27	0.07	2.1649
0.27	0.08	2.1476
0.27	0.09	2.13022
0.27	0.1	2.11326
0.27	0.11	2.0959
0.27	0.12	2.07919
0.27	0.13	2.06162
0.27	0.14	2.04546
0.27	0.15	2.02571
0.27	0.16	2.01309
0.27	0.17	2.00525
0.27	0.18	2.02992
0.27	0.19	2.2673
0.27	0.2	2.91078
0.27	0.21	2.97488
0.27	0.22	2.96776
0.27	0.23	3.02386
0.27	0.24	3.04226
0.27	0.25	2.99479
0.27	0.26	2.97276
0.27	0.27	2.99787
0.27	0.28	3.01616
0.27	0.29	3.00848
0.27	0.3	2.9994
0.27	0.31	2.99381
0.27	0.32	2.99501
0.27	0.33	3.0055
0.27	0.34	3.00831
0.27	0.35	2.99761
0.27	0.36	2.99426
0.27	0.37	2.99992
0.27	0.38	3.0036
0.27	0.39	3.00107
0.27	0.4	2.99852
0.27	0.41	2.99821
0.27	0.42	2.99811
0.27	0.43	2.99954
0.27	0.44	2.99984
0.27	0.45	2.9982
0.27	0.46	2.99942
0.27	0.47	3.00492
0.27	0.48	3.01636
0.27	0.49	3.0231
0.27	0.5	3.03054
0.27	0.51	3.03288
0.27	0.52	3.03362
0.27	0.53	3.03503
0.27	0.54	3.03338
0.27	0.55	3.02925
0.27	0.56	3.02347
0.27	0.57	3.02108
0.27	0.58	3.01978
0.27	0.59	3.01715
0.27	0.6	3.01456
0.27	0.61	3.01328
0.27	0.62	3.0125
0.27	0.63	3.01086
0.27	0.64	3.00948
0.27	0.65	3.00908
0.27	0.66	3.00855
0.27	0.67	3.00713
0.27	0.68	3.00596
0.27	0.69	3.00576
0.27	0.7	3.0057
0.27	0.71	3.00476
0.27	0.72	3.00382
0.27	0.73	3.00323
0.27	0.74	3.00305
0.27	0.75	3.0025
0.27	0.76	3.00201
0.27	0.77	3.00189
0.27	0.78	3.00167
0.27	0.79	3.00122
0.27	0.8	3.00084
0.27	0.81	3.00073
0.27	0.82	3.00071
0.27	0.83	3.0004
0.27	0.84	2.99989
0.27	0.85	2.99957
0.27	0.86	2.99958
0.27	0.87	2.99954
0.27	0.88	2.99926
0.27	0.89	2.99922
0.27	0.9	2.99956
0.27	0.91	2.99964
0.27	0.92	3.00005
0.27	0.93	3.00082
0.27	0.94	3.00137
0.27	0.95	3.00272
0.27	0.96	3.00314
0.27	0.97	3.00569
0.27	0.98	3.00569
0.27	0.99	3.00569


0.28	0	2.24099
0.28	0.01	2.24099
0.28	0.02	2.24099
0.28	0.03	2.21274
0.28	0.04	2.19872
0.28	0.05	2.17815
0.28	0.06	2.16112
0.28	0.07	2.14286
0.28	0.08	2.12591
0.28	0.09	2.10895
0.28	0.1	2.09254
0.28	0.11	2.07529
0.28	0.12	2.05922
0.28	0.13	2.03965
0.28	0.14	2.02633
0.28	0.15	2.01615
0.28	0.16	2.03017
0.28	0.17	2.20053
0.28	0.18	2.83211
0.28	0.19	2.96161
0.28	0.2	2.98563
0.28	0.21	3.03041
0.28	0.22	3.03911
0.28	0.23	2.98825
0.28	0.24	2.97143
0.28	0.25	3.00313
0.28	0.26	3.0222
0.28	0.27	3.00657
0.28	0.28	2.99461
0.28	0.29	2.99536
0.28	0.3	2.99992
0.28	0.31	3.00671
0.28	0.32	3.00743
0.28	0.33	2.9978
0.28	0.34	2.99518
0.28	0.35	3.00217
0.28	0.36	3.00531
0.28	0.37	3.0014
0.28	0.38	2.99826
0.28	0.39	2.99907
0.28	0.4	3.0001
0.28	0.41	3.00049
0.28	0.42	3.00103
0.28	0.43	3.00069
0.28	0.44	3.0041
0.28	0.45	3.01365
0.28	0.46	3.02492
0.28	0.47	3.02803
0.28	0.48	3.03282
0.28	0.49	3.03514
0.28	0.5	3.0347
0.28	0.51	3.03367
0.28	0.52	3.03007
0.28	0.53	3.02652
0.28	0.54	3.02217
0.28	0.55	3.01915
0.28	0.56	3.01828
0.28	0.57	3.0164
0.28	0.58	3.01366
0.28	0.59	3.01159
0.28	0.6	3.01117
0.28	0.61	3.01076
0.28	0.62	3.00929
0.28	0.63	3.008
0.28	0.64	3.00756
0.28	0.65	3.00714
0.28	0.66	3.00624
0.28	0.67	3.00553
0.28	0.68	3.00552
0.28	0.69	3.00497
0.28	0.7	3.0041
0.28	0.71	3.00349
0.28	0.72	3.00352
0.28	0.73	3.00338
0.28	0.74	3.00283
0.28	0.75	3.00235
0.28	0.76	3.00209
0.28	0.77	3.00182
0.28	0.78	3.00154
0.28	0.79	3.00138
0.28	0.8	3.00131
0.28	0.81	3.00101
0.28	0.82	3.0007
0.28	0.83	3.00052
0.28	0.84	3.00045
0.28	0.85	3.00025
0.28	0.86	2.99999
0.28	0.87	2.99972
0.28	0.88	2.99961
0.28	0.89	2.99948
0.28	0.9	2.99933
0.28	0.91	2.99935
0.28	0.92	2.99937
0.28	0.93	2.99938
0.28	0.94	2.99974
0.28	0.95	3.00037
0.28	0.96	3.00078
0.28	0.97	3.0023
0.28	0.98	3.0023
0.28	0.99	3.0023


0.29	0	2.2178
0.29	0.01	2.2178
0.29	0.02	2.2178
0.29	0.03	2.19037
0.29	0.04	2.17661
0.29	0.05	2.15662
0.29	0.06	2.13993
0.29	0.07	2.122
0.29	0.08	2.10536
0.29	0.09	2.08839
0.29	0.1	2.07246
0.29	0.11	2.05335
0.29	0.12	2.03954
0.29	0.13	2.02737
0.29	0.14	2.03457
0.29	0.15	2.15499
0.29	0.16	2.74107
0.29	0.17	2.94702
0.29	0.18	3.00544
0.29	0.19	3.03431
0.29	0.2	3.03141
0.29	0.21	2.98471
0.29	0.22	2.97149
0.29	0.23	3.00983
0.29	0.24	3.02529
0.29	0.25	3.00466
0.29	0.26	2.99031
0.29	0.27	2.99757
0.29	0.28	3.00469
0.29	0.29	3.00726
0.29	0.3	3.00569
0.29	0.31	2.9982
0.29	0.32	2.9968
0.29	0.33	3.00404
0.29	0.34	3.00634
0.29	0.35	3.0014
0.29	0.36	2.99835
0.29	0.37	3.00014
0.29	0.38	3.0021
0.29	0.39	3.00184
0.29	0.4	3.00277
0.29	0.41	3.0054
0.29	0.42	3.01184
0.29	0.43	3.0215
0.29	0.44	3.03032
0.29	0.45	3.03436
0.29	0.46	3.03307
0.29	0.47	3.03534
0.29	0.48	3.0354
0.29	0.49	3.0326
0.29	0.5	3.02707
0.29	0.51	3.02426
0.29	0.52	3.02121
0.29	0.53	3.01839
0.29	0.54	3.01669
0.29	0.55	3.01543
0.29	0.56	3.01328
0.29	0.57	3.01136
0.29	0.58	3.01044
0.29	0.59	3.01036
0.29	0.6	3.00913
0.29	0.61	3.00754
0.29	0.62	3.00652
0.29	0.63	3.00653
0.29	0.64	3.00635
0.29	0.65	3.00551
0.29	0.66	3.00476
0.29	0.67	3.00458
0.29	0.68	3.00427
0.29	0.69	3.00379
0.29	0.7	3.00356
0.29	0.71	3.00359
0.29	0.72	3.00321
0.29	0.73	3.00275
0.29	0.74	3.00254
0.29	0.75	3.00258
0.29	0.76	3.00246
0.29	0.77	3.00217
0.29	0.78	3.00183
0.29	0.79	3.00158
0.29	0.8	3.00139
0.29	0.81	3.00121
0.29	0.82	3.00107
0.29	0.83	3.00088
0.29	0.84	3.00081
0.29	0.85	3.00065
0.29	0.86	3.00044
0.29	0.87	3.00026
0.29	0.88	3.0002
0.29	0.89	2.99989
0.29	0.9	2.99961
0.29	0.91	2.9995
0.29	0.92	2.99943
0.29	0.93	2.99941
0.29	0.94	2.99938
0.29	0.95	2.99947
0.29	0.96	2.9995
0.29	0.97	3.00015
0.29	0.98	3.00015
0.29	0.99	3.00015


0.3	0	2.1957
0.3	0.01	2.1957
0.3	0.02	2.1957
0.3	0.03	2.16907
0.3	0.04	2.15561
0.3	0.05	2.13614
0.3	0.06	2.11978
0.3	0.07	2.10187
0.3	0.08	2.08553
0.3	0.09	2.06654
0.3	0.1	2.05243
0.3	0.11	2.03871
0.3	0.12	2.04174
0.3	0.13	2.12819
0.3	0.14	2.64288
0.3	0.15	2.9305
0.3	0.16	3.02465
0.3	0.17	3.03705
0.3	0.18	3.02027
0.3	0.19	2.98229
0.3	0.2	2.97537
0.3	0.21	3.01483
0.3	0.22	3.02737
0.3	0.23	3.00201
0.3	0.24	2.98759
0.3	0.25	3.00011
0.3	0.26	3.00922
0.3	0.27	3.00743
0.3	0.28	3.00352
0.3	0.29	2.9989
0.3	0.3	2.9989
0.3	0.31	3.00526
0.3	0.32	3.00679
0.3	0.33	3.00114
0.3	0.34	2.99876
0.3	0.35	3.00152
0.3	0.36	3.00385
0.3	0.37	3.00401
0.3	0.38	3.00545
0.3	0.39	3.01173
0.3	0.4	3.02145
0.3	0.41	3.02762
0.3	0.42	3.03449
0.3	0.43	3.03684
0.3	0.44	3.03436
0.3	0.45	3.035
0.3	0.46	3.03471
0.3	0.47	3.0309
0.3	0.48	3.02554
0.3	0.49	3.02227
0.3	0.5	3.0205
0.3	0.51	3.0182
0.3	0.52	3.01605
0.3	0.53	3.01465
0.3	0.54	3.01319
0.3	0.55	3.01152
0.3	0.56	3.01023
0.3	0.57	3.00975
0.3	0.58	3.009
0.3	0.59	3.00765
0.3	0.6	3.00655
0.3	0.61	3.00634
0.3	0.62	3.0063
0.3	0.63	3.00539
0.3	0.64	3.00445
0.3	0.65	3.00394
0.3	0.66	3.00408
0.3	0.67	3.00398
0.3	0.68	3.00355
0.3	0.69	3.00324
0.3	0.7	3.0032
0.3	0.71	3.003
0.3	0.72	3.00282
0.3	0.73	3.00289
0.3	0.74	3.0028
0.3	0.75	3.00253
0.3	0.76	3.00232
0.3	0.77	3.00222
0.3	0.78	3.00215
0.3	0.79	3.00205
0.3	0.8	3.00182
0.3	0.81	3.00164
0.3	0.82	3.00147
0.3	0.83	3.00128
0.3	0.84	3.0011
0.3	0.85	3.00099
0.3	0.86	3.00085
0.3	0.87	3.00067
0.3	0.88	3.0005
0.3	0.89	3.0004
0.3	0.9	3.00029
0.3	0.91	3.00011
0.3	0.92	2.99987
0.3	0.93	2.99969
0.3	0.94	2.99948
0.3	0.95	2.99942
0.3	0.96	2.99931
0.3	0.97	2.99941
0.3	0.98	2.99941
0.3	0.99	2.99941


0.31	0	2.17471
0.31	0.01	2.17471
0.31	0.02	2.17471
0.31	0.03	2.14877
0.31	0.04	2.13569
0.31	0.05	2.11611
0.31	0.06	2.10026
0.31	0.07	2.08061
0.31	0.08	2.06564
0.31	0.09	2.04995
0.31	0.1	2.05046
0.31	0.11	2.1125
0.31	0.12	2.55122
0.31	0.13	2.90636
0.31	0.14	3.04329
0.31	0.15	3.03798
0.31	0.16	3.0073
0.31	0.17	2.98151
0.31	0.18	2.98254
0.31	0.19	3.01799
0.31	0.2	3.02835
0.31	0.21	2.99822
0.31	0.22	2.9867
0.31	0.23	3.00259
0.31	0.24	3.01329
0.31	0.25	3.0072
0.31	0.26	3.00154
0.31	0.27	2.99993
0.31	0.28	3.00131
0.31	0.29	3.00608
0.31	0.3	3.00678
0.31	0.31	3.00103
0.31	0.32	2.99961
0.31	0.33	3.00317
0.31	0.34	3.00572
0.31	0.35	3.0068
0.31	0.36	3.01137
0.31	0.37	3.01881
0.31	0.38	3.02878
0.31	0.39	3.03252
0.31	0.4	3.0364
0.31	0.41	3.0376
0.31	0.42	3.03597
0.31	0.43	3.03456
0.31	0.44	3.0325
0.31	0.45	3.02923
0.31	0.46	3.02415
0.31	0.47	3.02124
0.31	0.48	3.01947
0.31	0.49	3.01853
0.31	0.5	3.01645
0.31	0.51	3.0142
0.31	0.52	3.01277
0.31	0.53	3.01188
0.31	0.54	3.01068
0.31	0.55	3.00971
0.31	0.56	3.00902
0.31	0.57	3.00802
0.31	0.58	3.00701
0.31	0.59	3.00634
0.31	0.6	3.00622
0.31	0.61	3.00554
0.31	0.62	3.00468
0.31	0.63	3.00412
0.31	0.64	3.00422
0.31	0.65	3.00406
0.31	0.66	3.00351
0.31	0.67	3.00304
0.31	0.68	3.00291
0.31	0.69	3.00308
0.31	0.7	3.00298
0.31	0.71	3.00283
0.31	0.72	3.00273
0.31	0.73	3.00265
0.31	0.74	3.00255
0.31	0.75	3.00252
0.31	0.76	3.00249
0.31	0.77	3.00245
0.31	0.78	3.00229
0.31	0.79	3.00219
0.31	0.8	3.00214
0.31	0.81	3.00209
0.31	0.82	3.00191
0.31	0.83	3.00177
0.31	0.84	3.00153
0.31	0.85	3.00134
0.31	0.86	3.0012
0.31	0.87	3.00112
0.31	0.88	3.00099
0.31	0.89	3.00084
0.31	0.9	3.00069
0.31	0.91	3.00053
0.31	0.92	3.00035
0.31	0.93	3.00018
0.31	0.94	2.99997
0.31	0.95	2.99978
0.31	0.96	2.99957
0.31	0.97	2.9994
0.31	0.98	2.9994
0.31	0.99	2.9994


0.32	0	2.15519
0.32	0.01	2.15519
0.32	0.02	2.15519
0.32	0.03	2.12913
0.32	0.04	2.11612
0.32	0.05	2.09505
0.32	0.06	2.08061
0.32	0.07	2.06284
0.32	0.08	2.06071
0.32	0.09	2.10536
0.32	0.1	2.47258
0.32	0.11	2.87293
0.32	0.12	3.05942
0.32	0.13	3.03625
0.32	0.14	2.99467
0.32	0.15	2.98174
0.32	0.16	2.9916
0.32	0.17	3.02074
0.32	0.18	3.02649
0.32	0.19	2.99598
0.32	0.2	2.98658
0.32	0.21	3.0057
0.32	0.22	3.01634
0.32	0.23	3.00667
0.32	0.24	2.99945
0.32	0.25	3.001
0.32	0.26	3.00383
0.32	0.27	3.00669
0.32	0.28	3.0065
0.32	0.29	3.00129
0.32	0.3	3.00134
0.32	0.31	3.00501
0.32	0.32	3.00863
0.32	0.33	3.01147
0.32	0.34	3.01991
0.32	0.35	3.02408
0.32	0.36	3.0324
0.32	0.37	3.03731
0.32	0.38	3.03794
0.32	0.39	3.03678
0.32	0.4	3.03619
0.32	0.41	3.03364
0.32	0.42	3.02997
0.32	0.43	3.02721
0.32	0.44	3.0236
0.32	0.45	3.02074
0.32	0.46	3.01907
0.32	0.47	3.01822
0.32	0.48	3.01648
0.32	0.49	3.01427
0.32	0.5	3.01256
0.32	0.51	3.01205
0.32	0.52	3.01172
0.32	0.53	3.01038
0.32	0.54	3.00907
0.32	0.55	3.00827
0.32	0.56	3.00762
0.32	0.57	3.00697
0.32	0.58	3.00648
0.32	0.59	3.00597
0.32	0.6	3.00524
0.32	0.61	3.00463
0.32	0.62	3.00442
0.32	0.63	3.00429
0.32	0.64	3.00385
0.32	0.65	3.00337
0.32	0.66	3.00323
0.32	0.67	3.00331
0.32	0.68	3.00314
0.32	0.69	3.00278
0.32	0.7	3.00261
0.32	0.71	3.00258
0.32	0.72	3.00263
0.32	0.73	3.00259
0.32	0.74	3.00255
0.32	0.75	3.0025
0.32	0.76	3.00249
0.32	0.77	3.00246
0.32	0.78	3.00246
0.32	0.79	3.00245
0.32	0.8	3.00231
0.32	0.81	3.00222
0.32	0.82	3.00214
0.32	0.83	3.00209
0.32	0.84	3.00202
0.32	0.85	3.00193
0.32	0.86	3.00174
0.32	0.87	3.00157
0.32	0.88	3.00135
0.32	0.89	3.00119
0.32	0.9	3.00103
0.32	0.91	3.00088
0.32	0.92	3.00074
0.32	0.93	3.00059
0.32	0.94	3.00045
0.32	0.95	3.00026
0.32	0.96	3.00015
0.32	0.97	2.99983
0.32	0.98	2.99983
0.32	0.99	2.99983


0.33	0	2.13735
0.33	0.01	2.13735
0.33	0.02	2.13735
0.33	0.03	2.1085
0.33	0.04	2.09651
0.33	0.05	2.07721
0.33	0.06	2.07358
0.33	0.07	2.10522
0.33	0.08	2.40546
0.33	0.09	2.83839
0.33	0.1	3.06794
0.33	0.11	3.03488
0.33	0.12	2.98343
0.33	0.13	2.98359
0.33	0.14	3.00153
0.33	0.15	3.02241
0.33	0.16	3.02221
0.33	0.17	2.99485
0.33	0.18	2.98715
0.33	0.19	3.00945
0.33	0.2	3.01828
0.33	0.21	3.00608
0.33	0.22	2.99781
0.33	0.23	3.00232
0.33	0.24	3.00638
0.33	0.25	3.00699
0.33	0.26	3.00601
0.33	0.27	3.00184
0.33	0.28	3.00353
0.33	0.29	3.00745
0.33	0.3	3.01344
0.33	0.31	3.01849
0.33	0.32	3.02582
0.33	0.33	3.02973
0.33	0.34	3.03517
0.33	0.35	3.03987
0.33	0.36	3.03839
0.33	0.37	3.03659
0.33	0.38	3.03443
0.33	0.39	3.03153
0.33	0.4	3.02916
0.33	0.41	3.02528
0.33	0.42	3.02243
0.33	0.43	3.02023
0.33	0.44	3.01893
0.33	0.45	3.0179
0.33	0.46	3.0164
0.33	0.47	3.01449
0.33	0.48	3.01296
0.33	0.49	3.01238
0.33	0.5	3.01211
0.33	0.51	3.01087
0.33	0.52	3.00945
0.33	0.53	3.00849
0.33	0.54	3.00838
0.33	0.55	3.00806
0.33	0.56	3.00721
0.33	0.57	3.0064
0.33	0.58	3.00583
0.33	0.59	3.0054
0.33	0.6	3.00513
0.33	0.61	3.00487
0.33	0.62	3.00449
0.33	0.63	3.00398
0.33	0.64	3.00373
0.33	0.65	3.00367
0.33	0.66	3.00351
0.33	0.67	3.00316
0.33	0.68	3.00296
0.33	0.69	3.00291
0.33	0.7	3.00286
0.33	0.71	3.00273
0.33	0.72	3.00252
0.33	0.73	3.00249
0.33	0.74	3.00251
0.33	0.75	3.00254
0.33	0.76	3.00252
0.33	0.77	3.00249
0.33	0.78	3.00243
0.33	0.79	3.00242
0.33	0.8	3.00244
0.33	0.81	3.00246
0.33	0.82	3.00241
0.33	0.83	3.00237
0.33	0.84	3.00226
0.33	0.85	3.00217
0.33	0.86	3.00209
0.33	0.87	3.00196
0.33	0.88	3.00179
0.33	0.89	3.00167
0.33	0.9	3.00146
0.33	0.91	3.00127
0.33	0.92	3.00112
0.33	0.93	3.00097
0.33	0.94	3.00085
0.33	0.95	3.00067
0.33	0.96	3.00058
0.33	0.97	3.00031
0.33	0.98	3.00031
0.33	0.99	3.00031


0.34	0	2.12176
0.34	0.01	2.12176
0.34	0.02	2.12176
0.34	0.03	2.09371
0.34	0.04	2.08932
0.34	0.05	2.11081
0.34	0.06	2.35491
0.34	0.07	2.7995
0.34	0.08	3.07667
0.34	0.09	3.0332
0.34	0.1	2.97411
0.34	0.11	2.9871
0.34	0.12	3.01111
0.34	0.13	3.02326
0.34	0.14	3.01745
0.34	0.15	2.99449
0.34	0.16	2.98981
0.34	0.17	3.01221
0.34	0.18	3.01957
0.34	0.19	3.00487
0.34	0.2	2.99663
0.34	0.21	3.00369
0.34	0.22	3.009
0.34	0.23	3.0074
0.34	0.24	3.0057
0.34	0.25	3.00315
0.34	0.26	3.00619
0.34	0.27	3.01147
0.34	0.28	3.01938
0.34	0.29	3.02582
0.34	0.3	3.02981
0.34	0.31	3.03389
0.34	0.32	3.0384
0.34	0.33	3.04053
0.34	0.34	3.03781
0.34	0.35	3.03603
0.34	0.36	3.03222
0.34	0.37	3.02993
0.34	0.38	3.02775
0.34	0.39	3.02446
0.34	0.4	3.02132
0.34	0.41	3.0194
0.34	0.42	3.01894
0.34	0.43	3.01788
0.34	0.44	3.016
0.34	0.45	3.01432
0.34	0.46	3.01322
0.34	0.47	3.01282
0.34	0.48	3.01242
0.34	0.49	3.01131
0.34	0.5	3.01005
0.34	0.51	3.00914
0.34	0.52	3.00902
0.34	0.53	3.00872
0.34	0.54	3.00786
0.34	0.55	3.0069
0.34	0.56	3.00644
0.34	0.57	3.00648
0.34	0.58	3.00619
0.34	0.59	3.00575
0.34	0.6	3.00517
0.34	0.61	3.00477
0.34	0.62	3.00457
0.34	0.63	3.00442
0.34	0.64	3.00421
0.34	0.65	3.00384
0.34	0.66	3.00354
0.34	0.67	3.0034
0.34	0.68	3.00331
0.34	0.69	3.00314
0.34	0.7	3.00294
0.34	0.71	3.00287
0.34	0.72	3.00282
0.34	0.73	3.00276
0.34	0.74	3.0026
0.34	0.75	3.00248
0.34	0.76	3.00245
0.34	0.77	3.00249
0.34	0.78	3.00252
0.34	0.79	3.00254
0.34	0.8	3.00251
0.34	0.81	3.00249
0.34	0.82	3.00248
0.34	0.83	3.00245
0.34	0.84	3.0024
0.34	0.85	3.00236
0.34	0.86	3.00226
0.34	0.87	3.00221
0.34	0.88	3.00211
0.34	0.89	3.00199
0.34	0.9	3.0019
0.34	0.91	3.00176
0.34	0.92	3.00159
0.34	0.93	3.0014
0.34	0.94	3.00124
0.34	0.95	3.00105
0.34	0.96	3.00096
0.34	0.97	3.00073
0.34	0.98	3.00073
0.34	0.99	3.00073


0.35	0	2.11089
0.35	0.01	2.11089
0.35	0.02	2.11089
0.35	0.03	2.11916
0.35	0.04	2.32057
0.35	0.05	2.76822
0.35	0.06	3.08747
0.35	0.07	3.03329
0.35	0.08	2.97039
0.35	0.09	2.99317
0.35	0.1	3.02214
0.35	0.11	3.02503
0.35	0.12	3.01353
0.35	0.13	2.99518
0.35	0.14	2.99394
0.35	0.15	3.01414
0.35	0.16	3.02059
0.35	0.17	3.00353
0.35	0.18	2.99668
0.35	0.19	3.00522
0.35	0.2	3.01141
0.35	0.21	3.00768
0.35	0.22	3.00571
0.35	0.23	3.00523
0.35	0.24	3.00964
0.35	0.25	3.01774
0.35	0.26	3.02719
0.35	0.27	3.03046
0.35	0.28	3.03272
0.35	0.29	3.03713
0.35	0.3	3.04041
0.35	0.31	3.04014
0.35	0.32	3.0372
0.35	0.33	3.03346
0.35	0.34	3.03067
0.35	0.35	3.02904
0.35	0.36	3.02642
0.35	0.37	3.02327
0.35	0.38	3.02056
0.35	0.39	3.0193
0.35	0.4	3.01893
0.35	0.41	3.01788
0.35	0.42	3.01584
0.35	0.43	3.01409
0.35	0.44	3.01323
0.35	0.45	3.01328
0.35	0.46	3.01267
0.35	0.47	3.01146
0.35	0.48	3.01035
0.35	0.49	3.00968
0.35	0.5	3.00966
0.35	0.51	3.00934
0.35	0.52	3.00857
0.35	0.53	3.00769
0.35	0.54	3.00729
0.35	0.55	3.00732
0.35	0.56	3.00702
0.35	0.57	3.0064
0.35	0.58	3.00587
0.35	0.59	3.00572
0.35	0.6	3.00566
0.35	0.61	3.00549
0.35	0.62	3.00512
0.35	0.63	3.00464
0.35	0.64	3.00437
0.35	0.65	3.00422
0.35	0.66	3.0041
0.35	0.67	3.0039
0.35	0.68	3.00363
0.35	0.69	3.00345
0.35	0.7	3.00333
0.35	0.71	3.0032
0.35	0.72	3.00301
0.35	0.73	3.00288
0.35	0.74	3.00282
0.35	0.75	3.00281
0.35	0.76	3.00272
0.35	0.77	3.0026
0.35	0.78	3.00253
0.35	0.79	3.00252
0.35	0.8	3.00252
0.35	0.81	3.0025
0.35	0.82	3.00248
0.35	0.83	3.00246
0.35	0.84	3.00244
0.35	0.85	3.00242
0.35	0.86	3.00239
0.35	0.87	3.00237
0.35	0.88	3.00232
0.35	0.89	3.00225
0.35	0.9	3.00216
0.35	0.91	3.00207
0.35	0.92	3.00198
0.35	0.93	3.00185
0.35	0.94	3.00172
0.35	0.95	3.00152
0.35	0.96	3.00139
0.35	0.97	3.00112
0.35	0.98	3.00112
0.35	0.99	3.00112


0.36	0	2.27249
0.36	0.01	2.27249
0.36	0.02	2.27249
0.36	0.03	2.72846
0.36	0.04	3.09321
0.36	0.05	3.03357
0.36	0.06	2.97735
0.36	0.07	3.00641
0.36	0.08	3.04001
0.36	0.09	3.03201
0.36	0.1	3.01333
0.36	0.11	2.99939
0.36	0.12	3.00068
0.36	0.13	3.01771
0.36	0.14	3.02197
0.36	0.15	3.00366
0.36	0.16	2.99773
0.36	0.17	3.00728
0.36	0.18	3.01352
0.36	0.19	3.0087
0.36	0.2	3.00685
0.36	0.21	3.00856
0.36	0.22	3.01479
0.36	0.23	3.02569
0.36	0.24	3.0329
0.36	0.25	3.03362
0.36	0.26	3.03472
0.36	0.27	3.0389
0.36	0.28	3.042
0.36	0.29	3.03888
0.36	0.3	3.03588
0.36	0.31	3.03146
0.36	0.32	3.02955
0.36	0.33	3.02791
0.36	0.34	3.02532
0.36	0.35	3.02228
0.36	0.36	3.01994
0.36	0.37	3.01917
0.36	0.38	3.01902
0.36	0.39	3.01758
0.36	0.4	3.01562
0.36	0.41	3.01412
0.36	0.42	3.01365
0.36	0.43	3.01379
0.36	0.44	3.01294
0.36	0.45	3.01157
0.36	0.46	3.01052
0.36	0.47	3.01011
0.36	0.48	3.01025
0.36	0.49	3.00979
0.36	0.5	3.00899
0.36	0.51	3.00828
0.36	0.52	3.00803
0.36	0.53	3.00811
0.36	0.54	3.00784
0.36	0.55	3.00726
0.36	0.56	3.00679
0.36	0.57	3.00668
0.36	0.58	3.00657
0.36	0.59	3.00631
0.36	0.6	3.00579
0.36	0.61	3.0055
0.36	0.62	3.00539
0.36	0.63	3.00535
0.36	0.64	3.00514
0.36	0.65	3.00487
0.36	0.66	3.0045
0.36	0.67	3.0043
0.36	0.68	3.00415
0.36	0.69	3.00396
0.36	0.7	3.00376
0.36	0.71	3.00355
0.36	0.72	3.00342
0.36	0.73	3.00331
0.36	0.74	3.00316
0.36	0.75	3.00301
0.36	0.76	3.00292
0.36	0.77	3.00284
0.36	0.78	3.00275
0.36	0.79	3.00266
0.36	0.8	3.00253
0.36	0.81	3.00248
0.36	0.82	3.00248
0.36	0.83	3.00247
0.36	0.84	3.00246
0.36	0.85	3.00246
0.36	0.86	3.00245
0.36	0.87	3.00242
0.36	0.88	3.00239
0.36	0.89	3.00238
0.36	0.9	3.00236
0.36	0.91	3.00229
0.36	0.92	3.00222
0.36	0.93	3.00215
0.36	0.94	3.00206
0.36	0.95	3.00193
0.36	0.96	3.00185
0.36	0.97	3.00159
0.36	0.98	3.00159
0.36	0.99	3.00159


0.37	0	3.00177
0.37	0.01	3.00177
0.37	0.02	3.00177
0.37	0.03	3.15242
0.37	0.04	3.02609
0.37	0.05	3.04559
0.37	0.06	3.05568
0.37	0.07	3.0393
0.37	0.08	3.0176
0.37	0.09	3.01011
0.37	0.1	3.01449
0.37	0.11	3.02691
0.37	0.12	3.0286
0.37	0.13	3.00786
0.37	0.14	3.00209
0.37	0.15	3.01162
0.37	0.16	3.01741
0.37	0.17	3.01139
0.37	0.18	3.00989
0.37	0.19	3.01427
0.37	0.2	3.02245
0.37	0.21	3.0322
0.37	0.22	3.03645
0.37	0.23	3.036
0.37	0.24	3.03698
0.37	0.25	3.0405
0.37	0.26	3.04162
0.37	0.27	3.03787
0.37	0.28	3.03351
0.37	0.29	3.02968
0.37	0.3	3.02832
0.37	0.31	3.02728
0.37	0.32	3.02446
0.37	0.33	3.02153
0.37	0.34	3.01976
0.37	0.35	3.01943
0.37	0.36	3.01899
0.37	0.37	3.01728
0.37	0.38	3.01539
0.37	0.39	3.01413
0.37	0.4	3.01408
0.37	0.41	3.01409
0.37	0.42	3.01306
0.37	0.43	3.01173
0.37	0.44	3.01088
0.37	0.45	3.01081
0.37	0.46	3.01086
0.37	0.47	3.01025
0.37	0.48	3.00929
0.37	0.49	3.00875
0.37	0.5	3.0087
0.37	0.51	3.00876
0.37	0.52	3.00846
0.37	0.53	3.00787
0.37	0.54	3.00754
0.37	0.55	3.00749
0.37	0.56	3.00743
0.37	0.57	3.00716
0.37	0.58	3.00672
0.37	0.59	3.00648
0.37	0.6	3.00638
0.37	0.61	3.00625
0.37	0.62	3.00596
0.37	0.63	3.00565
0.37	0.64	3.00547
0.37	0.65	3.0053
0.37	0.66	3.00512
0.37	0.67	3.00506
0.37	0.68	3.00473
0.37	0.69	3.00446
0.37	0.7	3.00427
0.37	0.71	3.00411
0.37	0.72	3.00396
0.37	0.73	3.00374
0.37	0.74	3.00355
0.37	0.75	3.00339
0.37	0.76	3.00323
0.37	0.77	3.00308
0.37	0.78	3.00294
0.37	0.79	3.00284
0.37	0.8	3.00276
0.37	0.81	3.00271
0.37	0.82	3.00259
0.37	0.83	3.00251
0.37	0.84	3.00248
0.37	0.85	3.00246
0.37	0.86	3.00246
0.37	0.87	3.00247
0.37	0.88	3.00245
0.37	0.89	3.00243
0.37	0.9	3.00241
0.37	0.91	3.0024
0.37	0.92	3.00237
0.37	0.93	3.00232
0.37	0.94	3.0023
0.37	0.95	3.00219
0.37	0.96	3.00215
0.37	0.97	3.00197
0.37	0.98	3.00197
0.37	0.99	3.00197


0.38	0	3.1473
0.38	0.01	3.1473
0.38	0.02	3.1473
0.38	0.03	3.1552
0.38	0.04	3.12185
0.38	0.05	3.12573
0.38	0.06	3.08438
0.38	0.07	3.05947
0.38	0.08	3.05266
0.38	0.09	3.04237
0.38	0.1	3.03843
0.38	0.11	3.01725
0.38	0.12	3.0125
0.38	0.13	3.0221
0.38	0.14	3.02777
0.38	0.15	3.01987
0.38	0.16	3.01847
0.38	0.17	3.02362
0.38	0.18	3.03241
0.38	0.19	3.03863
0.38	0.2	3.04039
0.38	0.21	3.03815
0.38	0.22	3.03948
0.38	0.23	3.04154
0.38	0.24	3.04036
0.38	0.25	3.0366
0.38	0.26	3.03137
0.38	0.27	3.02856
0.38	0.28	3.02762
0.38	0.29	3.02675
0.38	0.3	3.0239
0.38	0.31	3.02095
0.38	0.32	3.01921
0.38	0.33	3.01942
0.38	0.34	3.01897
0.38	0.35	3.0172
0.38	0.36	3.01547
0.38	0.37	3.0145
0.38	0.38	3.01466
0.38	0.39	3.01429
0.38	0.4	3.01313
0.38	0.41	3.01185
0.38	0.42	3.01124
0.38	0.43	3.01142
0.38	0.44	3.01128
0.38	0.45	3.0106
0.38	0.46	3.00974
0.38	0.47	3.00939
0.38	0.48	3.00952
0.38	0.49	3.00941
0.38	0.5	3.00901
0.38	0.51	3.00837
0.38	0.52	3.00817
0.38	0.53	3.00819
0.38	0.54	3.0081
0.38	0.55	3.00782
0.38	0.56	3.00742
0.38	0.57	3.00729
0.38	0.58	3.00726
0.38	0.59	3.00711
0.38	0.6	3.00693
0.38	0.61	3.00661
0.38	0.62	3.00643
0.38	0.63	3.00628
0.38	0.64	3.00606
0.38	0.65	3.00587
0.38	0.66	3.00559
0.38	0.67	3.00541
0.38	0.68	3.0053
0.38	0.69	3.00518
0.38	0.7	3.00494
0.38	0.71	3.00473
0.38	0.72	3.00442
0.38	0.73	3.00422
0.38	0.74	3.00404
0.38	0.75	3.00384
0.38	0.76	3.00364
0.38	0.77	3.00347
0.38	0.78	3.00332
0.38	0.79	3.00317
0.38	0.8	3.00302
0.38	0.81	3.0029
0.38	0.82	3.00282
0.38	0.83	3.00275
0.38	0.84	3.00266
0.38	0.85	3.00256
0.38	0.86	3.0025
0.38	0.87	3.00247
0.38	0.88	3.00247
0.38	0.89	3.00247
0.38	0.9	3.00245
0.38	0.91	3.00244
0.38	0.92	3.00244
0.38	0.93	3.00241
0.38	0.94	3.00239
0.38	0.95	3.00235
0.38	0.96	3.00233
0.38	0.97	3.00222
0.38	0.98	3.00222
0.38	0.99	3.00222


0.39	0	3.14346
0.39	0.01	3.14346
0.39	0.02	3.14346
0.39	0.03	3.14339
0.39	0.04	3.14808
0.39	0.05	3.1436
0.39	0.06	3.13407
0.39	0.07	3.14079
0.39	0.08	3.11441
0.39	0.09	3.08465
0.39	0.1	3.0621
0.39	0.11	3.05145
0.39	0.12	3.04928
0.39	0.13	3.03454
0.39	0.14	3.03386
0.39	0.15	3.03812
0.39	0.16	3.04564
0.39	0.17	3.051
0.39	0.18	3.04835
0.39	0.19	3.0433
0.39	0.2	3.04397
0.39	0.21	3.04365
0.39	0.22	3.04065
0.39	0.23	3.03595
0.39	0.24	3.03084
0.39	0.25	3.02798
0.39	0.26	3.0276
0.39	0.27	3.02624
0.39	0.28	3.0233
0.39	0.29	3.02069
0.39	0.3	3.01929
0.39	0.31	3.01967
0.39	0.32	3.01902
0.39	0.33	3.01714
0.39	0.34	3.01538
0.39	0.35	3.01465
0.39	0.36	3.01497
0.39	0.37	3.01452
0.39	0.38	3.01335
0.39	0.39	3.01229
0.39	0.4	3.01187
0.39	0.41	3.01208
0.39	0.42	3.01169
0.39	0.43	3.01086
0.39	0.44	3.01016
0.39	0.45	3.00999
0.39	0.46	3.01017
0.39	0.47	3.00997
0.39	0.48	3.00947
0.39	0.49	3.00903
0.39	0.5	3.00893
0.39	0.51	3.00895
0.39	0.52	3.00878
0.39	0.53	3.00841
0.39	0.54	3.00804
0.39	0.55	3.00799
0.39	0.56	3.00798
0.39	0.57	3.0078
0.39	0.58	3.00765
0.39	0.59	3.00738
0.39	0.6	3.00721
0.39	0.61	3.00708
0.39	0.62	3.00706
0.39	0.63	3.00681
0.39	0.64	3.00661
0.39	0.65	3.00642
0.39	0.66	3.00624
0.39	0.67	3.00606
0.39	0.68	3.00579
0.39	0.69	3.00558
0.39	0.7	3.0054
0.39	0.71	3.00521
0.39	0.72	3.00501
0.39	0.73	3.00487
0.39	0.74	3.0046
0.39	0.75	3.00436
0.39	0.76	3.00416
0.39	0.77	3.00397
0.39	0.78	3.00377
0.39	0.79	3.00359
0.39	0.8	3.00343
0.39	0.81	3.00328
0.39	0.82	3.00311
0.39	0.83	3.00298
0.39	0.84	3.00288
0.39	0.85	3.00281
0.39	0.86	3.00273
0.39	0.87	3.00263
0.39	0.88	3.00254
0.39	0.89	3.0025
0.39	0.9	3.00248
0.39	0.91	3.00247
0.39	0.92	3.00246
0.39	0.93	3.00245
0.39	0.94	3.00244
0.39	0.95	3.00242
0.39	0.96	3.00241
0.39	0.97	3.00236
0.39	0.98	3.00236
0.39	0.99	3.00236


0.4	0	3.14384
0.4	0.01	3.14384
0.4	0.02	3.14384
0.4	0.03	3.14335
0.4	0.04	3.14296
0.4	0.05	3.14451
0.4	0.06	3.14521
0.4	0.07	3.1426
0.4	0.08	3.14542
0.4	0.09	3.14369
0.4	0.1	3.13131
0.4	0.11	3.13061
0.4	0.12	3.10264
0.4	0.13	3.08912
0.4	0.14	3.07948
0.4	0.15	3.07066
0.4	0.16	3.05915
0.4	0.17	3.05375
0.4	0.18	3.05281
0.4	0.19	3.05118
0.4	0.2	3.04638
0.4	0.21	3.03975
0.4	0.22	3.03414
0.4	0.23	3.03071
0.4	0.24	3.02972
0.4	0.25	3.02728
0.4	0.26	3.02391
0.4	0.27	3.02119
0.4	0.28	3.0199
0.4	0.29	3.02013
0.4	0.3	3.01911
0.4	0.31	3.01716
0.4	0.32	3.01562
0.4	0.33	3.01514
0.4	0.34	3.01549
0.4	0.35	3.0148
0.4	0.36	3.01352
0.4	0.37	3.01256
0.4	0.38	3.01231
0.4	0.39	3.01253
0.4	0.4	3.01212
0.4	0.41	3.01135
0.4	0.42	3.01082
0.4	0.43	3.01078
0.4	0.44	3.0108
0.4	0.45	3.01052
0.4	0.46	3.0099
0.4	0.47	3.00961
0.4	0.48	3.00958
0.4	0.49	3.00956
0.4	0.5	3.00938
0.4	0.51	3.00899
0.4	0.52	3.0088
0.4	0.53	3.00877
0.4	0.54	3.0087
0.4	0.55	3.00854
0.4	0.56	3.00824
0.4	0.57	3.00802
0.4	0.58	3.00791
0.4	0.59	3.00781
0.4	0.6	3.00778
0.4	0.61	3.00755
0.4	0.62	3.00738
0.4	0.63	3.00725
0.4	0.64	3.00713
0.4	0.65	3.00695
0.4	0.66	3.0068
0.4	0.67	3.00656
0.4	0.68	3.00635
0.4	0.69	3.00615
0.4	0.7	3.00593
0.4	0.71	3.00571
0.4	0.72	3.00549
0.4	0.73	3.00531
0.4	0.74	3.00515
0.4	0.75	3.00498
0.4	0.76	3.00475
0.4	0.77	3.00454
0.4	0.78	3.00431
0.4	0.79	3.00411
0.4	0.8	3.00391
0.4	0.81	3.00372
0.4	0.82	3.00355
0.4	0.83	3.0034
0.4	0.84	3.00323
0.4	0.85	3.00307
0.4	0.86	3.00296
0.4	0.87	3.00287
0.4	0.88	3.00279
0.4	0.89	3.0027
0.4	0.9	3.0026
0.4	0.91	3.00252
0.4	0.92	3.00249
0.4	0.93	3.00247
0.4	0.94	3.00246
0.4	0.95	3.00245
0.4	0.96	3.00245
0.4	0.97	3.00243
0.4	0.98	3.00243
0.4	0.99	3.00243


0.41	0	3.14368
0.41	0.01	3.14368
0.41	0.02	3.14368
0.41	0.03	3.14395
0.41	0.04	3.14397
0.41	0.05	3.14383
0.41	0.06	3.14595
0.41	0.07	3.14878
0.41	0.08	3.1524
0.41	0.09	3.16051
0.41	0.1	3.17035
0.41	0.11	3.16934
0.41	0.12	3.16645
0.41	0.13	3.16572
0.41	0.14	3.14351
0.41	0.15	3.11943
0.41	0.16	3.09733
0.41	0.17	3.07843
0.41	0.18	3.05937
0.41	0.19	3.04804
0.41	0.2	3.04239
0.41	0.21	3.03956
0.41	0.22	3.03719
0.41	0.23	3.03378
0.41	0.24	3.02877
0.41	0.25	3.02523
0.41	0.26	3.02353
0.41	0.27	3.02241
0.41	0.28	3.02063
0.41	0.29	3.01813
0.41	0.3	3.01657
0.41	0.31	3.01601
0.41	0.32	3.0161
0.41	0.33	3.01522
0.41	0.34	3.01387
0.41	0.35	3.01308
0.41	0.36	3.01301
0.41	0.37	3.0131
0.41	0.38	3.0126
0.41	0.39	3.01173
0.41	0.4	3.01132
0.41	0.41	3.01135
0.41	0.42	3.01135
0.41	0.43	3.01108
0.41	0.44	3.01055
0.41	0.45	3.01035
0.41	0.46	3.01033
0.41	0.47	3.01022
0.41	0.48	3.00996
0.41	0.49	3.00955
0.41	0.5	3.00945
0.41	0.51	3.00943
0.41	0.52	3.00931
0.41	0.53	3.00919
0.41	0.54	3.00889
0.41	0.55	3.00876
0.41	0.56	3.00868
0.41	0.57	3.00861
0.41	0.58	3.00847
0.41	0.59	3.00819
0.41	0.6	3.00805
0.41	0.61	3.00796
0.41	0.62	3.00783
0.41	0.63	3.00766
0.41	0.64	3.00754
0.41	0.65	3.00734
0.41	0.66	3.00717
0.41	0.67	3.00702
0.41	0.68	3.00688
0.41	0.69	3.00668
0.41	0.7	3.00651
0.41	0.71	3.00629
0.41	0.72	3.00609
0.41	0.73	3.00586
0.41	0.74	3.00563
0.41	0.75	3.00544
0.41	0.76	3.00528
0.41	0.77	3.0051
0.41	0.78	3.0049
0.41	0.79	3.00471
0.41	0.8	3.00449
0.41	0.81	3.00428
0.41	0.82	3.00406
0.41	0.83	3.00385
0.41	0.84	3.00368
0.41	0.85	3.00352
0.41	0.86	3.00336
0.41	0.87	3.00318
0.41	0.88	3.00304
0.41	0.89	3.00293
0.41	0.9	3.00285
0.41	0.91	3.00276
0.41	0.92	3.00267
0.41	0.93	3.00257
0.41	0.94	3.00252
0.41	0.95	3.00248
0.41	0.96	3.00247
0.41	0.97	3.00246
0.41	0.98	3.00246
0.41	0.99	3.00246


0.42	0	3.14409
0.42	0.01	3.14409
0.42	0.02	3.14409
0.42	0.03	3.14506
0.42	0.04	3.14698
0.42	0.05	3.15214
0.42	0.06	3.15804
0.42	0.07	3.16333
0.42	0.08	3.17042
0.42	0.09	3.17412
0.42	0.1	3.17603
0.42	0.11	3.17959
0.42	0.12	3.17852
0.42	0.13	3.17528
0.42	0.14	3.17531
0.42	0.15	3.16477
0.42	0.16	3.14522
0.42	0.17	3.13347
0.42	0.18	3.10781
0.42	0.19	3.08458
0.42	0.2	3.06179
0.42	0.21	3.04588
0.42	0.22	3.03804
0.42	0.23	3.03473
0.42	0.24	3.03253
0.42	0.25	3.03014
0.42	0.26	3.02721
0.42	0.27	3.02311
0.42	0.28	3.02097
0.42	0.29	3.01969
0.42	0.3	3.01845
0.42	0.31	3.01692
0.42	0.32	3.01501
0.42	0.33	3.01419
0.42	0.34	3.01402
0.42	0.35	3.01383
0.42	0.36	3.01322
0.42	0.37	3.01234
0.42	0.38	3.01203
0.42	0.39	3.0121
0.42	0.4	3.012
0.42	0.41	3.01162
0.42	0.42	3.01108
0.42	0.43	3.01092
0.42	0.44	3.01092
0.42	0.45	3.01082
0.42	0.46	3.01059
0.42	0.47	3.01031
0.42	0.48	3.01021
0.42	0.49	3.01013
0.42	0.5	3.01001
0.42	0.51	3.00976
0.42	0.52	3.00951
0.42	0.53	3.00938
0.42	0.54	3.0093
0.42	0.55	3.00933
0.42	0.56	3.0091
0.42	0.57	3.00891
0.42	0.58	3.0088
0.42	0.59	3.00869
0.42	0.6	3.00858
0.42	0.61	3.00837
0.42	0.62	3.00816
0.42	0.63	3.008
0.42	0.64	3.00786
0.42	0.65	3.00774
0.42	0.66	3.0076
0.42	0.67	3.00744
0.42	0.68	3.0073
0.42	0.69	3.00713
0.42	0.7	3.00696
0.42	0.71	3.00679
0.42	0.72	3.00664
0.42	0.73	3.00644
0.42	0.74	3.00625
0.42	0.75	3.00602
0.42	0.76	3.0058
0.42	0.77	3.00559
0.42	0.78	3.0054
0.42	0.79	3.00522
0.42	0.8	3.00504
0.42	0.81	3.00486
0.42	0.82	3.00465
0.42	0.83	3.00445
0.42	0.84	3.00422
0.42	0.85	3.00399
0.42	0.86	3.00381
0.42	0.87	3.00363
0.42	0.88	3.00348
0.42	0.89	3.0033
0.42	0.9	3.00314
0.42	0.91	3.003
0.42	0.92	3.00291
0.42	0.93	3.00282
0.42	0.94	3.00274
0.42	0.95	3.00263
0.42	0.96	3.00257
0.42	0.97	3.0025
0.42	0.98	3.0025
0.42	0.99	3.0025


0.43	0	3.14831
0.43	0.01	3.14831
0.43	0.02	3.14831
0.43	0.03	3.15641
0.43	0.04	3.16167
0.43	0.05	3.16872
0.43	0.06	3.17172
0.43	0.07	3.17689
0.43	0.08	3.17697
0.43	0.09	3.17791
0.43	0.1	3.17684
0.43	0.11	3.17525
0.43	0.12	3.17344
0.43	0.13	3.17005
0.43	0.14	3.16594
0.43	0.15	3.16612
0.43	0.16	3.16515
0.43	0.17	3.15788
0.43	0.18	3.15102
0.43	0.19	3.13906
0.43	0.2	3.11767
0.43	0.21	3.10357
0.43	0.22	3.07603
0.43	0.23	3.05197
0.43	0.24	3.03922
0.43	0.25	3.03353
0.43	0.26	3.03061
0.43	0.27	3.02831
0.43	0.28	3.02641
0.43	0.29	3.0232
0.43	0.3	3.02026
0.43	0.31	3.01867
0.43	0.32	3.01749
0.43	0.33	3.01641
0.43	0.34	3.01481
0.43	0.35	3.0136
0.43	0.36	3.01325
0.43	0.37	3.01309
0.43	0.38	3.01285
0.43	0.39	3.0123
0.43	0.4	3.01181
0.43	0.41	3.01168
0.43	0.42	3.01164
0.43	0.43	3.01152
0.43	0.44	3.01119
0.43	0.45	3.01091
0.43	0.46	3.01081
0.43	0.47	3.01071
0.43	0.48	3.01068
0.43	0.49	3.01044
0.43	0.5	3.01025
0.43	0.51	3.01014
0.43	0.52	3.01008
0.43	0.53	3.00997
0.43	0.54	3.0097
0.43	0.55	3.00952
0.43	0.56	3.00943
0.43	0.57	3.00934
0.43	0.58	3.00919
0.43	0.59	3.00905
0.43	0.6	3.00887
0.43	0.61	3.00874
0.43	0.62	3.00862
0.43	0.63	3.00846
0.43	0.64	3.0083
0.43	0.65	3.0081
0.43	0.66	3.00796
0.43	0.67	3.00782
0.43	0.68	3.00768
0.43	0.69	3.00755
0.43	0.7	3.00741
0.43	0.71	3.00725
0.43	0.72	3.00708
0.43	0.73	3.00693
0.43	0.74	3.00676
0.43	0.75	3.00658
0.43	0.76	3.0064
0.43	0.77	3.00618
0.43	0.78	3.00598
0.43	0.79	3.00575
0.43	0.8	3.00554
0.43	0.81	3.00536
0.43	0.82	3.00518
0.43	0.83	3.00499
0.43	0.84	3.00479
0.43	0.85	3.0046
0.43	0.86	3.00438
0.43	0.87	3.00415
0.43	0.88	3.00395
0.43	0.89	3.00376
0.43	0.9	3.0036
0.43	0.91	3.00342
0.43	0.92	3.00327
0.43	0.93	3.00309
0.43	0.94	3.00299
0.43	0.95	3.00288
0.43	0.96	3.00281
0.43	0.97	3.00267
0.43	0.98	3.00267
0.43	0.99	3.00267


0.44	0	3.1624
0.44	0.01	3.1624
0.44	0.02	3.1624
0.44	0.03	3.17287
0.44	0.04	3.17364
0.44	0.05	3.17697
0.44	0.06	3.17742
0.44	0.07	3.1773
0.44	0.08	3.17584
0.44	0.09	3.17358
0.44	0.1	3.17133
0.44	0.11	3.16833
0.44	0.12	3.16519
0.44	0.13	3.16479
0.44	0.14	3.16316
0.44	0.15	3.1603
0.44	0.16	3.1586
0.44	0.17	3.1586
0.44	0.18	3.15764
0.44	0.19	3.15481
0.44	0.2	3.15374
0.44	0.21	3.14198
0.44	0.22	3.13298
0.44	0.23	3.11777
0.44	0.24	3.09392
0.44	0.25	3.07048
0.44	0.26	3.04676
0.44	0.27	3.03576
0.44	0.28	3.03092
0.44	0.29	3.02834
0.44	0.3	3.02639
0.44	0.31	3.02386
0.44	0.32	3.02113
0.44	0.33	3.01887
0.44	0.34	3.01758
0.44	0.35	3.01655
0.44	0.36	3.01524
0.44	0.37	3.01379
0.44	0.38	3.01313
0.44	0.39	3.01287
0.44	0.4	3.01267
0.44	0.41	3.01239
0.44	0.42	3.01192
0.44	0.43	3.01167
0.44	0.44	3.01157
0.44	0.45	3.01146
0.44	0.46	3.01137
0.44	0.47	3.01103
0.44	0.48	3.01085
0.44	0.49	3.01077
0.44	0.5	3.01075
0.44	0.51	3.0106
0.44	0.52	3.01044
0.44	0.53	3.01027
0.44	0.54	3.01016
0.44	0.55	3.01005
0.44	0.56	3.00983
0.44	0.57	3.00966
0.44	0.58	3.00949
0.44	0.59	3.00935
0.44	0.6	3.00922
0.44	0.61	3.00914
0.44	0.62	3.00899
0.44	0.63	3.00884
0.44	0.64	3.00869
0.44	0.65	3.00854
0.44	0.66	3.00843
0.44	0.67	3.00824
0.44	0.68	3.00807
0.44	0.69	3.00792
0.44	0.7	3.00778
0.44	0.71	3.00766
0.44	0.72	3.00752
0.44	0.73	3.00737
0.44	0.74	3.00721
0.44	0.75	3.00705
0.44	0.76	3.00689
0.44	0.77	3.00672
0.44	0.78	3.00653
0.44	0.79	3.00633
0.44	0.8	3.00615
0.44	0.81	3.00591
0.44	0.82	3.00569
0.44	0.83	3.0055
0.44	0.84	3.00531
0.44	0.85	3.00513
0.44	0.86	3.00494
0.44	0.87	3.00474
0.44	0.88	3.00454
0.44	0.89	3.00432
0.44	0.9	3.00411
0.44	0.91	3.00389
0.44	0.92	3.00373
0.44	0.93	3.00354
0.44	0.94	3.00339
0.44	0.95	3.00319
0.44	0.96	3.0031
0.44	0.97	3.00291
0.44	0.98	3.00291
0.44	0.99	3.00291


0.45	0	3.17264
0.45	0.01	3.17264
0.45	0.02	3.17264
0.45	0.03	3.17606
0.45	0.04	3.17582
0.45	0.05	3.17641
0.45	0.06	3.17459
0.45	0.07	3.17191
0.45	0.08	3.16909
0.45	0.09	3.16726
0.45	0.1	3.16481
0.45	0.11	3.1629
0.45	0.12	3.16137
0.45	0.13	3.16001
0.45	0.14	3.15839
0.45	0.15	3.15726
0.45	0.16	3.15703
0.45	0.17	3.15616
0.45	0.18	3.15466
0.45	0.19	3.15328
0.45	0.2	3.1539
0.45	0.21	3.15455
0.45	0.22	3.14986
0.45	0.23	3.14385
0.45	0.24	3.14431
0.45	0.25	3.12963
0.45	0.26	3.11154
0.45	0.27	3.09428
0.45	0.28	3.06384
0.45	0.29	3.0436
0.45	0.3	3.03422
0.45	0.31	3.02988
0.45	0.32	3.02722
0.45	0.33	3.0249
0.45	0.34	3.02269
0.45	0.35	3.01994
0.45	0.36	3.01826
0.45	0.37	3.01709
0.45	0.38	3.0159
0.45	0.39	3.01449
0.45	0.4	3.01344
0.45	0.41	3.01298
0.45	0.42	3.01272
0.45	0.43	3.01251
0.45	0.44	3.01217
0.45	0.45	3.0118
0.45	0.46	3.01164
0.45	0.47	3.01156
0.45	0.48	3.01146
0.45	0.49	3.01124
0.45	0.5	3.01107
0.45	0.51	3.01089
0.45	0.52	3.01076
0.45	0.53	3.01063
0.45	0.54	3.01054
0.45	0.55	3.01037
0.45	0.56	3.01023
0.45	0.57	3.01009
0.45	0.58	3.00992
0.45	0.59	3.00979
0.45	0.6	3.0096
0.45	0.61	3.00943
0.45	0.62	3.00931
0.45	0.63	3.00921
0.45	0.64	3.00909
0.45	0.65	3.00894
0.45	0.66	3.00879
0.45	0.67	3.00866
0.45	0.68	3.00852
0.45	0.69	3.00836
0.45	0.7	3.00821
0.45	0.71	3.00803
0.45	0.72	3.00789
0.45	0.73	3.00776
0.45	0.74	3.00762
0.45	0.75	3.00748
0.45	0.76	3.00732
0.45	0.77	3.00717
0.45	0.78	3.00701
0.45	0.79	3.00684
0.45	0.8	3.00666
0.45	0.81	3.00648
0.45	0.82	3.00629
0.45	0.83	3.00607
0.45	0.84	3.00586
0.45	0.85	3.00564
0.45	0.86	3.00545
0.45	0.87	3.00526
0.45	0.88	3.00508
0.45	0.89	3.00489
0.45	0.9	3.00469
0.45	0.91	3.00448
0.45	0.92	3.00427
0.45	0.93	3.00404
0.45	0.94	3.00387
0.45	0.95	3.00365
0.45	0.96	3.00353
0.45	0.97	3.00326
0.45	0.98	3.00326
0.45	0.99	3.00326


0.46	0	3.17487
0.46	0.01	3.17487
0.46	0.02	3.17487
0.46	0.03	3.1743
0.46	0.04	3.17096
0.46	0.05	3.16894
0.46	0.06	3.16623
0.46	0.07	3.16468
0.46	0.08	3.16314
0.46	0.09	3.16184
0.46	0.1	3.16017
0.46	0.11	3.15927
0.46	0.12	3.15815
0.46	0.13	3.157
0.46	0.14	3.15594
0.46	0.15	3.15504
0.46	0.16	3.1545
0.46	0.17	3.15362
0.46	0.18	3.15325
0.46	0.19	3.15272
0.46	0.2	3.1521
0.46	0.21	3.15172
0.46	0.22	3.15228
0.46	0.23	3.15078
0.46	0.24	3.14815
0.46	0.25	3.1513
0.46	0.26	3.14535
0.46	0.27	3.13487
0.46	0.28	3.12687
0.46	0.29	3.11627
0.46	0.3	3.08844
0.46	0.31	3.06061
0.46	0.32	3.04185
0.46	0.33	3.03326
0.46	0.34	3.02908
0.46	0.35	3.02654
0.46	0.36	3.02431
0.46	0.37	3.0216
0.46	0.38	3.01939
0.46	0.39	3.01797
0.46	0.4	3.01676
0.46	0.41	3.01543
0.46	0.42	3.01405
0.46	0.43	3.01332
0.46	0.44	3.01297
0.46	0.45	3.01273
0.46	0.46	3.01241
0.46	0.47	3.01206
0.46	0.48	3.01182
0.46	0.49	3.01167
0.46	0.5	3.0115
0.46	0.51	3.01133
0.46	0.52	3.0112
0.46	0.53	3.01098
0.46	0.54	3.01082
0.46	0.55	3.01069
0.46	0.56	3.01059
0.46	0.57	3.01046
0.46	0.58	3.01033
0.46	0.59	3.01017
0.46	0.6	3.01005
0.46	0.61	3.00989
0.46	0.62	3.00972
0.46	0.63	3.00955
0.46	0.64	3.0094
0.46	0.65	3.00929
0.46	0.66	3.00917
0.46	0.67	3.00904
0.46	0.68	3.00891
0.46	0.69	3.00877
0.46	0.7	3.00863
0.46	0.71	3.00848
0.46	0.72	3.00833
0.46	0.73	3.00816
0.46	0.74	3.008
0.46	0.75	3.00786
0.46	0.76	3.00772
0.46	0.77	3.00757
0.46	0.78	3.00743
0.46	0.79	3.00729
0.46	0.8	3.00713
0.46	0.81	3.00696
0.46	0.82	3.00679
0.46	0.83	3.00662
0.46	0.84	3.00643
0.46	0.85	3.00623
0.46	0.86	3.00603
0.46	0.87	3.0058
0.46	0.88	3.0056
0.46	0.89	3.0054
0.46	0.9	3.00522
0.46	0.91	3.00503
0.46	0.92	3.00484
0.46	0.93	3.00463
0.46	0.94	3.00444
0.46	0.95	3.00418
0.46	0.96	3.00404
0.46	0.97	3.00372
0.46	0.98	3.00372
0.46	0.99	3.00372


0.47	0	3.1707
0.47	0.01	3.1707
0.47	0.02	3.1707
0.47	0.03	3.16657
0.47	0.04	3.16486
0.47	0.05	3.16272
0.47	0.06	3.16067
0.47	0.07	3.15934
0.47	0.08	3.15804
0.47	0.09	3.15692
0.47	0.1	3.15631
0.47	0.11	3.15579
0.47	0.12	3.15521
0.47	0.13	3.15443
0.47	0.14	3.1543
0.47	0.15	3.15367
0.47	0.16	3.15277
0.47	0.17	3.15196
0.47	0.18	3.15211
0.47	0.19	3.15177
0.47	0.2	3.1513
0.47	0.21	3.15043
0.47	0.22	3.15057
0.47	0.23	3.1512
0.47	0.24	3.15086
0.47	0.25	3.14891
0.47	0.26	3.14914
0.47	0.27	3.1523
0.47	0.28	3.14653
0.47	0.29	3.13963
0.47	0.3	3.13851
0.47	0.31	3.12878
0.47	0.32	3.10667
0.47	0.33	3.08995
0.47	0.34	3.05806
0.47	0.35	3.04055
0.47	0.36	3.03257
0.47	0.37	3.0288
0.47	0.38	3.02622
0.47	0.39	3.0235
0.47	0.4	3.02086
0.47	0.41	3.01912
0.47	0.42	3.01781
0.47	0.43	3.01647
0.47	0.44	3.01497
0.47	0.45	3.01388
0.47	0.46	3.01329
0.47	0.47	3.01292
0.47	0.48	3.01259
0.47	0.49	3.01229
0.47	0.5	3.01196
0.47	0.51	3.01174
0.47	0.52	3.01158
0.47	0.53	3.01144
0.47	0.54	3.01129
0.47	0.55	3.0111
0.47	0.56	3.01093
0.47	0.57	3.01079
0.47	0.58	3.01066
0.47	0.59	3.01054
0.47	0.6	3.01042
0.47	0.61	3.01028
0.47	0.62	3.01016
0.47	0.63	3.01001
0.47	0.64	3.00985
0.47	0.65	3.00968
0.47	0.66	3.00952
0.47	0.67	3.00939
0.47	0.68	3.00926
0.47	0.69	3.00913
0.47	0.7	3.00901
0.47	0.71	3.00887
0.47	0.72	3.00874
0.47	0.73	3.00859
0.47	0.74	3.00844
0.47	0.75	3.00828
0.47	0.76	3.00813
0.47	0.77	3.00797
0.47	0.78	3.00782
0.47	0.79	3.00767
0.47	0.8	3.00755
0.47	0.81	3.0074
0.47	0.82	3.00724
0.47	0.83	3.00709
0.47	0.84	3.00693
0.47	0.85	3.00675
0.47	0.86	3.00656
0.47	0.87	3.00638
0.47	0.88	3.00619
0.47	0.89	3.00596
0.47	0.9	3.00576
0.47	0.91	3.00554
0.47	0.92	3.00536
0.47	0.93	3.00516
0.47	0.94	3.00499
0.47	0.95	3.00475
0.47	0.96	3.00462
0.47	0.97	3.00427
0.47	0.98	3.00427
0.47	0.99	3.00427


0.48	0	3.16432
0.48	0.01	3.16432
0.48	0.02	3.16432
0.48	0.03	3.16105
0.48	0.04	3.16011
0.48	0.05	3.15825
0.48	0.06	3.15734
0.48	0.07	3.15613
0.48	0.08	3.15486
0.48	0.09	3.15378
0.48	0.1	3.15333
0.48	0.11	3.15268
0.48	0.12	3.1521
0.48	0.13	3.15183
0.48	0.14	3.152
0.48	0.15	3.15179
0.48	0.16	3.15172
0.48	0.17	3.15146
0.48	0.18	3.15117
0.48	0.19	3.15063
0.48	0.2	3.15056
0.48	0.21	3.15062
0.48	0.22	3.15023
0.48	0.23	3.14964
0.48	0.24	3.14993
0.48	0.25	3.15044
0.48	0.26	3.14967
0.48	0.27	3.14905
0.48	0.28	3.15049
0.48	0.29	3.15027
0.48	0.3	3.14639
0.48	0.31	3.14663
0.48	0.32	3.14461
0.48	0.33	3.13405
0.48	0.34	3.12141
0.48	0.35	3.11317
0.48	0.36	3.08427
0.48	0.37	3.05704
0.48	0.38	3.03951
0.48	0.39	3.0323
0.48	0.4	3.02879
0.48	0.41	3.0257
0.48	0.42	3.02265
0.48	0.43	3.02046
0.48	0.44	3.0189
0.48	0.45	3.01751
0.48	0.46	3.01603
0.48	0.47	3.01458
0.48	0.48	3.01368
0.48	0.49	3.01317
0.48	0.5	3.01282
0.48	0.51	3.01252
0.48	0.52	3.01216
0.48	0.53	3.01188
0.48	0.54	3.0117
0.48	0.55	3.01155
0.48	0.56	3.01139
0.48	0.57	3.01122
0.48	0.58	3.01107
0.48	0.59	3.01089
0.48	0.6	3.01076
0.48	0.61	3.01063
0.48	0.62	3.01051
0.48	0.63	3.0104
0.48	0.64	3.01027
0.48	0.65	3.01012
0.48	0.66	3.00996
0.48	0.67	3.00982
0.48	0.68	3.00964
0.48	0.69	3.00948
0.48	0.7	3.00935
0.48	0.71	3.00923
0.48	0.72	3.0091
0.48	0.73	3.00897
0.48	0.74	3.00884
0.48	0.75	3.00869
0.48	0.76	3.00856
0.48	0.77	3.0084
0.48	0.78	3.00824
0.48	0.79	3.00808
0.48	0.8	3.00793
0.48	0.81	3.00778
0.48	0.82	3.00765
0.48	0.83	3.0075
0.48	0.84	3.00735
0.48	0.85	3.00721
0.48	0.86	3.00705
0.48	0.87	3.00688
0.48	0.88	3.0067
0.48	0.89	3.00653
0.48	0.9	3.00633
0.48	0.91	3.00612
0.48	0.92	3.00592
0.48	0.93	3.00569
0.48	0.94	3.00552
0.48	0.95	3.00527
0.48	0.96	3.00516
0.48	0.97	3.00483
0.48	0.98	3.00483
0.48	0.99	3.00483


0.49	0	3.1597
0.49	0.01	3.1597
0.49	0.02	3.1597
0.49	0.03	3.15737
0.49	0.04	3.15668
0.49	0.05	3.15513
0.49	0.06	3.1544
0.49	0.07	3.15341
0.49	0.08	3.15271
0.49	0.09	3.15217
0.49	0.1	3.15155
0.49	0.11	3.15086
0.49	0.12	3.15042
0.49	0.13	3.15019
0.49	0.14	3.14983
0.49	0.15	3.14956
0.49	0.16	3.14974
0.49	0.17	3.14997
0.49	0.18	3.15018
0.49	0.19	3.15021
0.49	0.2	3.15026
0.49	0.21	3.14998
0.49	0.22	3.14992
0.49	0.23	3.14995
0.49	0.24	3.14973
0.49	0.25	3.14953
0.49	0.26	3.14968
0.49	0.27	3.14965
0.49	0.28	3.14934
0.49	0.29	3.14974
0.49	0.3	3.15028
0.49	0.31	3.14874
0.49	0.32	3.14791
0.49	0.33	3.15132
0.49	0.34	3.14522
0.49	0.35	3.13726
0.49	0.36	3.13739
0.49	0.37	3.12577
0.49	0.38	3.10322
0.49	0.39	3.08586
0.49	0.4	3.0543
0.49	0.41	3.03884
0.49	0.42	3.03256
0.49	0.43	3.02839
0.49	0.44	3.02473
0.49	0.45	3.02198
0.49	0.46	3.0201
0.49	0.47	3.01861
0.49	0.48	3.01718
0.49	0.49	3.01556
0.49	0.5	3.01428
0.49	0.51	3.01354
0.49	0.52	3.01311
0.49	0.53	3.01277
0.49	0.54	3.01239
0.49	0.55	3.01207
0.49	0.56	3.01185
0.49	0.57	3.01167
0.49	0.58	3.0115
0.49	0.59	3.01134
0.49	0.6	3.0112
0.49	0.61	3.01102
0.49	0.62	3.01087
0.49	0.63	3.01073
0.49	0.64	3.0106
0.49	0.65	3.01049
0.49	0.66	3.01036
0.49	0.67	3.01022
0.49	0.68	3.01008
0.49	0.69	3.00993
0.49	0.7	3.00976
0.49	0.71	3.0096
0.49	0.72	3.00945
0.49	0.73	3.00932
0.49	0.74	3.0092
0.49	0.75	3.00907
0.49	0.76	3.00893
0.49	0.77	3.0088
0.49	0.78	3.00867
0.49	0.79	3.00852
0.49	0.8	3.00836
0.49	0.81	3.0082
0.49	0.82	3.00805
0.49	0.83	3.0079
0.49	0.84	3.00775
0.49	0.85	3.0076
0.49	0.86	3.00746
0.49	0.87	3.00733
0.49	0.88	3.00717
0.49	0.89	3.007
0.49	0.9	3.00684
0.49	0.91	3.00666
0.49	0.92	3.00648
0.49	0.93	3.00627
0.49	0.94	3.00609
0.49	0.95	3.00582
0.49	0.96	3.00569
0.49	0.97	3.00536
0.49	0.98	3.00536
0.49	0.99	3.00536


0.5	0	3.15639
0.5	0.01	3.15639
0.5	0.02	3.15639
0.5	0.03	3.15458
0.5	0.04	3.15404
0.5	0.05	3.15301
0.5	0.06	3.15233
0.5	0.07	3.15159
0.5	0.08	3.15113
0.5	0.09	3.15059
0.5	0.1	3.15008
0.5	0.11	3.1497
0.5	0.12	3.14959
0.5	0.13	3.14921
0.5	0.14	3.14886
0.5	0.15	3.14872
0.5	0.16	3.14862
0.5	0.17	3.14851
0.5	0.18	3.14851
0.5	0.19	3.1488
0.5	0.2	3.14909
0.5	0.21	3.14947
0.5	0.22	3.14967
0.5	0.23	3.1497
0.5	0.24	3.14968
0.5	0.25	3.14962
0.5	0.26	3.14954
0.5	0.27	3.1496
0.5	0.28	3.14953
0.5	0.29	3.14931
0.5	0.3	3.14947
0.5	0.31	3.14987
0.5	0.32	3.14943
0.5	0.33	3.14885
0.5	0.34	3.15049
0.5	0.35	3.14979
0.5	0.36	3.1453
0.5	0.37	3.1457
0.5	0.38	3.14314
0.5	0.39	3.13222
0.5	0.4	3.11887
0.5	0.41	3.11009
0.5	0.42	3.07956
0.5	0.43	3.05283
0.5	0.44	3.0391
0.5	0.45	3.03229
0.5	0.46	3.02746
0.5	0.47	3.02391
0.5	0.48	3.02152
0.5	0.49	3.01983
0.5	0.5	3.01834
0.5	0.51	3.01677
0.5	0.52	3.01513
0.5	0.53	3.01405
0.5	0.54	3.01347
0.5	0.55	3.01307
0.5	0.56	3.01267
0.5	0.57	3.01229
0.5	0.58	3.01202
0.5	0.59	3.01181
0.5	0.6	3.01163
0.5	0.61	3.01147
0.5	0.62	3.01132
0.5	0.63	3.01115
0.5	0.64	3.01098
0.5	0.65	3.01083
0.5	0.66	3.0107
0.5	0.67	3.01058
0.5	0.68	3.01045
0.5	0.69	3.01031
0.5	0.7	3.01019
0.5	0.71	3.01005
0.5	0.72	3.00989
0.5	0.73	3.00972
0.5	0.74	3.00956
0.5	0.75	3.00942
0.5	0.76	3.00929
0.5	0.77	3.00916
0.5	0.78	3.00903
0.5	0.79	3.00891
0.5	0.8	3.00877
0.5	0.81	3.00863
0.5	0.82	3.00848
0.5	0.83	3.00832
0.5	0.84	3.00817
0.5	0.85	3.00801
0.5	0.86	3.00785
0.5	0.87	3.00771
0.5	0.88	3.00757
0.5	0.89	3.00743
0.5	0.9	3.00728
0.5	0.91	3.00713
0.5	0.92	3.00697
0.5	0.93	3.00679
0.5	0.94	3.00663
0.5	0.95	3.00639
0.5	0.96	3.00627
0.5	0.97	3.00592
0.5	0.98	3.00592
0.5	0.99	3.00592


