0	0	3
0	0.01	3.00001
0	0.02	3.00001
0	0.03	3.00002
0	0.04	3.00003
0	0.05	3.00005
0	0.06	3.00008
0	0.07	3.00012
0	0.08	3.00018
0	0.09	3.00027
0	0.1	3.00041
0	0.11	3.0006
0	0.12	3.00088
0	0.13	3.00128
0	0.14	3.00183
0	0.15	3.0026
0	0.16	3.00366
0	0.17	3.00509
0	0.18	3.007
0	0.19	3.00955
0	0.2	3.01289
0	0.21	3.01723
0	0.22	3.02279
0	0.23	3.02986
0	0.24	3.03873
0	0.25	3.04972
0	0.26	3.06321
0	0.27	3.07956
0	0.28	3.09914
0	0.29	3.1223
0	0.3	3.14938
0	0.31	3.18064
0	0.32	3.21627
0	0.33	3.25634
0	0.34	3.30082
0	0.35	3.3495
0	0.36	3.40202
0	0.37	3.45783
0	0.38	3.51621
0	0.39	3.57623
0	0.4	3.63683
0	0.41	3.6968
0	0.42	3.75484
0	0.43	3.80957
0	0.44	3.85963
0	0.45	3.90371
0	0.46	3.94059
0	0.47	3.96923
0	0.48	3.98881
0	0.49	3.99875
0	0.5	3.99875
0	0.51	3.98881
0	0.52	3.96923
0	0.53	3.94059
0	0.54	3.90371
0	0.55	3.85963
0	0.56	3.80957
0	0.57	3.75484
0	0.58	3.6968
0	0.59	3.63683
0	0.6	3.57623
0	0.61	3.51621
0	0.62	3.45783
0	0.63	3.40202
0	0.64	3.3495
0	0.65	3.30082
0	0.66	3.25634
0	0.67	3.21627
0	0.68	3.18064
0	0.69	3.14938
0	0.7	3.1223
0	0.71	3.09914
0	0.72	3.07956
0	0.73	3.06321
0	0.74	3.04972
0	0.75	3.03873
0	0.76	3.02986
0	0.77	3.02279
0	0.78	3.01723
0	0.79	3.01289
0	0.8	3.00955
0	0.81	3.007
0	0.82	3.00509
0	0.83	3.00366
0	0.84	3.0026
0	0.85	3.00183
0	0.86	3.00128
0	0.87	3.00088
0	0.88	3.0006
0	0.89	3.00041
0	0.9	3.00027
0	0.91	3.00018
0	0.92	3.00012
0	0.93	3.00008
0	0.94	3.00005
0	0.95	3.00003
0	0.96	3.00002
0	0.97	3.00001
0	0.98	3.00001
0	0.99	3


0.01	0	3.00001
0.01	0.01	3.00001
0.01	0.02	3.00001
0.01	0.03	3.00002
0.01	0.04	3.00003
0.01	0.05	3.00005
0.01	0.06	3.00008
0.01	0.07	3.00012
0.01	0.08	3.00018
0.01	0.09	3.00027
0.01	0.1	3.00041
0.01	0.11	3.0006
0.01	0.12	3.00088
0.01	0.13	3.00128
0.01	0.14	3.00183
0.01	0.15	3.0026
0.01	0.16	3.00366
0.01	0.17	3.00509
0.01	0.18	3.007
0.01	0.19	3.00955
0.01	0.2	3.01289
0.01	0.21	3.01723
0.01	0.22	3.02279
0.01	0.23	3.02986
0.01	0.24	3.03873
0.01	0.25	3.04972
0.01	0.26	3.06321
0.01	0.27	3.07956
0.01	0.28	3.09914
0.01	0.29	3.1223
0.01	0.3	3.14938
0.01	0.31	3.18064
0.01	0.32	3.21627
0.01	0.33	3.25634
0.01	0.34	3.30082
0.01	0.35	3.3495
0.01	0.36	3.40202
0.01	0.37	3.45783
0.01	0.38	3.51621
0.01	0.39	3.57623
0.01	0.4	3.63683
0.01	0.41	3.6968
0.01	0.42	3.75484
0.01	0.43	3.80957
0.01	0.44	3.85963
0.01	0.45	3.90371
0.01	0.46	3.94059
0.01	0.47	3.96923
0.01	0.48	3.98881
0.01	0.49	3.99875
0.01	0.5	3.99875
0.01	0.51	3.98881
0.01	0.52	3.96923
0.01	0.53	3.94059
0.01	0.54	3.90371
0.01	0.55	3.85963
0.01	0.56	3.80957
0.01	0.57	3.75484
0.01	0.58	3.6968
0.01	0.59	3.63683
0.01	0.6	3.57623
0.01	0.61	3.51621
0.01	0.62	3.45783
0.01	0.63	3.40202
0.01	0.64	3.3495
0.01	0.65	3.30082
0.01	0.66	3.25634
0.01	0.67	3.21627
0.01	0.68	3.18064
0.01	0.69	3.14938
0.01	0.7	3.1223
0.01	0.71	3.09914
0.01	0.72	3.07956
0.01	0.73	3.06321
0.01	0.74	3.04972
0.01	0.75	3.03873
0.01	0.76	3.02986
0.01	0.77	3.02279
0.01	0.78	3.01723
0.01	0.79	3.01289
0.01	0.8	3.00955
0.01	0.81	3.007
0.01	0.82	3.00509
0.01	0.83	3.00366
0.01	0.84	3.0026
0.01	0.85	3.00183
0.01	0.86	3.00128
0.01	0.87	3.00088
0.01	0.88	3.0006
0.01	0.89	3.00041
0.01	0.9	3.00027
0.01	0.91	3.00018
0.01	0.92	3.00012
0.01	0.93	3.00008
0.01	0.94	3.00005
0.01	0.95	3.00003
0.01	0.96	3.00002
0.01	0.97	3.00001
0.01	0.98	3.00001
0.01	0.99	3.00001


0.02	0	3.00001
0.02	0.01	3.00001
0.02	0.02	3.00001
0.02	0.03	3.00002
0.02	0.04	3.00003
0.02	0.05	3.00005
0.02	0.06	3.00008
0.02	0.07	3.00012
0.02	0.08	3.00018
0.02	0.09	3.00027
0.02	0.1	3.00041
0.02	0.11	3.0006
0.02	0.12	3.00088
0.02	0.13	3.00128
0.02	0.14	3.00183
0.02	0.15	3.0026
0.02	0.16	3.00366
0.02	0.17	3.00509
0.02	0.18	3.007
0.02	0.19	3.00955
0.02	0.2	3.01289
0.02	0.21	3.01723
0.02	0.22	3.02279
0.02	0.23	3.02986
0.02	0.24	3.03873
0.02	0.25	3.04972
0.02	0.26	3.06321
0.02	0.27	3.07956
0.02	0.28	3.09914
0.02	0.29	3.1223
0.02	0.3	3.14938
0.02	0.31	3.18064
0.02	0.32	3.21627
0.02	0.33	3.25634
0.02	0.34	3.30082
0.02	0.35	3.3495
0.02	0.36	3.40202
0.02	0.37	3.45783
0.02	0.38	3.51621
0.02	0.39	3.57623
0.02	0.4	3.63683
0.02	0.41	3.6968
0.02	0.42	3.75484
0.02	0.43	3.80957
0.02	0.44	3.85963
0.02	0.45	3.90371
0.02	0.46	3.94059
0.02	0.47	3.96923
0.02	0.48	3.98881
0.02	0.49	3.99875
0.02	0.5	3.99875
0.02	0.51	3.98881
0.02	0.52	3.96923
0.02	0.53	3.94059
0.02	0.54	3.90371
0.02	0.55	3.85963
0.02	0.56	3.80957
0.02	0.57	3.75484
0.02	0.58	3.6968
0.02	0.59	3.63683
0.02	0.6	3.57623
0.02	0.61	3.51621
0.02	0.62	3.45783
0.02	0.63	3.40202
0.02	0.64	3.3495
0.02	0.65	3.30082
0.02	0.66	3.25634
0.02	0.67	3.21627
0.02	0.68	3.18064
0.02	0.69	3.14938
0.02	0.7	3.1223
0.02	0.71	3.09914
0.02	0.72	3.07956
0.02	0.73	3.06321
0.02	0.74	3.04972
0.02	0.75	3.03873
0.02	0.76	3.02986
0.02	0.77	3.02279
0.02	0.78	3.01723
0.02	0.79	3.01289
0.02	0.8	3.00955
0.02	0.81	3.007
0.02	0.82	3.00509
0.02	0.83	3.00366
0.02	0.84	3.0026
0.02	0.85	3.00183
0.02	0.86	3.00128
0.02	0.87	3.00088
0.02	0.88	3.0006
0.02	0.89	3.00041
0.02	0.9	3.00027
0.02	0.91	3.00018
0.02	0.92	3.00012
0.02	0.93	3.00008
0.02	0.94	3.00005
0.02	0.95	3.00003
0.02	0.96	3.00002
0.02	0.97	3.00001
0.02	0.98	3.00001
0.02	0.99	3.00001


0.03	0	3.00001
0.03	0.01	3.00001
0.03	0.02	3.00001
0.03	0.03	3.00002
0.03	0.04	3.00003
0.03	0.05	3.00005
0.03	0.06	3.00008
0.03	0.07	3.00012
0.03	0.08	3.00018
0.03	0.09	3.00027
0.03	0.1	3.00041
0.03	0.11	3.0006
0.03	0.12	3.00088
0.03	0.13	3.00128
0.03	0.14	3.00183
0.03	0.15	3.0026
0.03	0.16	3.00366
0.03	0.17	3.00509
0.03	0.18	3.007
0.03	0.19	3.00955
0.03	0.2	3.01289
0.03	0.21	3.01723
0.03	0.22	3.02279
0.03	0.23	3.02986
0.03	0.24	3.03873
0.03	0.25	3.04972
0.03	0.26	3.06321
0.03	0.27	3.07956
0.03	0.28	3.09914
0.03	0.29	3.1223
0.03	0.3	3.14938
0.03	0.31	3.18064
0.03	0.32	3.21627
0.03	0.33	3.25634
0.03	0.34	3.30082
0.03	0.35	3.3495
0.03	0.36	3.40202
0.03	0.37	3.45783
0.03	0.38	3.51621
0.03	0.39	3.57623
0.03	0.4	3.63683
0.03	0.41	3.6968
0.03	0.42	3.75484
0.03	0.43	3.80957
0.03	0.44	3.85963
0.03	0.45	3.90371
0.03	0.46	3.94059
0.03	0.47	3.96923
0.03	0.48	3.98881
0.03	0.49	3.99875
0.03	0.5	3.99875
0.03	0.51	3.98881
0.03	0.52	3.96923
0.03	0.53	3.94059
0.03	0.54	3.90371
0.03	0.55	3.85963
0.03	0.56	3.80957
0.03	0.57	3.75484
0.03	0.58	3.6968
0.03	0.59	3.63683
0.03	0.6	3.57623
0.03	0.61	3.51621
0.03	0.62	3.45783
0.03	0.63	3.40202
0.03	0.64	3.3495
0.03	0.65	3.30082
0.03	0.66	3.25634
0.03	0.67	3.21627
0.03	0.68	3.18064
0.03	0.69	3.14938
0.03	0.7	3.1223
0.03	0.71	3.09914
0.03	0.72	3.07956
0.03	0.73	3.06321
0.03	0.74	3.04972
0.03	0.75	3.03873
0.03	0.76	3.02986
0.03	0.77	3.02279
0.03	0.78	3.01723
0.03	0.79	3.01289
0.03	0.8	3.00955
0.03	0.81	3.007
0.03	0.82	3.00509
0.03	0.83	3.00366
0.03	0.84	3.0026
0.03	0.85	3.00183
0.03	0.86	3.00128
0.03	0.87	3.00088
0.03	0.88	3.0006
0.03	0.89	3.00041
0.03	0.9	3.00027
0.03	0.91	3.00018
0.03	0.92	3.00012
0.03	0.93	3.00008
0.03	0.94	3.00005
0.03	0.95	3.00003
0.03	0.96	3.00002
0.03	0.97	3.00001
0.03	0.98	3.00001
0.03	0.99	3.00001


0.04	0	3.00001
0.04	0.01	3.00001
0.04	0.02	3.00001
0.04	0.03	3.00002
0.04	0.04	3.00003
0.04	0.05	3.00005
0.04	0.06	3.00008
0.04	0.07	3.00012
0.04	0.08	3.00018
0.04	0.09	3.00027
0.04	0.1	3.00041
0.04	0.11	3.0006
0.04	0.12	3.00088
0.04	0.13	3.00128
0.04	0.14	3.00183
0.04	0.15	3.0026
0.04	0.16	3.00366
0.04	0.17	3.00509
0.04	0.18	3.007
0.04	0.19	3.00955
0.04	0.2	3.01289
0.04	0.21	3.01723
0.04	0.22	3.02279
0.04	0.23	3.02986
0.04	0.24	3.03873
0.04	0.25	3.04972
0.04	0.26	3.06321
0.04	0.27	3.07956
0.04	0.28	3.09914
0.04	0.29	3.1223
0.04	0.3	3.14938
0.04	0.31	3.18064
0.04	0.32	3.21627
0.04	0.33	3.25634
0.04	0.34	3.30082
0.04	0.35	3.3495
0.04	0.36	3.40202
0.04	0.37	3.45783
0.04	0.38	3.51621
0.04	0.39	3.57623
0.04	0.4	3.63683
0.04	0.41	3.6968
0.04	0.42	3.75484
0.04	0.43	3.80957
0.04	0.44	3.85963
0.04	0.45	3.90371
0.04	0.46	3.94059
0.04	0.47	3.96923
0.04	0.48	3.98881
0.04	0.49	3.99875
0.04	0.5	3.99875
0.04	0.51	3.98881
0.04	0.52	3.96923
0.04	0.53	3.94059
0.04	0.54	3.90371
0.04	0.55	3.85963
0.04	0.56	3.80957
0.04	0.57	3.75484
0.04	0.58	3.6968
0.04	0.59	3.63683
0.04	0.6	3.57623
0.04	0.61	3.51621
0.04	0.62	3.45783
0.04	0.63	3.40202
0.04	0.64	3.3495
0.04	0.65	3.30082
0.04	0.66	3.25634
0.04	0.67	3.21627
0.04	0.68	3.18064
0.04	0.69	3.14938
0.04	0.7	3.1223
0.04	0.71	3.09914
0.04	0.72	3.07956
0.04	0.73	3.06321
0.04	0.74	3.04972
0.04	0.75	3.03873
0.04	0.76	3.02986
0.04	0.77	3.02279
0.04	0.78	3.01723
0.04	0.79	3.01289
0.04	0.8	3.00955
0.04	0.81	3.007
0.04	0.82	3.00509
0.04	0.83	3.00366
0.04	0.84	3.0026
0.04	0.85	3.00183
0.04	0.86	3.00128
0.04	0.87	3.00088
0.04	0.88	3.0006
0.04	0.89	3.00041
0.04	0.9	3.00027
0.04	0.91	3.00018
0.04	0.92	3.00012
0.04	0.93	3.00008
0.04	0.94	3.00005
0.04	0.95	3.00003
0.04	0.96	3.00002
0.04	0.97	3.00001
0.04	0.98	3.00001
0.04	0.99	3.00001


0.05	0	3.00001
0.05	0.01	3.00001
0.05	0.02	3.00001
0.05	0.03	3.00002
0.05	0.04	3.00003
0.05	0.05	3.00005
0.05	0.06	3.00008
0.05	0.07	3.00012
0.05	0.08	3.00018
0.05	0.09	3.00027
0.05	0.1	3.00041
0.05	0.11	3.0006
0.05	0.12	3.00088
0.05	0.13	3.00128
0.05	0.14	3.00183
0.05	0.15	3.0026
0.05	0.16	3.00366
0.05	0.17	3.00509
0.05	0.18	3.007
0.05	0.19	3.00955
0.05	0.2	3.01289
0.05	0.21	3.01723
0.05	0.22	3.02279
0.05	0.23	3.02986
0.05	0.24	3.03873
0.05	0.25	3.04972
0.05	0.26	3.06321
0.05	0.27	3.07956
0.05	0.28	3.09914
0.05	0.29	3.1223
0.05	0.3	3.14938
0.05	0.31	3.18064
0.05	0.32	3.21627
0.05	0.33	3.25634
0.05	0.34	3.30082
0.05	0.35	3.3495
0.05	0.36	3.40202
0.05	0.37	3.45783
0.05	0.38	3.51621
0.05	0.39	3.57623
0.05	0.4	3.63683
0.05	0.41	3.6968
0.05	0.42	3.75484
0.05	0.43	3.80957
0.05	0.44	3.85963
0.05	0.45	3.90371
0.05	0.46	3.94059
0.05	0.47	3.96923
0.05	0.48	3.98881
0.05	0.49	3.99875
0.05	0.5	3.99875
0.05	0.51	3.98881
0.05	0.52	3.96923
0.05	0.53	3.94059
0.05	0.54	3.90371
0.05	0.55	3.85963
0.05	0.56	3.80957
0.05	0.57	3.75484
0.05	0.58	3.6968
0.05	0.59	3.63683
0.05	0.6	3.57623
0.05	0.61	3.51621
0.05	0.62	3.45783
0.05	0.63	3.40202
0.05	0.64	3.3495
0.05	0.65	3.30082
0.05	0.66	3.25634
0.05	0.67	3.21627
0.05	0.68	3.18064
0.05	0.69	3.14938
0.05	0.7	3.1223
0.05	0.71	3.09914
0.05	0.72	3.07956
0.05	0.73	3.06321
0.05	0.74	3.04972
0.05	0.75	3.03873
0.05	0.76	3.02986
0.05	0.77	3.02279
0.05	0.78	3.01723
0.05	0.79	3.01289
0.05	0.8	3.00955
0.05	0.81	3.007
0.05	0.82	3.00509
0.05	0.83	3.00366
0.05	0.84	3.0026
0.05	0.85	3.00183
0.05	0.86	3.00128
0.05	0.87	3.00088
0.05	0.88	3.0006
0.05	0.89	3.00041
0.05	0.9	3.00027
0.05	0.91	3.00018
0.05	0.92	3.00012
0.05	0.93	3.00008
0.05	0.94	3.00005
0.05	0.95	3.00003
0.05	0.96	3.00002
0.05	0.97	3.00001
0.05	0.98	3.00001
0.05	0.99	3.00001


0.06	0	3.00001
0.06	0.01	3.00001
0.06	0.02	3.00001
0.06	0.03	3.00002
0.06	0.04	3.00003
0.06	0.05	3.00005
0.06	0.06	3.00008
0.06	0.07	3.00012
0.06	0.08	3.00018
0.06	0.09	3.00027
0.06	0.1	3.00041
0.06	0.11	3.0006
0.06	0.12	3.00088
0.06	0.13	3.00128
0.06	0.14	3.00183
0.06	0.15	3.0026
0.06	0.16	3.00366
0.06	0.17	3.00509
0.06	0.18	3.007
0.06	0.19	3.00955
0.06	0.2	3.01289
0.06	0.21	3.01723
0.06	0.22	3.02279
0.06	0.23	3.02986
0.06	0.24	3.03873
0.06	0.25	3.04972
0.06	0.26	3.06321
0.06	0.27	3.07956
0.06	0.28	3.09914
0.06	0.29	3.1223
0.06	0.3	3.14938
0.06	0.31	3.18064
0.06	0.32	3.21627
0.06	0.33	3.25634
0.06	0.34	3.30082
0.06	0.35	3.3495
0.06	0.36	3.40202
0.06	0.37	3.45783
0.06	0.38	3.51621
0.06	0.39	3.57623
0.06	0.4	3.63683
0.06	0.41	3.6968
0.06	0.42	3.75484
0.06	0.43	3.80957
0.06	0.44	3.85963
0.06	0.45	3.90371
0.06	0.46	3.94059
0.06	0.47	3.96923
0.06	0.48	3.98881
0.06	0.49	3.99875
0.06	0.5	3.99875
0.06	0.51	3.98881
0.06	0.52	3.96923
0.06	0.53	3.94059
0.06	0.54	3.90371
0.06	0.55	3.85963
0.06	0.56	3.80957
0.06	0.57	3.75484
0.06	0.58	3.6968
0.06	0.59	3.63683
0.06	0.6	3.57623
0.06	0.61	3.51621
0.06	0.62	3.45783
0.06	0.63	3.40202
0.06	0.64	3.3495
0.06	0.65	3.30082
0.06	0.66	3.25634
0.06	0.67	3.21627
0.06	0.68	3.18064
0.06	0.69	3.14938
0.06	0.7	3.1223
0.06	0.71	3.09914
0.06	0.72	3.07956
0.06	0.73	3.06321
0.06	0.74	3.04972
0.06	0.75	3.03873
0.06	0.76	3.02986
0.06	0.77	3.02279
0.06	0.78	3.01723
0.06	0.79	3.01289
0.06	0.8	3.00955
0.06	0.81	3.007
0.06	0.82	3.00509
0.06	0.83	3.00366
0.06	0.84	3.0026
0.06	0.85	3.00183
0.06	0.86	3.00128
0.06	0.87	3.00088
0.06	0.88	3.0006
0.06	0.89	3.00041
0.06	0.9	3.00027
0.06	0.91	3.00018
0.06	0.92	3.00012
0.06	0.93	3.00008
0.06	0.94	3.00005
0.06	0.95	3.00003
0.06	0.96	3.00002
0.06	0.97	3.00001
0.06	0.98	3.00001
0.06	0.99	3.00001


0.07	0	3.00001
0.07	0.01	3.00001
0.07	0.02	3.00001
0.07	0.03	3.00002
0.07	0.04	3.00003
0.07	0.05	3.00005
0.07	0.06	3.00008
0.07	0.07	3.00012
0.07	0.08	3.00018
0.07	0.09	3.00027
0.07	0.1	3.00041
0.07	0.11	3.0006
0.07	0.12	3.00088
0.07	0.13	3.00128
0.07	0.14	3.00183
0.07	0.15	3.0026
0.07	0.16	3.00366
0.07	0.17	3.00509
0.07	0.18	3.007
0.07	0.19	3.00955
0.07	0.2	3.01289
0.07	0.21	3.01723
0.07	0.22	3.02279
0.07	0.23	3.02986
0.07	0.24	3.03873
0.07	0.25	3.04972
0.07	0.26	3.06321
0.07	0.27	3.07956
0.07	0.28	3.09914
0.07	0.29	3.1223
0.07	0.3	3.14938
0.07	0.31	3.18064
0.07	0.32	3.21627
0.07	0.33	3.25634
0.07	0.34	3.30082
0.07	0.35	3.3495
0.07	0.36	3.40202
0.07	0.37	3.45783
0.07	0.38	3.51621
0.07	0.39	3.57623
0.07	0.4	3.63683
0.07	0.41	3.6968
0.07	0.42	3.75484
0.07	0.43	3.80957
0.07	0.44	3.85963
0.07	0.45	3.90371
0.07	0.46	3.94059
0.07	0.47	3.96923
0.07	0.48	3.98881
0.07	0.49	3.99875
0.07	0.5	3.99875
0.07	0.51	3.98881
0.07	0.52	3.96923
0.07	0.53	3.94059
0.07	0.54	3.90371
0.07	0.55	3.85963
0.07	0.56	3.80957
0.07	0.57	3.75484
0.07	0.58	3.6968
0.07	0.59	3.63683
0.07	0.6	3.57623
0.07	0.61	3.51621
0.07	0.62	3.45783
0.07	0.63	3.40202
0.07	0.64	3.3495
0.07	0.65	3.30082
0.07	0.66	3.25634
0.07	0.67	3.21627
0.07	0.68	3.18064
0.07	0.69	3.14938
0.07	0.7	3.1223
0.07	0.71	3.09914
0.07	0.72	3.07956
0.07	0.73	3.06321
0.07	0.74	3.04972
0.07	0.75	3.03873
0.07	0.76	3.02986
0.07	0.77	3.02279
0.07	0.78	3.01723
0.07	0.79	3.01289
0.07	0.8	3.00955
0.07	0.81	3.007
0.07	0.82	3.00509
0.07	0.83	3.00366
0.07	0.84	3.0026
0.07	0.85	3.00183
0.07	0.86	3.00128
0.07	0.87	3.00088
0.07	0.88	3.0006
0.07	0.89	3.00041
0.07	0.9	3.00027
0.07	0.91	3.00018
0.07	0.92	3.00012
0.07	0.93	3.00008
0.07	0.94	3.00005
0.07	0.95	3.00003
0.07	0.96	3.00002
0.07	0.97	3.00001
0.07	0.98	3.00001
0.07	0.99	3.00001


0.08	0	3.00001
0.08	0.01	3.00001
0.08	0.02	3.00001
0.08	0.03	3.00002
0.08	0.04	3.00003
0.08	0.05	3.00005
0.08	0.06	3.00008
0.08	0.07	3.00012
0.08	0.08	3.00018
0.08	0.09	3.00027
0.08	0.1	3.00041
0.08	0.11	3.0006
0.08	0.12	3.00088
0.08	0.13	3.00128
0.08	0.14	3.00183
0.08	0.15	3.0026
0.08	0.16	3.00366
0.08	0.17	3.00509
0.08	0.18	3.007
0.08	0.19	3.00955
0.08	0.2	3.01289
0.08	0.21	3.01723
0.08	0.22	3.02279
0.08	0.23	3.02986
0.08	0.24	3.03873
0.08	0.25	3.04972
0.08	0.26	3.06321
0.08	0.27	3.07956
0.08	0.28	3.09914
0.08	0.29	3.1223
0.08	0.3	3.14938
0.08	0.31	3.18064
0.08	0.32	3.21627
0.08	0.33	3.25634
0.08	0.34	3.30082
0.08	0.35	3.3495
0.08	0.36	3.40202
0.08	0.37	3.45783
0.08	0.38	3.51621
0.08	0.39	3.57623
0.08	0.4	3.63683
0.08	0.41	3.6968
0.08	0.42	3.75484
0.08	0.43	3.80957
0.08	0.44	3.85963
0.08	0.45	3.90371
0.08	0.46	3.94059
0.08	0.47	3.96923
0.08	0.48	3.98881
0.08	0.49	3.99875
0.08	0.5	3.99875
0.08	0.51	3.98881
0.08	0.52	3.96923
0.08	0.53	3.94059
0.08	0.54	3.90371
0.08	0.55	3.85963
0.08	0.56	3.80957
0.08	0.57	3.75484
0.08	0.58	3.6968
0.08	0.59	3.63683
0.08	0.6	3.57623
0.08	0.61	3.51621
0.08	0.62	3.45783
0.08	0.63	3.40202
0.08	0.64	3.3495
0.08	0.65	3.30082
0.08	0.66	3.25634
0.08	0.67	3.21627
0.08	0.68	3.18064
0.08	0.69	3.14938
0.08	0.7	3.1223
0.08	0.71	3.09914
0.08	0.72	3.07956
0.08	0.73	3.06321
0.08	0.74	3.04972
0.08	0.75	3.03873
0.08	0.76	3.02986
0.08	0.77	3.02279
0.08	0.78	3.01723
0.08	0.79	3.01289
0.08	0.8	3.00955
0.08	0.81	3.007
0.08	0.82	3.00509
0.08	0.83	3.00366
0.08	0.84	3.0026
0.08	0.85	3.00183
0.08	0.86	3.00128
0.08	0.87	3.00088
0.08	0.88	3.0006
0.08	0.89	3.00041
0.08	0.9	3.00027
0.08	0.91	3.00018
0.08	0.92	3.00012
0.08	0.93	3.00008
0.08	0.94	3.00005
0.08	0.95	3.00003
0.08	0.96	3.00002
0.08	0.97	3.00001
0.08	0.98	3.00001
0.08	0.99	3.00001


0.09	0	3.00001
0.09	0.01	3.00001
0.09	0.02	3.00001
0.09	0.03	3.00002
0.09	0.04	3.00003
0.09	0.05	3.00005
0.09	0.06	3.00008
0.09	0.07	3.00012
0.09	0.08	3.00018
0.09	0.09	3.00027
0.09	0.1	3.00041
0.09	0.11	3.0006
0.09	0.12	3.00088
0.09	0.13	3.00128
0.09	0.14	3.00183
0.09	0.15	3.0026
0.09	0.16	3.00366
0.09	0.17	3.00509
0.09	0.18	3.007
0.09	0.19	3.00955
0.09	0.2	3.01289
0.09	0.21	3.01723
0.09	0.22	3.02279
0.09	0.23	3.02986
0.09	0.24	3.03873
0.09	0.25	3.04972
0.09	0.26	3.06321
0.09	0.27	3.07956
0.09	0.28	3.09914
0.09	0.29	3.1223
0.09	0.3	3.14938
0.09	0.31	3.18064
0.09	0.32	3.21627
0.09	0.33	3.25634
0.09	0.34	3.30082
0.09	0.35	3.3495
0.09	0.36	3.40202
0.09	0.37	3.45783
0.09	0.38	3.51621
0.09	0.39	3.57623
0.09	0.4	3.63683
0.09	0.41	3.6968
0.09	0.42	3.75484
0.09	0.43	3.80957
0.09	0.44	3.85963
0.09	0.45	3.90371
0.09	0.46	3.94059
0.09	0.47	3.96923
0.09	0.48	3.98881
0.09	0.49	3.99875
0.09	0.5	3.99875
0.09	0.51	3.98881
0.09	0.52	3.96923
0.09	0.53	3.94059
0.09	0.54	3.90371
0.09	0.55	3.85963
0.09	0.56	3.80957
0.09	0.57	3.75484
0.09	0.58	3.6968
0.09	0.59	3.63683
0.09	0.6	3.57623
0.09	0.61	3.51621
0.09	0.62	3.45783
0.09	0.63	3.40202
0.09	0.64	3.3495
0.09	0.65	3.30082
0.09	0.66	3.25634
0.09	0.67	3.21627
0.09	0.68	3.18064
0.09	0.69	3.14938
0.09	0.7	3.1223
0.09	0.71	3.09914
0.09	0.72	3.07956
0.09	0.73	3.06321
0.09	0.74	3.04972
0.09	0.75	3.03873
0.09	0.76	3.02986
0.09	0.77	3.02279
0.09	0.78	3.01723
0.09	0.79	3.01289
0.09	0.8	3.00955
0.09	0.81	3.007
0.09	0.82	3.00509
0.09	0.83	3.00366
0.09	0.84	3.0026
0.09	0.85	3.00183
0.09	0.86	3.00128
0.09	0.87	3.00088
0.09	0.88	3.0006
0.09	0.89	3.00041
0.09	0.9	3.00027
0.09	0.91	3.00018
0.09	0.92	3.00012
0.09	0.93	3.00008
0.09	0.94	3.00005
0.09	0.95	3.00003
0.09	0.96	3.00002
0.09	0.97	3.00001
0.09	0.98	3.00001
0.09	0.99	3.00001


0.1	0	3.00001
0.1	0.01	3.00001
0.1	0.02	3.00001
0.1	0.03	3.00002
0.1	0.04	3.00003
0.1	0.05	3.00005
0.1	0.06	3.00008
0.1	0.07	3.00012
0.1	0.08	3.00018
0.1	0.09	3.00027
0.1	0.1	3.00041
0.1	0.11	3.0006
0.1	0.12	3.00088
0.1	0.13	3.00128
0.1	0.14	3.00183
0.1	0.15	3.0026
0.1	0.16	3.00366
0.1	0.17	3.00509
0.1	0.18	3.007
0.1	0.19	3.00955
0.1	0.2	3.01289
0.1	0.21	3.01723
0.1	0.22	3.02279
0.1	0.23	3.02986
0.1	0.24	3.03873
0.1	0.25	3.04972
0.1	0.26	3.06321
0.1	0.27	3.07956
0.1	0.28	3.09914
0.1	0.29	3.1223
0.1	0.3	3.14938
0.1	0.31	3.18064
0.1	0.32	3.21627
0.1	0.33	3.25634
0.1	0.34	3.30082
0.1	0.35	3.3495
0.1	0.36	3.40202
0.1	0.37	3.45783
0.1	0.38	3.51621
0.1	0.39	3.57623
0.1	0.4	3.63683
0.1	0.41	3.6968
0.1	0.42	3.75484
0.1	0.43	3.80957
0.1	0.44	3.85963
0.1	0.45	3.90371
0.1	0.46	3.94059
0.1	0.47	3.96923
0.1	0.48	3.98881
0.1	0.49	3.99875
0.1	0.5	3.99875
0.1	0.51	3.98881
0.1	0.52	3.96923
0.1	0.53	3.94059
0.1	0.54	3.90371
0.1	0.55	3.85963
0.1	0.56	3.80957
0.1	0.57	3.75484
0.1	0.58	3.6968
0.1	0.59	3.63683
0.1	0.6	3.57623
0.1	0.61	3.51621
0.1	0.62	3.45783
0.1	0.63	3.40202
0.1	0.64	3.3495
0.1	0.65	3.30082
0.1	0.66	3.25634
0.1	0.67	3.21627
0.1	0.68	3.18064
0.1	0.69	3.14938
0.1	0.7	3.1223
0.1	0.71	3.09914
0.1	0.72	3.07956
0.1	0.73	3.06321
0.1	0.74	3.04972
0.1	0.75	3.03873
0.1	0.76	3.02986
0.1	0.77	3.02279
0.1	0.78	3.01723
0.1	0.79	3.01289
0.1	0.8	3.00955
0.1	0.81	3.007
0.1	0.82	3.00509
0.1	0.83	3.00366
0.1	0.84	3.0026
0.1	0.85	3.00183
0.1	0.86	3.00128
0.1	0.87	3.00088
0.1	0.88	3.0006
0.1	0.89	3.00041
0.1	0.9	3.00027
0.1	0.91	3.00018
0.1	0.92	3.00012
0.1	0.93	3.00008
0.1	0.94	3.00005
0.1	0.95	3.00003
0.1	0.96	3.00002
0.1	0.97	3.00001
0.1	0.98	3.00001
0.1	0.99	3.00001


0.11	0	3.00001
0.11	0.01	3.00001
0.11	0.02	3.00001
0.11	0.03	3.00002
0.11	0.04	3.00003
0.11	0.05	3.00005
0.11	0.06	3.00008
0.11	0.07	3.00012
0.11	0.08	3.00018
0.11	0.09	3.00027
0.11	0.1	3.00041
0.11	0.11	3.0006
0.11	0.12	3.00088
0.11	0.13	3.00128
0.11	0.14	3.00183
0.11	0.15	3.0026
0.11	0.16	3.00366
0.11	0.17	3.00509
0.11	0.18	3.007
0.11	0.19	3.00955
0.11	0.2	3.01289
0.11	0.21	3.01723
0.11	0.22	3.02279
0.11	0.23	3.02986
0.11	0.24	3.03873
0.11	0.25	3.04972
0.11	0.26	3.06321
0.11	0.27	3.07956
0.11	0.28	3.09914
0.11	0.29	3.1223
0.11	0.3	3.14938
0.11	0.31	3.18064
0.11	0.32	3.21627
0.11	0.33	3.25634
0.11	0.34	3.30082
0.11	0.35	3.3495
0.11	0.36	3.40202
0.11	0.37	3.45783
0.11	0.38	3.51621
0.11	0.39	3.57623
0.11	0.4	3.63683
0.11	0.41	3.6968
0.11	0.42	3.75484
0.11	0.43	3.80957
0.11	0.44	3.85963
0.11	0.45	3.90371
0.11	0.46	3.94059
0.11	0.47	3.96923
0.11	0.48	3.98881
0.11	0.49	3.99875
0.11	0.5	3.99875
0.11	0.51	3.98881
0.11	0.52	3.96923
0.11	0.53	3.94059
0.11	0.54	3.90371
0.11	0.55	3.85963
0.11	0.56	3.80957
0.11	0.57	3.75484
0.11	0.58	3.6968
0.11	0.59	3.63683
0.11	0.6	3.57623
0.11	0.61	3.51621
0.11	0.62	3.45783
0.11	0.63	3.40202
0.11	0.64	3.3495
0.11	0.65	3.30082
0.11	0.66	3.25634
0.11	0.67	3.21627
0.11	0.68	3.18064
0.11	0.69	3.14938
0.11	0.7	3.1223
0.11	0.71	3.09914
0.11	0.72	3.07956
0.11	0.73	3.06321
0.11	0.74	3.04972
0.11	0.75	3.03873
0.11	0.76	3.02986
0.11	0.77	3.02279
0.11	0.78	3.01723
0.11	0.79	3.01289
0.11	0.8	3.00955
0.11	0.81	3.007
0.11	0.82	3.00509
0.11	0.83	3.00366
0.11	0.84	3.0026
0.11	0.85	3.00183
0.11	0.86	3.00128
0.11	0.87	3.00088
0.11	0.88	3.0006
0.11	0.89	3.00041
0.11	0.9	3.00027
0.11	0.91	3.00018
0.11	0.92	3.00012
0.11	0.93	3.00008
0.11	0.94	3.00005
0.11	0.95	3.00003
0.11	0.96	3.00002
0.11	0.97	3.00001
0.11	0.98	3.00001
0.11	0.99	3.00001


0.12	0	3.00001
0.12	0.01	3.00001
0.12	0.02	3.00001
0.12	0.03	3.00002
0.12	0.04	3.00003
0.12	0.05	3.00005
0.12	0.06	3.00008
0.12	0.07	3.00012
0.12	0.08	3.00018
0.12	0.09	3.00027
0.12	0.1	3.00041
0.12	0.11	3.0006
0.12	0.12	3.00088
0.12	0.13	3.00128
0.12	0.14	3.00183
0.12	0.15	3.0026
0.12	0.16	3.00366
0.12	0.17	3.00509
0.12	0.18	3.007
0.12	0.19	3.00955
0.12	0.2	3.01289
0.12	0.21	3.01723
0.12	0.22	3.02279
0.12	0.23	3.02986
0.12	0.24	3.03873
0.12	0.25	3.04972
0.12	0.26	3.06321
0.12	0.27	3.07956
0.12	0.28	3.09914
0.12	0.29	3.1223
0.12	0.3	3.14938
0.12	0.31	3.18064
0.12	0.32	3.21627
0.12	0.33	3.25634
0.12	0.34	3.30082
0.12	0.35	3.3495
0.12	0.36	3.40202
0.12	0.37	3.45783
0.12	0.38	3.51621
0.12	0.39	3.57623
0.12	0.4	3.63683
0.12	0.41	3.6968
0.12	0.42	3.75484
0.12	0.43	3.80957
0.12	0.44	3.85963
0.12	0.45	3.90371
0.12	0.46	3.94059
0.12	0.47	3.96923
0.12	0.48	3.98881
0.12	0.49	3.99875
0.12	0.5	3.99875
0.12	0.51	3.98881
0.12	0.52	3.96923
0.12	0.53	3.94059
0.12	0.54	3.90371
0.12	0.55	3.85963
0.12	0.56	3.80957
0.12	0.57	3.75484
0.12	0.58	3.6968
0.12	0.59	3.63683
0.12	0.6	3.57623
0.12	0.61	3.51621
0.12	0.62	3.45783
0.12	0.63	3.40202
0.12	0.64	3.3495
0.12	0.65	3.30082
0.12	0.66	3.25634
0.12	0.67	3.21627
0.12	0.68	3.18064
0.12	0.69	3.14938
0.12	0.7	3.1223
0.12	0.71	3.09914
0.12	0.72	3.07956
0.12	0.73	3.06321
0.12	0.74	3.04972
0.12	0.75	3.03873
0.12	0.76	3.02986
0.12	0.77	3.02279
0.12	0.78	3.01723
0.12	0.79	3.01289
0.12	0.8	3.00955
0.12	0.81	3.007
0.12	0.82	3.00509
0.12	0.83	3.00366
0.12	0.84	3.0026
0.12	0.85	3.00183
0.12	0.86	3.00128
0.12	0.87	3.00088
0.12	0.88	3.0006
0.12	0.89	3.00041
0.12	0.9	3.00027
0.12	0.91	3.00018
0.12	0.92	3.00012
0.12	0.93	3.00008
0.12	0.94	3.00005
0.12	0.95	3.00003
0.12	0.96	3.00002
0.12	0.97	3.00001
0.12	0.98	3.00001
0.12	0.99	3.00001


0.13	0	3.00001
0.13	0.01	3.00001
0.13	0.02	3.00001
0.13	0.03	3.00002
0.13	0.04	3.00003
0.13	0.05	3.00005
0.13	0.06	3.00008
0.13	0.07	3.00012
0.13	0.08	3.00018
0.13	0.09	3.00027
0.13	0.1	3.00041
0.13	0.11	3.0006
0.13	0.12	3.00088
0.13	0.13	3.00128
0.13	0.14	3.00183
0.13	0.15	3.0026
0.13	0.16	3.00366
0.13	0.17	3.00509
0.13	0.18	3.007
0.13	0.19	3.00955
0.13	0.2	3.01289
0.13	0.21	3.01723
0.13	0.22	3.02279
0.13	0.23	3.02986
0.13	0.24	3.03873
0.13	0.25	3.04972
0.13	0.26	3.06321
0.13	0.27	3.07956
0.13	0.28	3.09914
0.13	0.29	3.1223
0.13	0.3	3.14938
0.13	0.31	3.18064
0.13	0.32	3.21627
0.13	0.33	3.25634
0.13	0.34	3.30082
0.13	0.35	3.3495
0.13	0.36	3.40202
0.13	0.37	3.45783
0.13	0.38	3.51621
0.13	0.39	3.57623
0.13	0.4	3.63683
0.13	0.41	3.6968
0.13	0.42	3.75484
0.13	0.43	3.80957
0.13	0.44	3.85963
0.13	0.45	3.90371
0.13	0.46	3.94059
0.13	0.47	3.96923
0.13	0.48	3.98881
0.13	0.49	3.99875
0.13	0.5	3.99875
0.13	0.51	3.98881
0.13	0.52	3.96923
0.13	0.53	3.94059
0.13	0.54	3.90371
0.13	0.55	3.85963
0.13	0.56	3.80957
0.13	0.57	3.75484
0.13	0.58	3.6968
0.13	0.59	3.63683
0.13	0.6	3.57623
0.13	0.61	3.51621
0.13	0.62	3.45783
0.13	0.63	3.40202
0.13	0.64	3.3495
0.13	0.65	3.30082
0.13	0.66	3.25634
0.13	0.67	3.21627
0.13	0.68	3.18064
0.13	0.69	3.14938
0.13	0.7	3.1223
0.13	0.71	3.09914
0.13	0.72	3.07956
0.13	0.73	3.06321
0.13	0.74	3.04972
0.13	0.75	3.03873
0.13	0.76	3.02986
0.13	0.77	3.02279
0.13	0.78	3.01723
0.13	0.79	3.01289
0.13	0.8	3.00955
0.13	0.81	3.007
0.13	0.82	3.00509
0.13	0.83	3.00366
0.13	0.84	3.0026
0.13	0.85	3.00183
0.13	0.86	3.00128
0.13	0.87	3.00088
0.13	0.88	3.0006
0.13	0.89	3.00041
0.13	0.9	3.00027
0.13	0.91	3.00018
0.13	0.92	3.00012
0.13	0.93	3.00008
0.13	0.94	3.00005
0.13	0.95	3.00003
0.13	0.96	3.00002
0.13	0.97	3.00001
0.13	0.98	3.00001
0.13	0.99	3.00001


0.14	0	3.00001
0.14	0.01	3.00001
0.14	0.02	3.00001
0.14	0.03	3.00002
0.14	0.04	3.00003
0.14	0.05	3.00005
0.14	0.06	3.00008
0.14	0.07	3.00012
0.14	0.08	3.00018
0.14	0.09	3.00027
0.14	0.1	3.00041
0.14	0.11	3.0006
0.14	0.12	3.00088
0.14	0.13	3.00128
0.14	0.14	3.00183
0.14	0.15	3.0026
0.14	0.16	3.00366
0.14	0.17	3.00509
0.14	0.18	3.007
0.14	0.19	3.00955
0.14	0.2	3.01289
0.14	0.21	3.01723
0.14	0.22	3.02279
0.14	0.23	3.02986
0.14	0.24	3.03873
0.14	0.25	3.04972
0.14	0.26	3.06321
0.14	0.27	3.07956
0.14	0.28	3.09914
0.14	0.29	3.1223
0.14	0.3	3.14938
0.14	0.31	3.18064
0.14	0.32	3.21627
0.14	0.33	3.25634
0.14	0.34	3.30082
0.14	0.35	3.3495
0.14	0.36	3.40202
0.14	0.37	3.45783
0.14	0.38	3.51621
0.14	0.39	3.57623
0.14	0.4	3.63683
0.14	0.41	3.6968
0.14	0.42	3.75484
0.14	0.43	3.80957
0.14	0.44	3.85963
0.14	0.45	3.90371
0.14	0.46	3.94059
0.14	0.47	3.96923
0.14	0.48	3.98881
0.14	0.49	3.99875
0.14	0.5	3.99875
0.14	0.51	3.98881
0.14	0.52	3.96923
0.14	0.53	3.94059
0.14	0.54	3.90371
0.14	0.55	3.85963
0.14	0.56	3.80957
0.14	0.57	3.75484
0.14	0.58	3.6968
0.14	0.59	3.63683
0.14	0.6	3.57623
0.14	0.61	3.51621
0.14	0.62	3.45783
0.14	0.63	3.40202
0.14	0.64	3.3495
0.14	0.65	3.30082
0.14	0.66	3.25634
0.14	0.67	3.21627
0.14	0.68	3.18064
0.14	0.69	3.14938
0.14	0.7	3.1223
0.14	0.71	3.09914
0.14	0.72	3.07956
0.14	0.73	3.06321
0.14	0.74	3.04972
0.14	0.75	3.03873
0.14	0.76	3.02986
0.14	0.77	3.02279
0.14	0.78	3.01723
0.14	0.79	3.01289
0.14	0.8	3.00955
0.14	0.81	3.007
0.14	0.82	3.00509
0.14	0.83	3.00366
0.14	0.84	3.0026
0.14	0.85	3.00183
0.14	0.86	3.00128
0.14	0.87	3.00088
0.14	0.88	3.0006
0.14	0.89	3.00041
0.14	0.9	3.00027
0.14	0.91	3.00018
0.14	0.92	3.00012
0.14	0.93	3.00008
0.14	0.94	3.00005
0.14	0.95	3.00003
0.14	0.96	3.00002
0.14	0.97	3.00001
0.14	0.98	3.00001
0.14	0.99	3.00001


0.15	0	3.00001
0.15	0.01	3.00001
0.15	0.02	3.00001
0.15	0.03	3.00002
0.15	0.04	3.00003
0.15	0.05	3.00005
0.15	0.06	3.00008
0.15	0.07	3.00012
0.15	0.08	3.00018
0.15	0.09	3.00027
0.15	0.1	3.00041
0.15	0.11	3.0006
0.15	0.12	3.00088
0.15	0.13	3.00128
0.15	0.14	3.00183
0.15	0.15	3.0026
0.15	0.16	3.00366
0.15	0.17	3.00509
0.15	0.18	3.007
0.15	0.19	3.00955
0.15	0.2	3.01289
0.15	0.21	3.01723
0.15	0.22	3.02279
0.15	0.23	3.02986
0.15	0.24	3.03873
0.15	0.25	3.04972
0.15	0.26	3.06321
0.15	0.27	3.07956
0.15	0.28	3.09914
0.15	0.29	3.1223
0.15	0.3	3.14938
0.15	0.31	3.18064
0.15	0.32	3.21627
0.15	0.33	3.25634
0.15	0.34	3.30082
0.15	0.35	3.3495
0.15	0.36	3.40202
0.15	0.37	3.45783
0.15	0.38	3.51621
0.15	0.39	3.57623
0.15	0.4	3.63683
0.15	0.41	3.6968
0.15	0.42	3.75484
0.15	0.43	3.80957
0.15	0.44	3.85963
0.15	0.45	3.90371
0.15	0.46	3.94059
0.15	0.47	3.96923
0.15	0.48	3.98881
0.15	0.49	3.99875
0.15	0.5	3.99875
0.15	0.51	3.98881
0.15	0.52	3.96923
0.15	0.53	3.94059
0.15	0.54	3.90371
0.15	0.55	3.85963
0.15	0.56	3.80957
0.15	0.57	3.75484
0.15	0.58	3.6968
0.15	0.59	3.63683
0.15	0.6	3.57623
0.15	0.61	3.51621
0.15	0.62	3.45783
0.15	0.63	3.40202
0.15	0.64	3.3495
0.15	0.65	3.30082
0.15	0.66	3.25634
0.15	0.67	3.21627
0.15	0.68	3.18064
0.15	0.69	3.14938
0.15	0.7	3.1223
0.15	0.71	3.09914
0.15	0.72	3.07956
0.15	0.73	3.06321
0.15	0.74	3.04972
0.15	0.75	3.03873
0.15	0.76	3.02986
0.15	0.77	3.02279
0.15	0.78	3.01723
0.15	0.79	3.01289
0.15	0.8	3.00955
0.15	0.81	3.007
0.15	0.82	3.00509
0.15	0.83	3.00366
0.15	0.84	3.0026
0.15	0.85	3.00183
0.15	0.86	3.00128
0.15	0.87	3.00088
0.15	0.88	3.0006
0.15	0.89	3.00041
0.15	0.9	3.00027
0.15	0.91	3.00018
0.15	0.92	3.00012
0.15	0.93	3.00008
0.15	0.94	3.00005
0.15	0.95	3.00003
0.15	0.96	3.00002
0.15	0.97	3.00001
0.15	0.98	3.00001
0.15	0.99	3.00001


0.16	0	3.00001
0.16	0.01	3.00001
0.16	0.02	3.00001
0.16	0.03	3.00002
0.16	0.04	3.00003
0.16	0.05	3.00005
0.16	0.06	3.00008
0.16	0.07	3.00012
0.16	0.08	3.00018
0.16	0.09	3.00027
0.16	0.1	3.00041
0.16	0.11	3.0006
0.16	0.12	3.00088
0.16	0.13	3.00128
0.16	0.14	3.00183
0.16	0.15	3.0026
0.16	0.16	3.00366
0.16	0.17	3.00509
0.16	0.18	3.007
0.16	0.19	3.00955
0.16	0.2	3.01289
0.16	0.21	3.01723
0.16	0.22	3.02279
0.16	0.23	3.02986
0.16	0.24	3.03873
0.16	0.25	3.04972
0.16	0.26	3.06321
0.16	0.27	3.07956
0.16	0.28	3.09914
0.16	0.29	3.1223
0.16	0.3	3.14938
0.16	0.31	3.18064
0.16	0.32	3.21627
0.16	0.33	3.25634
0.16	0.34	3.30082
0.16	0.35	3.3495
0.16	0.36	3.40202
0.16	0.37	3.45783
0.16	0.38	3.51621
0.16	0.39	3.57623
0.16	0.4	3.63683
0.16	0.41	3.6968
0.16	0.42	3.75484
0.16	0.43	3.80957
0.16	0.44	3.85963
0.16	0.45	3.90371
0.16	0.46	3.94059
0.16	0.47	3.96923
0.16	0.48	3.98881
0.16	0.49	3.99875
0.16	0.5	3.99875
0.16	0.51	3.98881
0.16	0.52	3.96923
0.16	0.53	3.94059
0.16	0.54	3.90371
0.16	0.55	3.85963
0.16	0.56	3.80957
0.16	0.57	3.75484
0.16	0.58	3.6968
0.16	0.59	3.63683
0.16	0.6	3.57623
0.16	0.61	3.51621
0.16	0.62	3.45783
0.16	0.63	3.40202
0.16	0.64	3.3495
0.16	0.65	3.30082
0.16	0.66	3.25634
0.16	0.67	3.21627
0.16	0.68	3.18064
0.16	0.69	3.14938
0.16	0.7	3.1223
0.16	0.71	3.09914
0.16	0.72	3.07956
0.16	0.73	3.06321
0.16	0.74	3.04972
0.16	0.75	3.03873
0.16	0.76	3.02986
0.16	0.77	3.02279
0.16	0.78	3.01723
0.16	0.79	3.01289
0.16	0.8	3.00955
0.16	0.81	3.007
0.16	0.82	3.00509
0.16	0.83	3.00366
0.16	0.84	3.0026
0.16	0.85	3.00183
0.16	0.86	3.00128
0.16	0.87	3.00088
0.16	0.88	3.0006
0.16	0.89	3.00041
0.16	0.9	3.00027
0.16	0.91	3.00018
0.16	0.92	3.00012
0.16	0.93	3.00008
0.16	0.94	3.00005
0.16	0.95	3.00003
0.16	0.96	3.00002
0.16	0.97	3.00001
0.16	0.98	3.00001
0.16	0.99	3.00001


0.17	0	3.00001
0.17	0.01	3.00001
0.17	0.02	3.00001
0.17	0.03	3.00002
0.17	0.04	3.00003
0.17	0.05	3.00005
0.17	0.06	3.00008
0.17	0.07	3.00012
0.17	0.08	3.00018
0.17	0.09	3.00027
0.17	0.1	3.00041
0.17	0.11	3.0006
0.17	0.12	3.00088
0.17	0.13	3.00128
0.17	0.14	3.00183
0.17	0.15	3.0026
0.17	0.16	3.00366
0.17	0.17	3.00509
0.17	0.18	3.007
0.17	0.19	3.00955
0.17	0.2	3.01289
0.17	0.21	3.01723
0.17	0.22	3.02279
0.17	0.23	3.02986
0.17	0.24	3.03873
0.17	0.25	3.04972
0.17	0.26	3.06321
0.17	0.27	3.07956
0.17	0.28	3.09914
0.17	0.29	3.1223
0.17	0.3	3.14938
0.17	0.31	3.18064
0.17	0.32	3.21627
0.17	0.33	3.25634
0.17	0.34	3.30082
0.17	0.35	3.3495
0.17	0.36	3.40202
0.17	0.37	3.45783
0.17	0.38	3.51621
0.17	0.39	3.57623
0.17	0.4	3.63683
0.17	0.41	3.6968
0.17	0.42	3.75484
0.17	0.43	3.80957
0.17	0.44	3.85963
0.17	0.45	3.90371
0.17	0.46	3.94059
0.17	0.47	3.96923
0.17	0.48	3.98881
0.17	0.49	3.99875
0.17	0.5	3.99875
0.17	0.51	3.98881
0.17	0.52	3.96923
0.17	0.53	3.94059
0.17	0.54	3.90371
0.17	0.55	3.85963
0.17	0.56	3.80957
0.17	0.57	3.75484
0.17	0.58	3.6968
0.17	0.59	3.63683
0.17	0.6	3.57623
0.17	0.61	3.51621
0.17	0.62	3.45783
0.17	0.63	3.40202
0.17	0.64	3.3495
0.17	0.65	3.30082
0.17	0.66	3.25634
0.17	0.67	3.21627
0.17	0.68	3.18064
0.17	0.69	3.14938
0.17	0.7	3.1223
0.17	0.71	3.09914
0.17	0.72	3.07956
0.17	0.73	3.06321
0.17	0.74	3.04972
0.17	0.75	3.03873
0.17	0.76	3.02986
0.17	0.77	3.02279
0.17	0.78	3.01723
0.17	0.79	3.01289
0.17	0.8	3.00955
0.17	0.81	3.007
0.17	0.82	3.00509
0.17	0.83	3.00366
0.17	0.84	3.0026
0.17	0.85	3.00183
0.17	0.86	3.00128
0.17	0.87	3.00088
0.17	0.88	3.0006
0.17	0.89	3.00041
0.17	0.9	3.00027
0.17	0.91	3.00018
0.17	0.92	3.00012
0.17	0.93	3.00008
0.17	0.94	3.00005
0.17	0.95	3.00003
0.17	0.96	3.00002
0.17	0.97	3.00001
0.17	0.98	3.00001
0.17	0.99	3.00001


0.18	0	3.00001
0.18	0.01	3.00001
0.18	0.02	3.00001
0.18	0.03	3.00002
0.18	0.04	3.00003
0.18	0.05	3.00005
0.18	0.06	3.00008
0.18	0.07	3.00012
0.18	0.08	3.00018
0.18	0.09	3.00027
0.18	0.1	3.00041
0.18	0.11	3.0006
0.18	0.12	3.00088
0.18	0.13	3.00128
0.18	0.14	3.00183
0.18	0.15	3.0026
0.18	0.16	3.00366
0.18	0.17	3.00509
0.18	0.18	3.007
0.18	0.19	3.00955
0.18	0.2	3.01289
0.18	0.21	3.01723
0.18	0.22	3.02279
0.18	0.23	3.02986
0.18	0.24	3.03873
0.18	0.25	3.04972
0.18	0.26	3.06321
0.18	0.27	3.07956
0.18	0.28	3.09914
0.18	0.29	3.1223
0.18	0.3	3.14938
0.18	0.31	3.18064
0.18	0.32	3.21627
0.18	0.33	3.25634
0.18	0.34	3.30082
0.18	0.35	3.3495
0.18	0.36	3.40202
0.18	0.37	3.45783
0.18	0.38	3.51621
0.18	0.39	3.57623
0.18	0.4	3.63683
0.18	0.41	3.6968
0.18	0.42	3.75484
0.18	0.43	3.80957
0.18	0.44	3.85963
0.18	0.45	3.90371
0.18	0.46	3.94059
0.18	0.47	3.96923
0.18	0.48	3.98881
0.18	0.49	3.99875
0.18	0.5	3.99875
0.18	0.51	3.98881
0.18	0.52	3.96923
0.18	0.53	3.94059
0.18	0.54	3.90371
0.18	0.55	3.85963
0.18	0.56	3.80957
0.18	0.57	3.75484
0.18	0.58	3.6968
0.18	0.59	3.63683
0.18	0.6	3.57623
0.18	0.61	3.51621
0.18	0.62	3.45783
0.18	0.63	3.40202
0.18	0.64	3.3495
0.18	0.65	3.30082
0.18	0.66	3.25634
0.18	0.67	3.21627
0.18	0.68	3.18064
0.18	0.69	3.14938
0.18	0.7	3.1223
0.18	0.71	3.09914
0.18	0.72	3.07956
0.18	0.73	3.06321
0.18	0.74	3.04972
0.18	0.75	3.03873
0.18	0.76	3.02986
0.18	0.77	3.02279
0.18	0.78	3.01723
0.18	0.79	3.01289
0.18	0.8	3.00955
0.18	0.81	3.007
0.18	0.82	3.00509
0.18	0.83	3.00366
0.18	0.84	3.0026
0.18	0.85	3.00183
0.18	0.86	3.00128
0.18	0.87	3.00088
0.18	0.88	3.0006
0.18	0.89	3.00041
0.18	0.9	3.00027
0.18	0.91	3.00018
0.18	0.92	3.00012
0.18	0.93	3.00008
0.18	0.94	3.00005
0.18	0.95	3.00003
0.18	0.96	3.00002
0.18	0.97	3.00001
0.18	0.98	3.00001
0.18	0.99	3.00001


0.19	0	3.00001
0.19	0.01	3.00001
0.19	0.02	3.00001
0.19	0.03	3.00002
0.19	0.04	3.00003
0.19	0.05	3.00005
0.19	0.06	3.00008
0.19	0.07	3.00012
0.19	0.08	3.00018
0.19	0.09	3.00027
0.19	0.1	3.00041
0.19	0.11	3.0006
0.19	0.12	3.00088
0.19	0.13	3.00128
0.19	0.14	3.00183
0.19	0.15	3.0026
0.19	0.16	3.00366
0.19	0.17	3.00509
0.19	0.18	3.007
0.19	0.19	3.00955
0.19	0.2	3.01289
0.19	0.21	3.01723
0.19	0.22	3.02279
0.19	0.23	3.02986
0.19	0.24	3.03873
0.19	0.25	3.04972
0.19	0.26	3.06321
0.19	0.27	3.07956
0.19	0.28	3.09914
0.19	0.29	3.1223
0.19	0.3	3.14938
0.19	0.31	3.18064
0.19	0.32	3.21627
0.19	0.33	3.25634
0.19	0.34	3.30082
0.19	0.35	3.3495
0.19	0.36	3.40202
0.19	0.37	3.45783
0.19	0.38	3.51621
0.19	0.39	3.57623
0.19	0.4	3.63683
0.19	0.41	3.6968
0.19	0.42	3.75484
0.19	0.43	3.80957
0.19	0.44	3.85963
0.19	0.45	3.90371
0.19	0.46	3.94059
0.19	0.47	3.96923
0.19	0.48	3.98881
0.19	0.49	3.99875
0.19	0.5	3.99875
0.19	0.51	3.98881
0.19	0.52	3.96923
0.19	0.53	3.94059
0.19	0.54	3.90371
0.19	0.55	3.85963
0.19	0.56	3.80957
0.19	0.57	3.75484
0.19	0.58	3.6968
0.19	0.59	3.63683
0.19	0.6	3.57623
0.19	0.61	3.51621
0.19	0.62	3.45783
0.19	0.63	3.40202
0.19	0.64	3.3495
0.19	0.65	3.30082
0.19	0.66	3.25634
0.19	0.67	3.21627
0.19	0.68	3.18064
0.19	0.69	3.14938
0.19	0.7	3.1223
0.19	0.71	3.09914
0.19	0.72	3.07956
0.19	0.73	3.06321
0.19	0.74	3.04972
0.19	0.75	3.03873
0.19	0.76	3.02986
0.19	0.77	3.02279
0.19	0.78	3.01723
0.19	0.79	3.01289
0.19	0.8	3.00955
0.19	0.81	3.007
0.19	0.82	3.00509
0.19	0.83	3.00366
0.19	0.84	3.0026
0.19	0.85	3.00183
0.19	0.86	3.00128
0.19	0.87	3.00088
0.19	0.88	3.0006
0.19	0.89	3.00041
0.19	0.9	3.00027
0.19	0.91	3.00018
0.19	0.92	3.00012
0.19	0.93	3.00008
0.19	0.94	3.00005
0.19	0.95	3.00003
0.19	0.96	3.00002
0.19	0.97	3.00001
0.19	0.98	3.00001
0.19	0.99	3.00001


0.2	0	3.00001
0.2	0.01	3.00001
0.2	0.02	3.00001
0.2	0.03	3.00002
0.2	0.04	3.00003
0.2	0.05	3.00005
0.2	0.06	3.00008
0.2	0.07	3.00012
0.2	0.08	3.00018
0.2	0.09	3.00027
0.2	0.1	3.00041
0.2	0.11	3.0006
0.2	0.12	3.00088
0.2	0.13	3.00128
0.2	0.14	3.00183
0.2	0.15	3.0026
0.2	0.16	3.00366
0.2	0.17	3.00509
0.2	0.18	3.007
0.2	0.19	3.00955
0.2	0.2	3.01289
0.2	0.21	3.01723
0.2	0.22	3.02279
0.2	0.23	3.02986
0.2	0.24	3.03873
0.2	0.25	3.04972
0.2	0.26	3.06321
0.2	0.27	3.07956
0.2	0.28	3.09914
0.2	0.29	3.1223
0.2	0.3	3.14938
0.2	0.31	3.18064
0.2	0.32	3.21627
0.2	0.33	3.25634
0.2	0.34	3.30082
0.2	0.35	3.3495
0.2	0.36	3.40202
0.2	0.37	3.45783
0.2	0.38	3.51621
0.2	0.39	3.57623
0.2	0.4	3.63683
0.2	0.41	3.6968
0.2	0.42	3.75484
0.2	0.43	3.80957
0.2	0.44	3.85963
0.2	0.45	3.90371
0.2	0.46	3.94059
0.2	0.47	3.96923
0.2	0.48	3.98881
0.2	0.49	3.99875
0.2	0.5	3.99875
0.2	0.51	3.98881
0.2	0.52	3.96923
0.2	0.53	3.94059
0.2	0.54	3.90371
0.2	0.55	3.85963
0.2	0.56	3.80957
0.2	0.57	3.75484
0.2	0.58	3.6968
0.2	0.59	3.63683
0.2	0.6	3.57623
0.2	0.61	3.51621
0.2	0.62	3.45783
0.2	0.63	3.40202
0.2	0.64	3.3495
0.2	0.65	3.30082
0.2	0.66	3.25634
0.2	0.67	3.21627
0.2	0.68	3.18064
0.2	0.69	3.14938
0.2	0.7	3.1223
0.2	0.71	3.09914
0.2	0.72	3.07956
0.2	0.73	3.06321
0.2	0.74	3.04972
0.2	0.75	3.03873
0.2	0.76	3.02986
0.2	0.77	3.02279
0.2	0.78	3.01723
0.2	0.79	3.01289
0.2	0.8	3.00955
0.2	0.81	3.007
0.2	0.82	3.00509
0.2	0.83	3.00366
0.2	0.84	3.0026
0.2	0.85	3.00183
0.2	0.86	3.00128
0.2	0.87	3.00088
0.2	0.88	3.0006
0.2	0.89	3.00041
0.2	0.9	3.00027
0.2	0.91	3.00018
0.2	0.92	3.00012
0.2	0.93	3.00008
0.2	0.94	3.00005
0.2	0.95	3.00003
0.2	0.96	3.00002
0.2	0.97	3.00001
0.2	0.98	3.00001
0.2	0.99	3.00001


0.21	0	3.00001
0.21	0.01	3.00001
0.21	0.02	3.00001
0.21	0.03	3.00002
0.21	0.04	3.00003
0.21	0.05	3.00005
0.21	0.06	3.00008
0.21	0.07	3.00012
0.21	0.08	3.00018
0.21	0.09	3.00027
0.21	0.1	3.00041
0.21	0.11	3.0006
0.21	0.12	3.00088
0.21	0.13	3.00128
0.21	0.14	3.00183
0.21	0.15	3.0026
0.21	0.16	3.00366
0.21	0.17	3.00509
0.21	0.18	3.007
0.21	0.19	3.00955
0.21	0.2	3.01289
0.21	0.21	3.01723
0.21	0.22	3.02279
0.21	0.23	3.02986
0.21	0.24	3.03873
0.21	0.25	3.04972
0.21	0.26	3.06321
0.21	0.27	3.07956
0.21	0.28	3.09914
0.21	0.29	3.1223
0.21	0.3	3.14938
0.21	0.31	3.18064
0.21	0.32	3.21627
0.21	0.33	3.25634
0.21	0.34	3.30082
0.21	0.35	3.3495
0.21	0.36	3.40202
0.21	0.37	3.45783
0.21	0.38	3.51621
0.21	0.39	3.57623
0.21	0.4	3.63683
0.21	0.41	3.6968
0.21	0.42	3.75484
0.21	0.43	3.80957
0.21	0.44	3.85963
0.21	0.45	3.90371
0.21	0.46	3.94059
0.21	0.47	3.96923
0.21	0.48	3.98881
0.21	0.49	3.99875
0.21	0.5	3.99875
0.21	0.51	3.98881
0.21	0.52	3.96923
0.21	0.53	3.94059
0.21	0.54	3.90371
0.21	0.55	3.85963
0.21	0.56	3.80957
0.21	0.57	3.75484
0.21	0.58	3.6968
0.21	0.59	3.63683
0.21	0.6	3.57623
0.21	0.61	3.51621
0.21	0.62	3.45783
0.21	0.63	3.40202
0.21	0.64	3.3495
0.21	0.65	3.30082
0.21	0.66	3.25634
0.21	0.67	3.21627
0.21	0.68	3.18064
0.21	0.69	3.14938
0.21	0.7	3.1223
0.21	0.71	3.09914
0.21	0.72	3.07956
0.21	0.73	3.06321
0.21	0.74	3.04972
0.21	0.75	3.03873
0.21	0.76	3.02986
0.21	0.77	3.02279
0.21	0.78	3.01723
0.21	0.79	3.01289
0.21	0.8	3.00955
0.21	0.81	3.007
0.21	0.82	3.00509
0.21	0.83	3.00366
0.21	0.84	3.0026
0.21	0.85	3.00183
0.21	0.86	3.00128
0.21	0.87	3.00088
0.21	0.88	3.0006
0.21	0.89	3.00041
0.21	0.9	3.00027
0.21	0.91	3.00018
0.21	0.92	3.00012
0.21	0.93	3.00008
0.21	0.94	3.00005
0.21	0.95	3.00003
0.21	0.96	3.00002
0.21	0.97	3.00001
0.21	0.98	3.00001
0.21	0.99	3.00001


0.22	0	3.00001
0.22	0.01	3.00001
0.22	0.02	3.00001
0.22	0.03	3.00002
0.22	0.04	3.00003
0.22	0.05	3.00005
0.22	0.06	3.00008
0.22	0.07	3.00012
0.22	0.08	3.00018
0.22	0.09	3.00027
0.22	0.1	3.00041
0.22	0.11	3.0006
0.22	0.12	3.00088
0.22	0.13	3.00128
0.22	0.14	3.00183
0.22	0.15	3.0026
0.22	0.16	3.00366
0.22	0.17	3.00509
0.22	0.18	3.007
0.22	0.19	3.00955
0.22	0.2	3.01289
0.22	0.21	3.01723
0.22	0.22	3.02279
0.22	0.23	3.02986
0.22	0.24	3.03873
0.22	0.25	3.04972
0.22	0.26	3.06321
0.22	0.27	3.07956
0.22	0.28	3.09914
0.22	0.29	3.1223
0.22	0.3	3.14938
0.22	0.31	3.18064
0.22	0.32	3.21627
0.22	0.33	3.25634
0.22	0.34	3.30082
0.22	0.35	3.3495
0.22	0.36	3.40202
0.22	0.37	3.45783
0.22	0.38	3.51621
0.22	0.39	3.57623
0.22	0.4	3.63683
0.22	0.41	3.6968
0.22	0.42	3.75484
0.22	0.43	3.80957
0.22	0.44	3.85963
0.22	0.45	3.90371
0.22	0.46	3.94059
0.22	0.47	3.96923
0.22	0.48	3.98881
0.22	0.49	3.99875
0.22	0.5	3.99875
0.22	0.51	3.98881
0.22	0.52	3.96923
0.22	0.53	3.94059
0.22	0.54	3.90371
0.22	0.55	3.85963
0.22	0.56	3.80957
0.22	0.57	3.75484
0.22	0.58	3.6968
0.22	0.59	3.63683
0.22	0.6	3.57623
0.22	0.61	3.51621
0.22	0.62	3.45783
0.22	0.63	3.40202
0.22	0.64	3.3495
0.22	0.65	3.30082
0.22	0.66	3.25634
0.22	0.67	3.21627
0.22	0.68	3.18064
0.22	0.69	3.14938
0.22	0.7	3.1223
0.22	0.71	3.09914
0.22	0.72	3.07956
0.22	0.73	3.06321
0.22	0.74	3.04972
0.22	0.75	3.03873
0.22	0.76	3.02986
0.22	0.77	3.02279
0.22	0.78	3.01723
0.22	0.79	3.01289
0.22	0.8	3.00955
0.22	0.81	3.007
0.22	0.82	3.00509
0.22	0.83	3.00366
0.22	0.84	3.0026
0.22	0.85	3.00183
0.22	0.86	3.00128
0.22	0.87	3.00088
0.22	0.88	3.0006
0.22	0.89	3.00041
0.22	0.9	3.00027
0.22	0.91	3.00018
0.22	0.92	3.00012
0.22	0.93	3.00008
0.22	0.94	3.00005
0.22	0.95	3.00003
0.22	0.96	3.00002
0.22	0.97	3.00001
0.22	0.98	3.00001
0.22	0.99	3.00001


0.23	0	3.00001
0.23	0.01	3.00001
0.23	0.02	3.00001
0.23	0.03	3.00002
0.23	0.04	3.00003
0.23	0.05	3.00005
0.23	0.06	3.00008
0.23	0.07	3.00012
0.23	0.08	3.00018
0.23	0.09	3.00027
0.23	0.1	3.00041
0.23	0.11	3.0006
0.23	0.12	3.00088
0.23	0.13	3.00128
0.23	0.14	3.00183
0.23	0.15	3.0026
0.23	0.16	3.00366
0.23	0.17	3.00509
0.23	0.18	3.007
0.23	0.19	3.00955
0.23	0.2	3.01289
0.23	0.21	3.01723
0.23	0.22	3.02279
0.23	0.23	3.02986
0.23	0.24	3.03873
0.23	0.25	3.04972
0.23	0.26	3.06321
0.23	0.27	3.07956
0.23	0.28	3.09914
0.23	0.29	3.1223
0.23	0.3	3.14938
0.23	0.31	3.18064
0.23	0.32	3.21627
0.23	0.33	3.25634
0.23	0.34	3.30082
0.23	0.35	3.3495
0.23	0.36	3.40202
0.23	0.37	3.45783
0.23	0.38	3.51621
0.23	0.39	3.57623
0.23	0.4	3.63683
0.23	0.41	3.6968
0.23	0.42	3.75484
0.23	0.43	3.80957
0.23	0.44	3.85963
0.23	0.45	3.90371
0.23	0.46	3.94059
0.23	0.47	3.96923
0.23	0.48	3.98881
0.23	0.49	3.99875
0.23	0.5	3.99875
0.23	0.51	3.98881
0.23	0.52	3.96923
0.23	0.53	3.94059
0.23	0.54	3.90371
0.23	0.55	3.85963
0.23	0.56	3.80957
0.23	0.57	3.75484
0.23	0.58	3.6968
0.23	0.59	3.63683
0.23	0.6	3.57623
0.23	0.61	3.51621
0.23	0.62	3.45783
0.23	0.63	3.40202
0.23	0.64	3.3495
0.23	0.65	3.30082
0.23	0.66	3.25634
0.23	0.67	3.21627
0.23	0.68	3.18064
0.23	0.69	3.14938
0.23	0.7	3.1223
0.23	0.71	3.09914
0.23	0.72	3.07956
0.23	0.73	3.06321
0.23	0.74	3.04972
0.23	0.75	3.03873
0.23	0.76	3.02986
0.23	0.77	3.02279
0.23	0.78	3.01723
0.23	0.79	3.01289
0.23	0.8	3.00955
0.23	0.81	3.007
0.23	0.82	3.00509
0.23	0.83	3.00366
0.23	0.84	3.0026
0.23	0.85	3.00183
0.23	0.86	3.00128
0.23	0.87	3.00088
0.23	0.88	3.0006
0.23	0.89	3.00041
0.23	0.9	3.00027
0.23	0.91	3.00018
0.23	0.92	3.00012
0.23	0.93	3.00008
0.23	0.94	3.00005
0.23	0.95	3.00003
0.23	0.96	3.00002
0.23	0.97	3.00001
0.23	0.98	3.00001
0.23	0.99	3.00001


0.24	0	3.00001
0.24	0.01	3.00001
0.24	0.02	3.00001
0.24	0.03	3.00002
0.24	0.04	3.00003
0.24	0.05	3.00005
0.24	0.06	3.00008
0.24	0.07	3.00012
0.24	0.08	3.00018
0.24	0.09	3.00027
0.24	0.1	3.00041
0.24	0.11	3.0006
0.24	0.12	3.00088
0.24	0.13	3.00128
0.24	0.14	3.00183
0.24	0.15	3.0026
0.24	0.16	3.00366
0.24	0.17	3.00509
0.24	0.18	3.007
0.24	0.19	3.00955
0.24	0.2	3.01289
0.24	0.21	3.01723
0.24	0.22	3.02279
0.24	0.23	3.02986
0.24	0.24	3.03873
0.24	0.25	3.04972
0.24	0.26	3.06321
0.24	0.27	3.07956
0.24	0.28	3.09914
0.24	0.29	3.1223
0.24	0.3	3.14938
0.24	0.31	3.18064
0.24	0.32	3.21627
0.24	0.33	3.25634
0.24	0.34	3.30082
0.24	0.35	3.3495
0.24	0.36	3.40202
0.24	0.37	3.45783
0.24	0.38	3.51621
0.24	0.39	3.57623
0.24	0.4	3.63683
0.24	0.41	3.6968
0.24	0.42	3.75484
0.24	0.43	3.80957
0.24	0.44	3.85963
0.24	0.45	3.90371
0.24	0.46	3.94059
0.24	0.47	3.96923
0.24	0.48	3.98881
0.24	0.49	3.99875
0.24	0.5	3.99875
0.24	0.51	3.98881
0.24	0.52	3.96923
0.24	0.53	3.94059
0.24	0.54	3.90371
0.24	0.55	3.85963
0.24	0.56	3.80957
0.24	0.57	3.75484
0.24	0.58	3.6968
0.24	0.59	3.63683
0.24	0.6	3.57623
0.24	0.61	3.51621
0.24	0.62	3.45783
0.24	0.63	3.40202
0.24	0.64	3.3495
0.24	0.65	3.30082
0.24	0.66	3.25634
0.24	0.67	3.21627
0.24	0.68	3.18064
0.24	0.69	3.14938
0.24	0.7	3.1223
0.24	0.71	3.09914
0.24	0.72	3.07956
0.24	0.73	3.06321
0.24	0.74	3.04972
0.24	0.75	3.03873
0.24	0.76	3.02986
0.24	0.77	3.02279
0.24	0.78	3.01723
0.24	0.79	3.01289
0.24	0.8	3.00955
0.24	0.81	3.007
0.24	0.82	3.00509
0.24	0.83	3.00366
0.24	0.84	3.0026
0.24	0.85	3.00183
0.24	0.86	3.00128
0.24	0.87	3.00088
0.24	0.88	3.0006
0.24	0.89	3.00041
0.24	0.9	3.00027
0.24	0.91	3.00018
0.24	0.92	3.00012
0.24	0.93	3.00008
0.24	0.94	3.00005
0.24	0.95	3.00003
0.24	0.96	3.00002
0.24	0.97	3.00001
0.24	0.98	3.00001
0.24	0.99	3.00001


0.25	0	3.00001
0.25	0.01	3.00001
0.25	0.02	3.00001
0.25	0.03	3.00002
0.25	0.04	3.00003
0.25	0.05	3.00005
0.25	0.06	3.00008
0.25	0.07	3.00012
0.25	0.08	3.00018
0.25	0.09	3.00027
0.25	0.1	3.00041
0.25	0.11	3.0006
0.25	0.12	3.00088
0.25	0.13	3.00128
0.25	0.14	3.00183
0.25	0.15	3.0026
0.25	0.16	3.00366
0.25	0.17	3.00509
0.25	0.18	3.007
0.25	0.19	3.00955
0.25	0.2	3.01289
0.25	0.21	3.01723
0.25	0.22	3.02279
0.25	0.23	3.02986
0.25	0.24	3.03873
0.25	0.25	3.04972
0.25	0.26	3.06321
0.25	0.27	3.07956
0.25	0.28	3.09914
0.25	0.29	3.1223
0.25	0.3	3.14938
0.25	0.31	3.18064
0.25	0.32	3.21627
0.25	0.33	3.25634
0.25	0.34	3.30082
0.25	0.35	3.3495
0.25	0.36	3.40202
0.25	0.37	3.45783
0.25	0.38	3.51621
0.25	0.39	3.57623
0.25	0.4	3.63683
0.25	0.41	3.6968
0.25	0.42	3.75484
0.25	0.43	3.80957
0.25	0.44	3.85963
0.25	0.45	3.90371
0.25	0.46	3.94059
0.25	0.47	3.96923
0.25	0.48	3.98881
0.25	0.49	3.99875
0.25	0.5	3.99875
0.25	0.51	3.98881
0.25	0.52	3.96923
0.25	0.53	3.94059
0.25	0.54	3.90371
0.25	0.55	3.85963
0.25	0.56	3.80957
0.25	0.57	3.75484
0.25	0.58	3.6968
0.25	0.59	3.63683
0.25	0.6	3.57623
0.25	0.61	3.51621
0.25	0.62	3.45783
0.25	0.63	3.40202
0.25	0.64	3.3495
0.25	0.65	3.30082
0.25	0.66	3.25634
0.25	0.67	3.21627
0.25	0.68	3.18064
0.25	0.69	3.14938
0.25	0.7	3.1223
0.25	0.71	3.09914
0.25	0.72	3.07956
0.25	0.73	3.06321
0.25	0.74	3.04972
0.25	0.75	3.03873
0.25	0.76	3.02986
0.25	0.77	3.02279
0.25	0.78	3.01723
0.25	0.79	3.01289
0.25	0.8	3.00955
0.25	0.81	3.007
0.25	0.82	3.00509
0.25	0.83	3.00366
0.25	0.84	3.0026
0.25	0.85	3.00183
0.25	0.86	3.00128
0.25	0.87	3.00088
0.25	0.88	3.0006
0.25	0.89	3.00041
0.25	0.9	3.00027
0.25	0.91	3.00018
0.25	0.92	3.00012
0.25	0.93	3.00008
0.25	0.94	3.00005
0.25	0.95	3.00003
0.25	0.96	3.00002
0.25	0.97	3.00001
0.25	0.98	3.00001
0.25	0.99	3.00001


0.26	0	3.00001
0.26	0.01	3.00001
0.26	0.02	3.00001
0.26	0.03	3.00002
0.26	0.04	3.00003
0.26	0.05	3.00005
0.26	0.06	3.00008
0.26	0.07	3.00012
0.26	0.08	3.00018
0.26	0.09	3.00027
0.26	0.1	3.00041
0.26	0.11	3.0006
0.26	0.12	3.00088
0.26	0.13	3.00128
0.26	0.14	3.00183
0.26	0.15	3.0026
0.26	0.16	3.00366
0.26	0.17	3.00509
0.26	0.18	3.007
0.26	0.19	3.00955
0.26	0.2	3.01289
0.26	0.21	3.01723
0.26	0.22	3.02279
0.26	0.23	3.02986
0.26	0.24	3.03873
0.26	0.25	3.04972
0.26	0.26	3.06321
0.26	0.27	3.07956
0.26	0.28	3.09914
0.26	0.29	3.1223
0.26	0.3	3.14938
0.26	0.31	3.18064
0.26	0.32	3.21627
0.26	0.33	3.25634
0.26	0.34	3.30082
0.26	0.35	3.3495
0.26	0.36	3.40202
0.26	0.37	3.45783
0.26	0.38	3.51621
0.26	0.39	3.57623
0.26	0.4	3.63683
0.26	0.41	3.6968
0.26	0.42	3.75484
0.26	0.43	3.80957
0.26	0.44	3.85963
0.26	0.45	3.90371
0.26	0.46	3.94059
0.26	0.47	3.96923
0.26	0.48	3.98881
0.26	0.49	3.99875
0.26	0.5	3.99875
0.26	0.51	3.98881
0.26	0.52	3.96923
0.26	0.53	3.94059
0.26	0.54	3.90371
0.26	0.55	3.85963
0.26	0.56	3.80957
0.26	0.57	3.75484
0.26	0.58	3.6968
0.26	0.59	3.63683
0.26	0.6	3.57623
0.26	0.61	3.51621
0.26	0.62	3.45783
0.26	0.63	3.40202
0.26	0.64	3.3495
0.26	0.65	3.30082
0.26	0.66	3.25634
0.26	0.67	3.21627
0.26	0.68	3.18064
0.26	0.69	3.14938
0.26	0.7	3.1223
0.26	0.71	3.09914
0.26	0.72	3.07956
0.26	0.73	3.06321
0.26	0.74	3.04972
0.26	0.75	3.03873
0.26	0.76	3.02986
0.26	0.77	3.02279
0.26	0.78	3.01723
0.26	0.79	3.01289
0.26	0.8	3.00955
0.26	0.81	3.007
0.26	0.82	3.00509
0.26	0.83	3.00366
0.26	0.84	3.0026
0.26	0.85	3.00183
0.26	0.86	3.00128
0.26	0.87	3.00088
0.26	0.88	3.0006
0.26	0.89	3.00041
0.26	0.9	3.00027
0.26	0.91	3.00018
0.26	0.92	3.00012
0.26	0.93	3.00008
0.26	0.94	3.00005
0.26	0.95	3.00003
0.26	0.96	3.00002
0.26	0.97	3.00001
0.26	0.98	3.00001
0.26	0.99	3.00001


0.27	0	3.00001
0.27	0.01	3.00001
0.27	0.02	3.00001
0.27	0.03	3.00002
0.27	0.04	3.00003
0.27	0.05	3.00005
0.27	0.06	3.00008
0.27	0.07	3.00012
0.27	0.08	3.00018
0.27	0.09	3.00027
0.27	0.1	3.00041
0.27	0.11	3.0006
0.27	0.12	3.00088
0.27	0.13	3.00128
0.27	0.14	3.00183
0.27	0.15	3.0026
0.27	0.16	3.00366
0.27	0.17	3.00509
0.27	0.18	3.007
0.27	0.19	3.00955
0.27	0.2	3.01289
0.27	0.21	3.01723
0.27	0.22	3.02279
0.27	0.23	3.02986
0.27	0.24	3.03873
0.27	0.25	3.04972
0.27	0.26	3.06321
0.27	0.27	3.07956
0.27	0.28	3.09914
0.27	0.29	3.1223
0.27	0.3	3.14938
0.27	0.31	3.18064
0.27	0.32	3.21627
0.27	0.33	3.25634
0.27	0.34	3.30082
0.27	0.35	3.3495
0.27	0.36	3.40202
0.27	0.37	3.45783
0.27	0.38	3.51621
0.27	0.39	3.57623
0.27	0.4	3.63683
0.27	0.41	3.6968
0.27	0.42	3.75484
0.27	0.43	3.80957
0.27	0.44	3.85963
0.27	0.45	3.90371
0.27	0.46	3.94059
0.27	0.47	3.96923
0.27	0.48	3.98881
0.27	0.49	3.99875
0.27	0.5	3.99875
0.27	0.51	3.98881
0.27	0.52	3.96923
0.27	0.53	3.94059
0.27	0.54	3.90371
0.27	0.55	3.85963
0.27	0.56	3.80957
0.27	0.57	3.75484
0.27	0.58	3.6968
0.27	0.59	3.63683
0.27	0.6	3.57623
0.27	0.61	3.51621
0.27	0.62	3.45783
0.27	0.63	3.40202
0.27	0.64	3.3495
0.27	0.65	3.30082
0.27	0.66	3.25634
0.27	0.67	3.21627
0.27	0.68	3.18064
0.27	0.69	3.14938
0.27	0.7	3.1223
0.27	0.71	3.09914
0.27	0.72	3.07956
0.27	0.73	3.06321
0.27	0.74	3.04972
0.27	0.75	3.03873
0.27	0.76	3.02986
0.27	0.77	3.02279
0.27	0.78	3.01723
0.27	0.79	3.01289
0.27	0.8	3.00955
0.27	0.81	3.007
0.27	0.82	3.00509
0.27	0.83	3.00366
0.27	0.84	3.0026
0.27	0.85	3.00183
0.27	0.86	3.00128
0.27	0.87	3.00088
0.27	0.88	3.0006
0.27	0.89	3.00041
0.27	0.9	3.00027
0.27	0.91	3.00018
0.27	0.92	3.00012
0.27	0.93	3.00008
0.27	0.94	3.00005
0.27	0.95	3.00003
0.27	0.96	3.00002
0.27	0.97	3.00001
0.27	0.98	3.00001
0.27	0.99	3.00001


0.28	0	3.00001
0.28	0.01	3.00001
0.28	0.02	3.00001
0.28	0.03	3.00002
0.28	0.04	3.00003
0.28	0.05	3.00005
0.28	0.06	3.00008
0.28	0.07	3.00012
0.28	0.08	3.00018
0.28	0.09	3.00027
0.28	0.1	3.00041
0.28	0.11	3.0006
0.28	0.12	3.00088
0.28	0.13	3.00128
0.28	0.14	3.00183
0.28	0.15	3.0026
0.28	0.16	3.00366
0.28	0.17	3.00509
0.28	0.18	3.007
0.28	0.19	3.00955
0.28	0.2	3.01289
0.28	0.21	3.01723
0.28	0.22	3.02279
0.28	0.23	3.02986
0.28	0.24	3.03873
0.28	0.25	3.04972
0.28	0.26	3.06321
0.28	0.27	3.07956
0.28	0.28	3.09914
0.28	0.29	3.1223
0.28	0.3	3.14938
0.28	0.31	3.18064
0.28	0.32	3.21627
0.28	0.33	3.25634
0.28	0.34	3.30082
0.28	0.35	3.3495
0.28	0.36	3.40202
0.28	0.37	3.45783
0.28	0.38	3.51621
0.28	0.39	3.57623
0.28	0.4	3.63683
0.28	0.41	3.6968
0.28	0.42	3.75484
0.28	0.43	3.80957
0.28	0.44	3.85963
0.28	0.45	3.90371
0.28	0.46	3.94059
0.28	0.47	3.96923
0.28	0.48	3.98881
0.28	0.49	3.99875
0.28	0.5	3.99875
0.28	0.51	3.98881
0.28	0.52	3.96923
0.28	0.53	3.94059
0.28	0.54	3.90371
0.28	0.55	3.85963
0.28	0.56	3.80957
0.28	0.57	3.75484
0.28	0.58	3.6968
0.28	0.59	3.63683
0.28	0.6	3.57623
0.28	0.61	3.51621
0.28	0.62	3.45783
0.28	0.63	3.40202
0.28	0.64	3.3495
0.28	0.65	3.30082
0.28	0.66	3.25634
0.28	0.67	3.21627
0.28	0.68	3.18064
0.28	0.69	3.14938
0.28	0.7	3.1223
0.28	0.71	3.09914
0.28	0.72	3.07956
0.28	0.73	3.06321
0.28	0.74	3.04972
0.28	0.75	3.03873
0.28	0.76	3.02986
0.28	0.77	3.02279
0.28	0.78	3.01723
0.28	0.79	3.01289
0.28	0.8	3.00955
0.28	0.81	3.007
0.28	0.82	3.00509
0.28	0.83	3.00366
0.28	0.84	3.0026
0.28	0.85	3.00183
0.28	0.86	3.00128
0.28	0.87	3.00088
0.28	0.88	3.0006
0.28	0.89	3.00041
0.28	0.9	3.00027
0.28	0.91	3.00018
0.28	0.92	3.00012
0.28	0.93	3.00008
0.28	0.94	3.00005
0.28	0.95	3.00003
0.28	0.96	3.00002
0.28	0.97	3.00001
0.28	0.98	3.00001
0.28	0.99	3.00001


0.29	0	3.00001
0.29	0.01	3.00001
0.29	0.02	3.00001
0.29	0.03	3.00002
0.29	0.04	3.00003
0.29	0.05	3.00005
0.29	0.06	3.00008
0.29	0.07	3.00012
0.29	0.08	3.00018
0.29	0.09	3.00027
0.29	0.1	3.00041
0.29	0.11	3.0006
0.29	0.12	3.00088
0.29	0.13	3.00128
0.29	0.14	3.00183
0.29	0.15	3.0026
0.29	0.16	3.00366
0.29	0.17	3.00509
0.29	0.18	3.007
0.29	0.19	3.00955
0.29	0.2	3.01289
0.29	0.21	3.01723
0.29	0.22	3.02279
0.29	0.23	3.02986
0.29	0.24	3.03873
0.29	0.25	3.04972
0.29	0.26	3.06321
0.29	0.27	3.07956
0.29	0.28	3.09914
0.29	0.29	3.1223
0.29	0.3	3.14938
0.29	0.31	3.18064
0.29	0.32	3.21627
0.29	0.33	3.25634
0.29	0.34	3.30082
0.29	0.35	3.3495
0.29	0.36	3.40202
0.29	0.37	3.45783
0.29	0.38	3.51621
0.29	0.39	3.57623
0.29	0.4	3.63683
0.29	0.41	3.6968
0.29	0.42	3.75484
0.29	0.43	3.80957
0.29	0.44	3.85963
0.29	0.45	3.90371
0.29	0.46	3.94059
0.29	0.47	3.96923
0.29	0.48	3.98881
0.29	0.49	3.99875
0.29	0.5	3.99875
0.29	0.51	3.98881
0.29	0.52	3.96923
0.29	0.53	3.94059
0.29	0.54	3.90371
0.29	0.55	3.85963
0.29	0.56	3.80957
0.29	0.57	3.75484
0.29	0.58	3.6968
0.29	0.59	3.63683
0.29	0.6	3.57623
0.29	0.61	3.51621
0.29	0.62	3.45783
0.29	0.63	3.40202
0.29	0.64	3.3495
0.29	0.65	3.30082
0.29	0.66	3.25634
0.29	0.67	3.21627
0.29	0.68	3.18064
0.29	0.69	3.14938
0.29	0.7	3.1223
0.29	0.71	3.09914
0.29	0.72	3.07956
0.29	0.73	3.06321
0.29	0.74	3.04972
0.29	0.75	3.03873
0.29	0.76	3.02986
0.29	0.77	3.02279
0.29	0.78	3.01723
0.29	0.79	3.01289
0.29	0.8	3.00955
0.29	0.81	3.007
0.29	0.82	3.00509
0.29	0.83	3.00366
0.29	0.84	3.0026
0.29	0.85	3.00183
0.29	0.86	3.00128
0.29	0.87	3.00088
0.29	0.88	3.0006
0.29	0.89	3.00041
0.29	0.9	3.00027
0.29	0.91	3.00018
0.29	0.92	3.00012
0.29	0.93	3.00008
0.29	0.94	3.00005
0.29	0.95	3.00003
0.29	0.96	3.00002
0.29	0.97	3.00001
0.29	0.98	3.00001
0.29	0.99	3.00001


0.3	0	3.00001
0.3	0.01	3.00001
0.3	0.02	3.00001
0.3	0.03	3.00002
0.3	0.04	3.00003
0.3	0.05	3.00005
0.3	0.06	3.00008
0.3	0.07	3.00012
0.3	0.08	3.00018
0.3	0.09	3.00027
0.3	0.1	3.00041
0.3	0.11	3.0006
0.3	0.12	3.00088
0.3	0.13	3.00128
0.3	0.14	3.00183
0.3	0.15	3.0026
0.3	0.16	3.00366
0.3	0.17	3.00509
0.3	0.18	3.007
0.3	0.19	3.00955
0.3	0.2	3.01289
0.3	0.21	3.01723
0.3	0.22	3.02279
0.3	0.23	3.02986
0.3	0.24	3.03873
0.3	0.25	3.04972
0.3	0.26	3.06321
0.3	0.27	3.07956
0.3	0.28	3.09914
0.3	0.29	3.1223
0.3	0.3	3.14938
0.3	0.31	3.18064
0.3	0.32	3.21627
0.3	0.33	3.25634
0.3	0.34	3.30082
0.3	0.35	3.3495
0.3	0.36	3.40202
0.3	0.37	3.45783
0.3	0.38	3.51621
0.3	0.39	3.57623
0.3	0.4	3.63683
0.3	0.41	3.6968
0.3	0.42	3.75484
0.3	0.43	3.80957
0.3	0.44	3.85963
0.3	0.45	3.90371
0.3	0.46	3.94059
0.3	0.47	3.96923
0.3	0.48	3.98881
0.3	0.49	3.99875
0.3	0.5	3.99875
0.3	0.51	3.98881
0.3	0.52	3.96923
0.3	0.53	3.94059
0.3	0.54	3.90371
0.3	0.55	3.85963
0.3	0.56	3.80957
0.3	0.57	3.75484
0.3	0.58	3.6968
0.3	0.59	3.63683
0.3	0.6	3.57623
0.3	0.61	3.51621
0.3	0.62	3.45783
0.3	0.63	3.40202
0.3	0.64	3.3495
0.3	0.65	3.30082
0.3	0.66	3.25634
0.3	0.67	3.21627
0.3	0.68	3.18064
0.3	0.69	3.14938
0.3	0.7	3.1223
0.3	0.71	3.09914
0.3	0.72	3.07956
0.3	0.73	3.06321
0.3	0.74	3.04972
0.3	0.75	3.03873
0.3	0.76	3.02986
0.3	0.77	3.02279
0.3	0.78	3.01723
0.3	0.79	3.01289
0.3	0.8	3.00955
0.3	0.81	3.007
0.3	0.82	3.00509
0.3	0.83	3.00366
0.3	0.84	3.0026
0.3	0.85	3.00183
0.3	0.86	3.00128
0.3	0.87	3.00088
0.3	0.88	3.0006
0.3	0.89	3.00041
0.3	0.9	3.00027
0.3	0.91	3.00018
0.3	0.92	3.00012
0.3	0.93	3.00008
0.3	0.94	3.00005
0.3	0.95	3.00003
0.3	0.96	3.00002
0.3	0.97	3.00001
0.3	0.98	3.00001
0.3	0.99	3.00001


0.31	0	3.00001
0.31	0.01	3.00001
0.31	0.02	3.00001
0.31	0.03	3.00002
0.31	0.04	3.00003
0.31	0.05	3.00005
0.31	0.06	3.00008
0.31	0.07	3.00012
0.31	0.08	3.00018
0.31	0.09	3.00027
0.31	0.1	3.00041
0.31	0.11	3.0006
0.31	0.12	3.00088
0.31	0.13	3.00128
0.31	0.14	3.00183
0.31	0.15	3.0026
0.31	0.16	3.00366
0.31	0.17	3.00509
0.31	0.18	3.007
0.31	0.19	3.00955
0.31	0.2	3.01289
0.31	0.21	3.01723
0.31	0.22	3.02279
0.31	0.23	3.02986
0.31	0.24	3.03873
0.31	0.25	3.04972
0.31	0.26	3.06321
0.31	0.27	3.07956
0.31	0.28	3.09914
0.31	0.29	3.1223
0.31	0.3	3.14938
0.31	0.31	3.18064
0.31	0.32	3.21627
0.31	0.33	3.25634
0.31	0.34	3.30082
0.31	0.35	3.3495
0.31	0.36	3.40202
0.31	0.37	3.45783
0.31	0.38	3.51621
0.31	0.39	3.57623
0.31	0.4	3.63683
0.31	0.41	3.6968
0.31	0.42	3.75484
0.31	0.43	3.80957
0.31	0.44	3.85963
0.31	0.45	3.90371
0.31	0.46	3.94059
0.31	0.47	3.96923
0.31	0.48	3.98881
0.31	0.49	3.99875
0.31	0.5	3.99875
0.31	0.51	3.98881
0.31	0.52	3.96923
0.31	0.53	3.94059
0.31	0.54	3.90371
0.31	0.55	3.85963
0.31	0.56	3.80957
0.31	0.57	3.75484
0.31	0.58	3.6968
0.31	0.59	3.63683
0.31	0.6	3.57623
0.31	0.61	3.51621
0.31	0.62	3.45783
0.31	0.63	3.40202
0.31	0.64	3.3495
0.31	0.65	3.30082
0.31	0.66	3.25634
0.31	0.67	3.21627
0.31	0.68	3.18064
0.31	0.69	3.14938
0.31	0.7	3.1223
0.31	0.71	3.09914
0.31	0.72	3.07956
0.31	0.73	3.06321
0.31	0.74	3.04972
0.31	0.75	3.03873
0.31	0.76	3.02986
0.31	0.77	3.02279
0.31	0.78	3.01723
0.31	0.79	3.01289
0.31	0.8	3.00955
0.31	0.81	3.007
0.31	0.82	3.00509
0.31	0.83	3.00366
0.31	0.84	3.0026
0.31	0.85	3.00183
0.31	0.86	3.00128
0.31	0.87	3.00088
0.31	0.88	3.0006
0.31	0.89	3.00041
0.31	0.9	3.00027
0.31	0.91	3.00018
0.31	0.92	3.00012
0.31	0.93	3.00008
0.31	0.94	3.00005
0.31	0.95	3.00003
0.31	0.96	3.00002
0.31	0.97	3.00001
0.31	0.98	3.00001
0.31	0.99	3.00001


0.32	0	3.00001
0.32	0.01	3.00001
0.32	0.02	3.00001
0.32	0.03	3.00002
0.32	0.04	3.00003
0.32	0.05	3.00005
0.32	0.06	3.00008
0.32	0.07	3.00012
0.32	0.08	3.00018
0.32	0.09	3.00027
0.32	0.1	3.00041
0.32	0.11	3.0006
0.32	0.12	3.00088
0.32	0.13	3.00128
0.32	0.14	3.00183
0.32	0.15	3.0026
0.32	0.16	3.00366
0.32	0.17	3.00509
0.32	0.18	3.007
0.32	0.19	3.00955
0.32	0.2	3.01289
0.32	0.21	3.01723
0.32	0.22	3.02279
0.32	0.23	3.02986
0.32	0.24	3.03873
0.32	0.25	3.04972
0.32	0.26	3.06321
0.32	0.27	3.07956
0.32	0.28	3.09914
0.32	0.29	3.1223
0.32	0.3	3.14938
0.32	0.31	3.18064
0.32	0.32	3.21627
0.32	0.33	3.25634
0.32	0.34	3.30082
0.32	0.35	3.3495
0.32	0.36	3.40202
0.32	0.37	3.45783
0.32	0.38	3.51621
0.32	0.39	3.57623
0.32	0.4	3.63683
0.32	0.41	3.6968
0.32	0.42	3.75484
0.32	0.43	3.80957
0.32	0.44	3.85963
0.32	0.45	3.90371
0.32	0.46	3.94059
0.32	0.47	3.96923
0.32	0.48	3.98881
0.32	0.49	3.99875
0.32	0.5	3.99875
0.32	0.51	3.98881
0.32	0.52	3.96923
0.32	0.53	3.94059
0.32	0.54	3.90371
0.32	0.55	3.85963
0.32	0.56	3.80957
0.32	0.57	3.75484
0.32	0.58	3.6968
0.32	0.59	3.63683
0.32	0.6	3.57623
0.32	0.61	3.51621
0.32	0.62	3.45783
0.32	0.63	3.40202
0.32	0.64	3.3495
0.32	0.65	3.30082
0.32	0.66	3.25634
0.32	0.67	3.21627
0.32	0.68	3.18064
0.32	0.69	3.14938
0.32	0.7	3.1223
0.32	0.71	3.09914
0.32	0.72	3.07956
0.32	0.73	3.06321
0.32	0.74	3.04972
0.32	0.75	3.03873
0.32	0.76	3.02986
0.32	0.77	3.02279
0.32	0.78	3.01723
0.32	0.79	3.01289
0.32	0.8	3.00955
0.32	0.81	3.007
0.32	0.82	3.00509
0.32	0.83	3.00366
0.32	0.84	3.0026
0.32	0.85	3.00183
0.32	0.86	3.00128
0.32	0.87	3.00088
0.32	0.88	3.0006
0.32	0.89	3.00041
0.32	0.9	3.00027
0.32	0.91	3.00018
0.32	0.92	3.00012
0.32	0.93	3.00008
0.32	0.94	3.00005
0.32	0.95	3.00003
0.32	0.96	3.00002
0.32	0.97	3.00001
0.32	0.98	3.00001
0.32	0.99	3.00001


0.33	0	3.00001
0.33	0.01	3.00001
0.33	0.02	3.00001
0.33	0.03	3.00002
0.33	0.04	3.00003
0.33	0.05	3.00005
0.33	0.06	3.00008
0.33	0.07	3.00012
0.33	0.08	3.00018
0.33	0.09	3.00027
0.33	0.1	3.00041
0.33	0.11	3.0006
0.33	0.12	3.00088
0.33	0.13	3.00128
0.33	0.14	3.00183
0.33	0.15	3.0026
0.33	0.16	3.00366
0.33	0.17	3.00509
0.33	0.18	3.007
0.33	0.19	3.00955
0.33	0.2	3.01289
0.33	0.21	3.01723
0.33	0.22	3.02279
0.33	0.23	3.02986
0.33	0.24	3.03873
0.33	0.25	3.04972
0.33	0.26	3.06321
0.33	0.27	3.07956
0.33	0.28	3.09914
0.33	0.29	3.1223
0.33	0.3	3.14938
0.33	0.31	3.18064
0.33	0.32	3.21627
0.33	0.33	3.25634
0.33	0.34	3.30082
0.33	0.35	3.3495
0.33	0.36	3.40202
0.33	0.37	3.45783
0.33	0.38	3.51621
0.33	0.39	3.57623
0.33	0.4	3.63683
0.33	0.41	3.6968
0.33	0.42	3.75484
0.33	0.43	3.80957
0.33	0.44	3.85963
0.33	0.45	3.90371
0.33	0.46	3.94059
0.33	0.47	3.96923
0.33	0.48	3.98881
0.33	0.49	3.99875
0.33	0.5	3.99875
0.33	0.51	3.98881
0.33	0.52	3.96923
0.33	0.53	3.94059
0.33	0.54	3.90371
0.33	0.55	3.85963
0.33	0.56	3.80957
0.33	0.57	3.75484
0.33	0.58	3.6968
0.33	0.59	3.63683
0.33	0.6	3.57623
0.33	0.61	3.51621
0.33	0.62	3.45783
0.33	0.63	3.40202
0.33	0.64	3.3495
0.33	0.65	3.30082
0.33	0.66	3.25634
0.33	0.67	3.21627
0.33	0.68	3.18064
0.33	0.69	3.14938
0.33	0.7	3.1223
0.33	0.71	3.09914
0.33	0.72	3.07956
0.33	0.73	3.06321
0.33	0.74	3.04972
0.33	0.75	3.03873
0.33	0.76	3.02986
0.33	0.77	3.02279
0.33	0.78	3.01723
0.33	0.79	3.01289
0.33	0.8	3.00955
0.33	0.81	3.007
0.33	0.82	3.00509
0.33	0.83	3.00366
0.33	0.84	3.0026
0.33	0.85	3.00183
0.33	0.86	3.00128
0.33	0.87	3.00088
0.33	0.88	3.0006
0.33	0.89	3.00041
0.33	0.9	3.00027
0.33	0.91	3.00018
0.33	0.92	3.00012
0.33	0.93	3.00008
0.33	0.94	3.00005
0.33	0.95	3.00003
0.33	0.96	3.00002
0.33	0.97	3.00001
0.33	0.98	3.00001
0.33	0.99	3.00001


0.34	0	3.00001
0.34	0.01	3.00001
0.34	0.02	3.00001
0.34	0.03	3.00002
0.34	0.04	3.00003
0.34	0.05	3.00005
0.34	0.06	3.00008
0.34	0.07	3.00012
0.34	0.08	3.00018
0.34	0.09	3.00027
0.34	0.1	3.00041
0.34	0.11	3.0006
0.34	0.12	3.00088
0.34	0.13	3.00128
0.34	0.14	3.00183
0.34	0.15	3.0026
0.34	0.16	3.00366
0.34	0.17	3.00509
0.34	0.18	3.007
0.34	0.19	3.00955
0.34	0.2	3.01289
0.34	0.21	3.01723
0.34	0.22	3.02279
0.34	0.23	3.02986
0.34	0.24	3.03873
0.34	0.25	3.04972
0.34	0.26	3.06321
0.34	0.27	3.07956
0.34	0.28	3.09914
0.34	0.29	3.1223
0.34	0.3	3.14938
0.34	0.31	3.18064
0.34	0.32	3.21627
0.34	0.33	3.25634
0.34	0.34	3.30082
0.34	0.35	3.3495
0.34	0.36	3.40202
0.34	0.37	3.45783
0.34	0.38	3.51621
0.34	0.39	3.57623
0.34	0.4	3.63683
0.34	0.41	3.6968
0.34	0.42	3.75484
0.34	0.43	3.80957
0.34	0.44	3.85963
0.34	0.45	3.90371
0.34	0.46	3.94059
0.34	0.47	3.96923
0.34	0.48	3.98881
0.34	0.49	3.99875
0.34	0.5	3.99875
0.34	0.51	3.98881
0.34	0.52	3.96923
0.34	0.53	3.94059
0.34	0.54	3.90371
0.34	0.55	3.85963
0.34	0.56	3.80957
0.34	0.57	3.75484
0.34	0.58	3.6968
0.34	0.59	3.63683
0.34	0.6	3.57623
0.34	0.61	3.51621
0.34	0.62	3.45783
0.34	0.63	3.40202
0.34	0.64	3.3495
0.34	0.65	3.30082
0.34	0.66	3.25634
0.34	0.67	3.21627
0.34	0.68	3.18064
0.34	0.69	3.14938
0.34	0.7	3.1223
0.34	0.71	3.09914
0.34	0.72	3.07956
0.34	0.73	3.06321
0.34	0.74	3.04972
0.34	0.75	3.03873
0.34	0.76	3.02986
0.34	0.77	3.02279
0.34	0.78	3.01723
0.34	0.79	3.01289
0.34	0.8	3.00955
0.34	0.81	3.007
0.34	0.82	3.00509
0.34	0.83	3.00366
0.34	0.84	3.0026
0.34	0.85	3.00183
0.34	0.86	3.00128
0.34	0.87	3.00088
0.34	0.88	3.0006
0.34	0.89	3.00041
0.34	0.9	3.00027
0.34	0.91	3.00018
0.34	0.92	3.00012
0.34	0.93	3.00008
0.34	0.94	3.00005
0.34	0.95	3.00003
0.34	0.96	3.00002
0.34	0.97	3.00001
0.34	0.98	3.00001
0.34	0.99	3.00001


0.35	0	3.00001
0.35	0.01	3.00001
0.35	0.02	3.00001
0.35	0.03	3.00002
0.35	0.04	3.00003
0.35	0.05	3.00005
0.35	0.06	3.00008
0.35	0.07	3.00012
0.35	0.08	3.00018
0.35	0.09	3.00027
0.35	0.1	3.00041
0.35	0.11	3.0006
0.35	0.12	3.00088
0.35	0.13	3.00128
0.35	0.14	3.00183
0.35	0.15	3.0026
0.35	0.16	3.00366
0.35	0.17	3.00509
0.35	0.18	3.007
0.35	0.19	3.00955
0.35	0.2	3.01289
0.35	0.21	3.01723
0.35	0.22	3.02279
0.35	0.23	3.02986
0.35	0.24	3.03873
0.35	0.25	3.04972
0.35	0.26	3.06321
0.35	0.27	3.07956
0.35	0.28	3.09914
0.35	0.29	3.1223
0.35	0.3	3.14938
0.35	0.31	3.18064
0.35	0.32	3.21627
0.35	0.33	3.25634
0.35	0.34	3.30082
0.35	0.35	3.3495
0.35	0.36	3.40202
0.35	0.37	3.45783
0.35	0.38	3.51621
0.35	0.39	3.57623
0.35	0.4	3.63683
0.35	0.41	3.6968
0.35	0.42	3.75484
0.35	0.43	3.80957
0.35	0.44	3.85963
0.35	0.45	3.90371
0.35	0.46	3.94059
0.35	0.47	3.96923
0.35	0.48	3.98881
0.35	0.49	3.99875
0.35	0.5	3.99875
0.35	0.51	3.98881
0.35	0.52	3.96923
0.35	0.53	3.94059
0.35	0.54	3.90371
0.35	0.55	3.85963
0.35	0.56	3.80957
0.35	0.57	3.75484
0.35	0.58	3.6968
0.35	0.59	3.63683
0.35	0.6	3.57623
0.35	0.61	3.51621
0.35	0.62	3.45783
0.35	0.63	3.40202
0.35	0.64	3.3495
0.35	0.65	3.30082
0.35	0.66	3.25634
0.35	0.67	3.21627
0.35	0.68	3.18064
0.35	0.69	3.14938
0.35	0.7	3.1223
0.35	0.71	3.09914
0.35	0.72	3.07956
0.35	0.73	3.06321
0.35	0.74	3.04972
0.35	0.75	3.03873
0.35	0.76	3.02986
0.35	0.77	3.02279
0.35	0.78	3.01723
0.35	0.79	3.01289
0.35	0.8	3.00955
0.35	0.81	3.007
0.35	0.82	3.00509
0.35	0.83	3.00366
0.35	0.84	3.0026
0.35	0.85	3.00183
0.35	0.86	3.00128
0.35	0.87	3.00088
0.35	0.88	3.0006
0.35	0.89	3.00041
0.35	0.9	3.00027
0.35	0.91	3.00018
0.35	0.92	3.00012
0.35	0.93	3.00008
0.35	0.94	3.00005
0.35	0.95	3.00003
0.35	0.96	3.00002
0.35	0.97	3.00001
0.35	0.98	3.00001
0.35	0.99	3.00001


0.36	0	3.00001
0.36	0.01	3.00001
0.36	0.02	3.00001
0.36	0.03	3.00002
0.36	0.04	3.00003
0.36	0.05	3.00005
0.36	0.06	3.00008
0.36	0.07	3.00012
0.36	0.08	3.00018
0.36	0.09	3.00027
0.36	0.1	3.00041
0.36	0.11	3.0006
0.36	0.12	3.00088
0.36	0.13	3.00128
0.36	0.14	3.00183
0.36	0.15	3.0026
0.36	0.16	3.00366
0.36	0.17	3.00509
0.36	0.18	3.007
0.36	0.19	3.00955
0.36	0.2	3.01289
0.36	0.21	3.01723
0.36	0.22	3.02279
0.36	0.23	3.02986
0.36	0.24	3.03873
0.36	0.25	3.04972
0.36	0.26	3.06321
0.36	0.27	3.07956
0.36	0.28	3.09914
0.36	0.29	3.1223
0.36	0.3	3.14938
0.36	0.31	3.18064
0.36	0.32	3.21627
0.36	0.33	3.25634
0.36	0.34	3.30082
0.36	0.35	3.3495
0.36	0.36	3.40202
0.36	0.37	3.45783
0.36	0.38	3.51621
0.36	0.39	3.57623
0.36	0.4	3.63683
0.36	0.41	3.6968
0.36	0.42	3.75484
0.36	0.43	3.80957
0.36	0.44	3.85963
0.36	0.45	3.90371
0.36	0.46	3.94059
0.36	0.47	3.96923
0.36	0.48	3.98881
0.36	0.49	3.99875
0.36	0.5	3.99875
0.36	0.51	3.98881
0.36	0.52	3.96923
0.36	0.53	3.94059
0.36	0.54	3.90371
0.36	0.55	3.85963
0.36	0.56	3.80957
0.36	0.57	3.75484
0.36	0.58	3.6968
0.36	0.59	3.63683
0.36	0.6	3.57623
0.36	0.61	3.51621
0.36	0.62	3.45783
0.36	0.63	3.40202
0.36	0.64	3.3495
0.36	0.65	3.30082
0.36	0.66	3.25634
0.36	0.67	3.21627
0.36	0.68	3.18064
0.36	0.69	3.14938
0.36	0.7	3.1223
0.36	0.71	3.09914
0.36	0.72	3.07956
0.36	0.73	3.06321
0.36	0.74	3.04972
0.36	0.75	3.03873
0.36	0.76	3.02986
0.36	0.77	3.02279
0.36	0.78	3.01723
0.36	0.79	3.01289
0.36	0.8	3.00955
0.36	0.81	3.007
0.36	0.82	3.00509
0.36	0.83	3.00366
0.36	0.84	3.0026
0.36	0.85	3.00183
0.36	0.86	3.00128
0.36	0.87	3.00088
0.36	0.88	3.0006
0.36	0.89	3.00041
0.36	0.9	3.00027
0.36	0.91	3.00018
0.36	0.92	3.00012
0.36	0.93	3.00008
0.36	0.94	3.00005
0.36	0.95	3.00003
0.36	0.96	3.00002
0.36	0.97	3.00001
0.36	0.98	3.00001
0.36	0.99	3.00001


0.37	0	3.00001
0.37	0.01	3.00001
0.37	0.02	3.00001
0.37	0.03	3.00002
0.37	0.04	3.00003
0.37	0.05	3.00005
0.37	0.06	3.00008
0.37	0.07	3.00012
0.37	0.08	3.00018
0.37	0.09	3.00027
0.37	0.1	3.00041
0.37	0.11	3.0006
0.37	0.12	3.00088
0.37	0.13	3.00128
0.37	0.14	3.00183
0.37	0.15	3.0026
0.37	0.16	3.00366
0.37	0.17	3.00509
0.37	0.18	3.007
0.37	0.19	3.00955
0.37	0.2	3.01289
0.37	0.21	3.01723
0.37	0.22	3.02279
0.37	0.23	3.02986
0.37	0.24	3.03873
0.37	0.25	3.04972
0.37	0.26	3.06321
0.37	0.27	3.07956
0.37	0.28	3.09914
0.37	0.29	3.1223
0.37	0.3	3.14938
0.37	0.31	3.18064
0.37	0.32	3.21627
0.37	0.33	3.25634
0.37	0.34	3.30082
0.37	0.35	3.3495
0.37	0.36	3.40202
0.37	0.37	3.45783
0.37	0.38	3.51621
0.37	0.39	3.57623
0.37	0.4	3.63683
0.37	0.41	3.6968
0.37	0.42	3.75484
0.37	0.43	3.80957
0.37	0.44	3.85963
0.37	0.45	3.90371
0.37	0.46	3.94059
0.37	0.47	3.96923
0.37	0.48	3.98881
0.37	0.49	3.99875
0.37	0.5	3.99875
0.37	0.51	3.98881
0.37	0.52	3.96923
0.37	0.53	3.94059
0.37	0.54	3.90371
0.37	0.55	3.85963
0.37	0.56	3.80957
0.37	0.57	3.75484
0.37	0.58	3.6968
0.37	0.59	3.63683
0.37	0.6	3.57623
0.37	0.61	3.51621
0.37	0.62	3.45783
0.37	0.63	3.40202
0.37	0.64	3.3495
0.37	0.65	3.30082
0.37	0.66	3.25634
0.37	0.67	3.21627
0.37	0.68	3.18064
0.37	0.69	3.14938
0.37	0.7	3.1223
0.37	0.71	3.09914
0.37	0.72	3.07956
0.37	0.73	3.06321
0.37	0.74	3.04972
0.37	0.75	3.03873
0.37	0.76	3.02986
0.37	0.77	3.02279
0.37	0.78	3.01723
0.37	0.79	3.01289
0.37	0.8	3.00955
0.37	0.81	3.007
0.37	0.82	3.00509
0.37	0.83	3.00366
0.37	0.84	3.0026
0.37	0.85	3.00183
0.37	0.86	3.00128
0.37	0.87	3.00088
0.37	0.88	3.0006
0.37	0.89	3.00041
0.37	0.9	3.00027
0.37	0.91	3.00018
0.37	0.92	3.00012
0.37	0.93	3.00008
0.37	0.94	3.00005
0.37	0.95	3.00003
0.37	0.96	3.00002
0.37	0.97	3.00001
0.37	0.98	3.00001
0.37	0.99	3.00001


0.38	0	3.00001
0.38	0.01	3.00001
0.38	0.02	3.00001
0.38	0.03	3.00002
0.38	0.04	3.00003
0.38	0.05	3.00005
0.38	0.06	3.00008
0.38	0.07	3.00012
0.38	0.08	3.00018
0.38	0.09	3.00027
0.38	0.1	3.00041
0.38	0.11	3.0006
0.38	0.12	3.00088
0.38	0.13	3.00128
0.38	0.14	3.00183
0.38	0.15	3.0026
0.38	0.16	3.00366
0.38	0.17	3.00509
0.38	0.18	3.007
0.38	0.19	3.00955
0.38	0.2	3.01289
0.38	0.21	3.01723
0.38	0.22	3.02279
0.38	0.23	3.02986
0.38	0.24	3.03873
0.38	0.25	3.04972
0.38	0.26	3.06321
0.38	0.27	3.07956
0.38	0.28	3.09914
0.38	0.29	3.1223
0.38	0.3	3.14938
0.38	0.31	3.18064
0.38	0.32	3.21627
0.38	0.33	3.25634
0.38	0.34	3.30082
0.38	0.35	3.3495
0.38	0.36	3.40202
0.38	0.37	3.45783
0.38	0.38	3.51621
0.38	0.39	3.57623
0.38	0.4	3.63683
0.38	0.41	3.6968
0.38	0.42	3.75484
0.38	0.43	3.80957
0.38	0.44	3.85963
0.38	0.45	3.90371
0.38	0.46	3.94059
0.38	0.47	3.96923
0.38	0.48	3.98881
0.38	0.49	3.99875
0.38	0.5	3.99875
0.38	0.51	3.98881
0.38	0.52	3.96923
0.38	0.53	3.94059
0.38	0.54	3.90371
0.38	0.55	3.85963
0.38	0.56	3.80957
0.38	0.57	3.75484
0.38	0.58	3.6968
0.38	0.59	3.63683
0.38	0.6	3.57623
0.38	0.61	3.51621
0.38	0.62	3.45783
0.38	0.63	3.40202
0.38	0.64	3.3495
0.38	0.65	3.30082
0.38	0.66	3.25634
0.38	0.67	3.21627
0.38	0.68	3.18064
0.38	0.69	3.14938
0.38	0.7	3.1223
0.38	0.71	3.09914
0.38	0.72	3.07956
0.38	0.73	3.06321
0.38	0.74	3.04972
0.38	0.75	3.03873
0.38	0.76	3.02986
0.38	0.77	3.02279
0.38	0.78	3.01723
0.38	0.79	3.01289
0.38	0.8	3.00955
0.38	0.81	3.007
0.38	0.82	3.00509
0.38	0.83	3.00366
0.38	0.84	3.0026
0.38	0.85	3.00183
0.38	0.86	3.00128
0.38	0.87	3.00088
0.38	0.88	3.0006
0.38	0.89	3.00041
0.38	0.9	3.00027
0.38	0.91	3.00018
0.38	0.92	3.00012
0.38	0.93	3.00008
0.38	0.94	3.00005
0.38	0.95	3.00003
0.38	0.96	3.00002
0.38	0.97	3.00001
0.38	0.98	3.00001
0.38	0.99	3.00001


0.39	0	3.00001
0.39	0.01	3.00001
0.39	0.02	3.00001
0.39	0.03	3.00002
0.39	0.04	3.00003
0.39	0.05	3.00005
0.39	0.06	3.00008
0.39	0.07	3.00012
0.39	0.08	3.00018
0.39	0.09	3.00027
0.39	0.1	3.00041
0.39	0.11	3.0006
0.39	0.12	3.00088
0.39	0.13	3.00128
0.39	0.14	3.00183
0.39	0.15	3.0026
0.39	0.16	3.00366
0.39	0.17	3.00509
0.39	0.18	3.007
0.39	0.19	3.00955
0.39	0.2	3.01289
0.39	0.21	3.01723
0.39	0.22	3.02279
0.39	0.23	3.02986
0.39	0.24	3.03873
0.39	0.25	3.04972
0.39	0.26	3.06321
0.39	0.27	3.07956
0.39	0.28	3.09914
0.39	0.29	3.1223
0.39	0.3	3.14938
0.39	0.31	3.18064
0.39	0.32	3.21627
0.39	0.33	3.25634
0.39	0.34	3.30082
0.39	0.35	3.3495
0.39	0.36	3.40202
0.39	0.37	3.45783
0.39	0.38	3.51621
0.39	0.39	3.57623
0.39	0.4	3.63683
0.39	0.41	3.6968
0.39	0.42	3.75484
0.39	0.43	3.80957
0.39	0.44	3.85963
0.39	0.45	3.90371
0.39	0.46	3.94059
0.39	0.47	3.96923
0.39	0.48	3.98881
0.39	0.49	3.99875
0.39	0.5	3.99875
0.39	0.51	3.98881
0.39	0.52	3.96923
0.39	0.53	3.94059
0.39	0.54	3.90371
0.39	0.55	3.85963
0.39	0.56	3.80957
0.39	0.57	3.75484
0.39	0.58	3.6968
0.39	0.59	3.63683
0.39	0.6	3.57623
0.39	0.61	3.51621
0.39	0.62	3.45783
0.39	0.63	3.40202
0.39	0.64	3.3495
0.39	0.65	3.30082
0.39	0.66	3.25634
0.39	0.67	3.21627
0.39	0.68	3.18064
0.39	0.69	3.14938
0.39	0.7	3.1223
0.39	0.71	3.09914
0.39	0.72	3.07956
0.39	0.73	3.06321
0.39	0.74	3.04972
0.39	0.75	3.03873
0.39	0.76	3.02986
0.39	0.77	3.02279
0.39	0.78	3.01723
0.39	0.79	3.01289
0.39	0.8	3.00955
0.39	0.81	3.007
0.39	0.82	3.00509
0.39	0.83	3.00366
0.39	0.84	3.0026
0.39	0.85	3.00183
0.39	0.86	3.00128
0.39	0.87	3.00088
0.39	0.88	3.0006
0.39	0.89	3.00041
0.39	0.9	3.00027
0.39	0.91	3.00018
0.39	0.92	3.00012
0.39	0.93	3.00008
0.39	0.94	3.00005
0.39	0.95	3.00003
0.39	0.96	3.00002
0.39	0.97	3.00001
0.39	0.98	3.00001
0.39	0.99	3.00001


0.4	0	3.00001
0.4	0.01	3.00001
0.4	0.02	3.00001
0.4	0.03	3.00002
0.4	0.04	3.00003
0.4	0.05	3.00005
0.4	0.06	3.00008
0.4	0.07	3.00012
0.4	0.08	3.00018
0.4	0.09	3.00027
0.4	0.1	3.00041
0.4	0.11	3.0006
0.4	0.12	3.00088
0.4	0.13	3.00128
0.4	0.14	3.00183
0.4	0.15	3.0026
0.4	0.16	3.00366
0.4	0.17	3.00509
0.4	0.18	3.007
0.4	0.19	3.00955
0.4	0.2	3.01289
0.4	0.21	3.01723
0.4	0.22	3.02279
0.4	0.23	3.02986
0.4	0.24	3.03873
0.4	0.25	3.04972
0.4	0.26	3.06321
0.4	0.27	3.07956
0.4	0.28	3.09914
0.4	0.29	3.1223
0.4	0.3	3.14938
0.4	0.31	3.18064
0.4	0.32	3.21627
0.4	0.33	3.25634
0.4	0.34	3.30082
0.4	0.35	3.3495
0.4	0.36	3.40202
0.4	0.37	3.45783
0.4	0.38	3.51621
0.4	0.39	3.57623
0.4	0.4	3.63683
0.4	0.41	3.6968
0.4	0.42	3.75484
0.4	0.43	3.80957
0.4	0.44	3.85963
0.4	0.45	3.90371
0.4	0.46	3.94059
0.4	0.47	3.96923
0.4	0.48	3.98881
0.4	0.49	3.99875
0.4	0.5	3.99875
0.4	0.51	3.98881
0.4	0.52	3.96923
0.4	0.53	3.94059
0.4	0.54	3.90371
0.4	0.55	3.85963
0.4	0.56	3.80957
0.4	0.57	3.75484
0.4	0.58	3.6968
0.4	0.59	3.63683
0.4	0.6	3.57623
0.4	0.61	3.51621
0.4	0.62	3.45783
0.4	0.63	3.40202
0.4	0.64	3.3495
0.4	0.65	3.30082
0.4	0.66	3.25634
0.4	0.67	3.21627
0.4	0.68	3.18064
0.4	0.69	3.14938
0.4	0.7	3.1223
0.4	0.71	3.09914
0.4	0.72	3.07956
0.4	0.73	3.06321
0.4	0.74	3.04972
0.4	0.75	3.03873
0.4	0.76	3.02986
0.4	0.77	3.02279
0.4	0.78	3.01723
0.4	0.79	3.01289
0.4	0.8	3.00955
0.4	0.81	3.007
0.4	0.82	3.00509
0.4	0.83	3.00366
0.4	0.84	3.0026
0.4	0.85	3.00183
0.4	0.86	3.00128
0.4	0.87	3.00088
0.4	0.88	3.0006
0.4	0.89	3.00041
0.4	0.9	3.00027
0.4	0.91	3.00018
0.4	0.92	3.00012
0.4	0.93	3.00008
0.4	0.94	3.00005
0.4	0.95	3.00003
0.4	0.96	3.00002
0.4	0.97	3.00001
0.4	0.98	3.00001
0.4	0.99	3.00001


0.41	0	3.00001
0.41	0.01	3.00001
0.41	0.02	3.00001
0.41	0.03	3.00002
0.41	0.04	3.00003
0.41	0.05	3.00005
0.41	0.06	3.00008
0.41	0.07	3.00012
0.41	0.08	3.00018
0.41	0.09	3.00027
0.41	0.1	3.00041
0.41	0.11	3.0006
0.41	0.12	3.00088
0.41	0.13	3.00128
0.41	0.14	3.00183
0.41	0.15	3.0026
0.41	0.16	3.00366
0.41	0.17	3.00509
0.41	0.18	3.007
0.41	0.19	3.00955
0.41	0.2	3.01289
0.41	0.21	3.01723
0.41	0.22	3.02279
0.41	0.23	3.02986
0.41	0.24	3.03873
0.41	0.25	3.04972
0.41	0.26	3.06321
0.41	0.27	3.07956
0.41	0.28	3.09914
0.41	0.29	3.1223
0.41	0.3	3.14938
0.41	0.31	3.18064
0.41	0.32	3.21627
0.41	0.33	3.25634
0.41	0.34	3.30082
0.41	0.35	3.3495
0.41	0.36	3.40202
0.41	0.37	3.45783
0.41	0.38	3.51621
0.41	0.39	3.57623
0.41	0.4	3.63683
0.41	0.41	3.6968
0.41	0.42	3.75484
0.41	0.43	3.80957
0.41	0.44	3.85963
0.41	0.45	3.90371
0.41	0.46	3.94059
0.41	0.47	3.96923
0.41	0.48	3.98881
0.41	0.49	3.99875
0.41	0.5	3.99875
0.41	0.51	3.98881
0.41	0.52	3.96923
0.41	0.53	3.94059
0.41	0.54	3.90371
0.41	0.55	3.85963
0.41	0.56	3.80957
0.41	0.57	3.75484
0.41	0.58	3.6968
0.41	0.59	3.63683
0.41	0.6	3.57623
0.41	0.61	3.51621
0.41	0.62	3.45783
0.41	0.63	3.40202
0.41	0.64	3.3495
0.41	0.65	3.30082
0.41	0.66	3.25634
0.41	0.67	3.21627
0.41	0.68	3.18064
0.41	0.69	3.14938
0.41	0.7	3.1223
0.41	0.71	3.09914
0.41	0.72	3.07956
0.41	0.73	3.06321
0.41	0.74	3.04972
0.41	0.75	3.03873
0.41	0.76	3.02986
0.41	0.77	3.02279
0.41	0.78	3.01723
0.41	0.79	3.01289
0.41	0.8	3.00955
0.41	0.81	3.007
0.41	0.82	3.00509
0.41	0.83	3.00366
0.41	0.84	3.0026
0.41	0.85	3.00183
0.41	0.86	3.00128
0.41	0.87	3.00088
0.41	0.88	3.0006
0.41	0.89	3.00041
0.41	0.9	3.00027
0.41	0.91	3.00018
0.41	0.92	3.00012
0.41	0.93	3.00008
0.41	0.94	3.00005
0.41	0.95	3.00003
0.41	0.96	3.00002
0.41	0.97	3.00001
0.41	0.98	3.00001
0.41	0.99	3.00001


0.42	0	3.00001
0.42	0.01	3.00001
0.42	0.02	3.00001
0.42	0.03	3.00002
0.42	0.04	3.00003
0.42	0.05	3.00005
0.42	0.06	3.00008
0.42	0.07	3.00012
0.42	0.08	3.00018
0.42	0.09	3.00027
0.42	0.1	3.00041
0.42	0.11	3.0006
0.42	0.12	3.00088
0.42	0.13	3.00128
0.42	0.14	3.00183
0.42	0.15	3.0026
0.42	0.16	3.00366
0.42	0.17	3.00509
0.42	0.18	3.007
0.42	0.19	3.00955
0.42	0.2	3.01289
0.42	0.21	3.01723
0.42	0.22	3.02279
0.42	0.23	3.02986
0.42	0.24	3.03873
0.42	0.25	3.04972
0.42	0.26	3.06321
0.42	0.27	3.07956
0.42	0.28	3.09914
0.42	0.29	3.1223
0.42	0.3	3.14938
0.42	0.31	3.18064
0.42	0.32	3.21627
0.42	0.33	3.25634
0.42	0.34	3.30082
0.42	0.35	3.3495
0.42	0.36	3.40202
0.42	0.37	3.45783
0.42	0.38	3.51621
0.42	0.39	3.57623
0.42	0.4	3.63683
0.42	0.41	3.6968
0.42	0.42	3.75484
0.42	0.43	3.80957
0.42	0.44	3.85963
0.42	0.45	3.90371
0.42	0.46	3.94059
0.42	0.47	3.96923
0.42	0.48	3.98881
0.42	0.49	3.99875
0.42	0.5	3.99875
0.42	0.51	3.98881
0.42	0.52	3.96923
0.42	0.53	3.94059
0.42	0.54	3.90371
0.42	0.55	3.85963
0.42	0.56	3.80957
0.42	0.57	3.75484
0.42	0.58	3.6968
0.42	0.59	3.63683
0.42	0.6	3.57623
0.42	0.61	3.51621
0.42	0.62	3.45783
0.42	0.63	3.40202
0.42	0.64	3.3495
0.42	0.65	3.30082
0.42	0.66	3.25634
0.42	0.67	3.21627
0.42	0.68	3.18064
0.42	0.69	3.14938
0.42	0.7	3.1223
0.42	0.71	3.09914
0.42	0.72	3.07956
0.42	0.73	3.06321
0.42	0.74	3.04972
0.42	0.75	3.03873
0.42	0.76	3.02986
0.42	0.77	3.02279
0.42	0.78	3.01723
0.42	0.79	3.01289
0.42	0.8	3.00955
0.42	0.81	3.007
0.42	0.82	3.00509
0.42	0.83	3.00366
0.42	0.84	3.0026
0.42	0.85	3.00183
0.42	0.86	3.00128
0.42	0.87	3.00088
0.42	0.88	3.0006
0.42	0.89	3.00041
0.42	0.9	3.00027
0.42	0.91	3.00018
0.42	0.92	3.00012
0.42	0.93	3.00008
0.42	0.94	3.00005
0.42	0.95	3.00003
0.42	0.96	3.00002
0.42	0.97	3.00001
0.42	0.98	3.00001
0.42	0.99	3.00001


0.43	0	3.00001
0.43	0.01	3.00001
0.43	0.02	3.00001
0.43	0.03	3.00002
0.43	0.04	3.00003
0.43	0.05	3.00005
0.43	0.06	3.00008
0.43	0.07	3.00012
0.43	0.08	3.00018
0.43	0.09	3.00027
0.43	0.1	3.00041
0.43	0.11	3.0006
0.43	0.12	3.00088
0.43	0.13	3.00128
0.43	0.14	3.00183
0.43	0.15	3.0026
0.43	0.16	3.00366
0.43	0.17	3.00509
0.43	0.18	3.007
0.43	0.19	3.00955
0.43	0.2	3.01289
0.43	0.21	3.01723
0.43	0.22	3.02279
0.43	0.23	3.02986
0.43	0.24	3.03873
0.43	0.25	3.04972
0.43	0.26	3.06321
0.43	0.27	3.07956
0.43	0.28	3.09914
0.43	0.29	3.1223
0.43	0.3	3.14938
0.43	0.31	3.18064
0.43	0.32	3.21627
0.43	0.33	3.25634
0.43	0.34	3.30082
0.43	0.35	3.3495
0.43	0.36	3.40202
0.43	0.37	3.45783
0.43	0.38	3.51621
0.43	0.39	3.57623
0.43	0.4	3.63683
0.43	0.41	3.6968
0.43	0.42	3.75484
0.43	0.43	3.80957
0.43	0.44	3.85963
0.43	0.45	3.90371
0.43	0.46	3.94059
0.43	0.47	3.96923
0.43	0.48	3.98881
0.43	0.49	3.99875
0.43	0.5	3.99875
0.43	0.51	3.98881
0.43	0.52	3.96923
0.43	0.53	3.94059
0.43	0.54	3.90371
0.43	0.55	3.85963
0.43	0.56	3.80957
0.43	0.57	3.75484
0.43	0.58	3.6968
0.43	0.59	3.63683
0.43	0.6	3.57623
0.43	0.61	3.51621
0.43	0.62	3.45783
0.43	0.63	3.40202
0.43	0.64	3.3495
0.43	0.65	3.30082
0.43	0.66	3.25634
0.43	0.67	3.21627
0.43	0.68	3.18064
0.43	0.69	3.14938
0.43	0.7	3.1223
0.43	0.71	3.09914
0.43	0.72	3.07956
0.43	0.73	3.06321
0.43	0.74	3.04972
0.43	0.75	3.03873
0.43	0.76	3.02986
0.43	0.77	3.02279
0.43	0.78	3.01723
0.43	0.79	3.01289
0.43	0.8	3.00955
0.43	0.81	3.007
0.43	0.82	3.00509
0.43	0.83	3.00366
0.43	0.84	3.0026
0.43	0.85	3.00183
0.43	0.86	3.00128
0.43	0.87	3.00088
0.43	0.88	3.0006
0.43	0.89	3.00041
0.43	0.9	3.00027
0.43	0.91	3.00018
0.43	0.92	3.00012
0.43	0.93	3.00008
0.43	0.94	3.00005
0.43	0.95	3.00003
0.43	0.96	3.00002
0.43	0.97	3.00001
0.43	0.98	3.00001
0.43	0.99	3.00001


0.44	0	3.00001
0.44	0.01	3.00001
0.44	0.02	3.00001
0.44	0.03	3.00002
0.44	0.04	3.00003
0.44	0.05	3.00005
0.44	0.06	3.00008
0.44	0.07	3.00012
0.44	0.08	3.00018
0.44	0.09	3.00027
0.44	0.1	3.00041
0.44	0.11	3.0006
0.44	0.12	3.00088
0.44	0.13	3.00128
0.44	0.14	3.00183
0.44	0.15	3.0026
0.44	0.16	3.00366
0.44	0.17	3.00509
0.44	0.18	3.007
0.44	0.19	3.00955
0.44	0.2	3.01289
0.44	0.21	3.01723
0.44	0.22	3.02279
0.44	0.23	3.02986
0.44	0.24	3.03873
0.44	0.25	3.04972
0.44	0.26	3.06321
0.44	0.27	3.07956
0.44	0.28	3.09914
0.44	0.29	3.1223
0.44	0.3	3.14938
0.44	0.31	3.18064
0.44	0.32	3.21627
0.44	0.33	3.25634
0.44	0.34	3.30082
0.44	0.35	3.3495
0.44	0.36	3.40202
0.44	0.37	3.45783
0.44	0.38	3.51621
0.44	0.39	3.57623
0.44	0.4	3.63683
0.44	0.41	3.6968
0.44	0.42	3.75484
0.44	0.43	3.80957
0.44	0.44	3.85963
0.44	0.45	3.90371
0.44	0.46	3.94059
0.44	0.47	3.96923
0.44	0.48	3.98881
0.44	0.49	3.99875
0.44	0.5	3.99875
0.44	0.51	3.98881
0.44	0.52	3.96923
0.44	0.53	3.94059
0.44	0.54	3.90371
0.44	0.55	3.85963
0.44	0.56	3.80957
0.44	0.57	3.75484
0.44	0.58	3.6968
0.44	0.59	3.63683
0.44	0.6	3.57623
0.44	0.61	3.51621
0.44	0.62	3.45783
0.44	0.63	3.40202
0.44	0.64	3.3495
0.44	0.65	3.30082
0.44	0.66	3.25634
0.44	0.67	3.21627
0.44	0.68	3.18064
0.44	0.69	3.14938
0.44	0.7	3.1223
0.44	0.71	3.09914
0.44	0.72	3.07956
0.44	0.73	3.06321
0.44	0.74	3.04972
0.44	0.75	3.03873
0.44	0.76	3.02986
0.44	0.77	3.02279
0.44	0.78	3.01723
0.44	0.79	3.01289
0.44	0.8	3.00955
0.44	0.81	3.007
0.44	0.82	3.00509
0.44	0.83	3.00366
0.44	0.84	3.0026
0.44	0.85	3.00183
0.44	0.86	3.00128
0.44	0.87	3.00088
0.44	0.88	3.0006
0.44	0.89	3.00041
0.44	0.9	3.00027
0.44	0.91	3.00018
0.44	0.92	3.00012
0.44	0.93	3.00008
0.44	0.94	3.00005
0.44	0.95	3.00003
0.44	0.96	3.00002
0.44	0.97	3.00001
0.44	0.98	3.00001
0.44	0.99	3.00001


0.45	0	3.00001
0.45	0.01	3.00001
0.45	0.02	3.00001
0.45	0.03	3.00002
0.45	0.04	3.00003
0.45	0.05	3.00005
0.45	0.06	3.00008
0.45	0.07	3.00012
0.45	0.08	3.00018
0.45	0.09	3.00027
0.45	0.1	3.00041
0.45	0.11	3.0006
0.45	0.12	3.00088
0.45	0.13	3.00128
0.45	0.14	3.00183
0.45	0.15	3.0026
0.45	0.16	3.00366
0.45	0.17	3.00509
0.45	0.18	3.007
0.45	0.19	3.00955
0.45	0.2	3.01289
0.45	0.21	3.01723
0.45	0.22	3.02279
0.45	0.23	3.02986
0.45	0.24	3.03873
0.45	0.25	3.04972
0.45	0.26	3.06321
0.45	0.27	3.07956
0.45	0.28	3.09914
0.45	0.29	3.1223
0.45	0.3	3.14938
0.45	0.31	3.18064
0.45	0.32	3.21627
0.45	0.33	3.25634
0.45	0.34	3.30082
0.45	0.35	3.3495
0.45	0.36	3.40202
0.45	0.37	3.45783
0.45	0.38	3.51621
0.45	0.39	3.57623
0.45	0.4	3.63683
0.45	0.41	3.6968
0.45	0.42	3.75484
0.45	0.43	3.80957
0.45	0.44	3.85963
0.45	0.45	3.90371
0.45	0.46	3.94059
0.45	0.47	3.96923
0.45	0.48	3.98881
0.45	0.49	3.99875
0.45	0.5	3.99875
0.45	0.51	3.98881
0.45	0.52	3.96923
0.45	0.53	3.94059
0.45	0.54	3.90371
0.45	0.55	3.85963
0.45	0.56	3.80957
0.45	0.57	3.75484
0.45	0.58	3.6968
0.45	0.59	3.63683
0.45	0.6	3.57623
0.45	0.61	3.51621
0.45	0.62	3.45783
0.45	0.63	3.40202
0.45	0.64	3.3495
0.45	0.65	3.30082
0.45	0.66	3.25634
0.45	0.67	3.21627
0.45	0.68	3.18064
0.45	0.69	3.14938
0.45	0.7	3.1223
0.45	0.71	3.09914
0.45	0.72	3.07956
0.45	0.73	3.06321
0.45	0.74	3.04972
0.45	0.75	3.03873
0.45	0.76	3.02986
0.45	0.77	3.02279
0.45	0.78	3.01723
0.45	0.79	3.01289
0.45	0.8	3.00955
0.45	0.81	3.007
0.45	0.82	3.00509
0.45	0.83	3.00366
0.45	0.84	3.0026
0.45	0.85	3.00183
0.45	0.86	3.00128
0.45	0.87	3.00088
0.45	0.88	3.0006
0.45	0.89	3.00041
0.45	0.9	3.00027
0.45	0.91	3.00018
0.45	0.92	3.00012
0.45	0.93	3.00008
0.45	0.94	3.00005
0.45	0.95	3.00003
0.45	0.96	3.00002
0.45	0.97	3.00001
0.45	0.98	3.00001
0.45	0.99	3.00001


0.46	0	3.00001
0.46	0.01	3.00001
0.46	0.02	3.00001
0.46	0.03	3.00002
0.46	0.04	3.00003
0.46	0.05	3.00005
0.46	0.06	3.00008
0.46	0.07	3.00012
0.46	0.08	3.00018
0.46	0.09	3.00027
0.46	0.1	3.00041
0.46	0.11	3.0006
0.46	0.12	3.00088
0.46	0.13	3.00128
0.46	0.14	3.00183
0.46	0.15	3.0026
0.46	0.16	3.00366
0.46	0.17	3.00509
0.46	0.18	3.007
0.46	0.19	3.00955
0.46	0.2	3.01289
0.46	0.21	3.01723
0.46	0.22	3.02279
0.46	0.23	3.02986
0.46	0.24	3.03873
0.46	0.25	3.04972
0.46	0.26	3.06321
0.46	0.27	3.07956
0.46	0.28	3.09914
0.46	0.29	3.1223
0.46	0.3	3.14938
0.46	0.31	3.18064
0.46	0.32	3.21627
0.46	0.33	3.25634
0.46	0.34	3.30082
0.46	0.35	3.3495
0.46	0.36	3.40202
0.46	0.37	3.45783
0.46	0.38	3.51621
0.46	0.39	3.57623
0.46	0.4	3.63683
0.46	0.41	3.6968
0.46	0.42	3.75484
0.46	0.43	3.80957
0.46	0.44	3.85963
0.46	0.45	3.90371
0.46	0.46	3.94059
0.46	0.47	3.96923
0.46	0.48	3.98881
0.46	0.49	3.99875
0.46	0.5	3.99875
0.46	0.51	3.98881
0.46	0.52	3.96923
0.46	0.53	3.94059
0.46	0.54	3.90371
0.46	0.55	3.85963
0.46	0.56	3.80957
0.46	0.57	3.75484
0.46	0.58	3.6968
0.46	0.59	3.63683
0.46	0.6	3.57623
0.46	0.61	3.51621
0.46	0.62	3.45783
0.46	0.63	3.40202
0.46	0.64	3.3495
0.46	0.65	3.30082
0.46	0.66	3.25634
0.46	0.67	3.21627
0.46	0.68	3.18064
0.46	0.69	3.14938
0.46	0.7	3.1223
0.46	0.71	3.09914
0.46	0.72	3.07956
0.46	0.73	3.06321
0.46	0.74	3.04972
0.46	0.75	3.03873
0.46	0.76	3.02986
0.46	0.77	3.02279
0.46	0.78	3.01723
0.46	0.79	3.01289
0.46	0.8	3.00955
0.46	0.81	3.007
0.46	0.82	3.00509
0.46	0.83	3.00366
0.46	0.84	3.0026
0.46	0.85	3.00183
0.46	0.86	3.00128
0.46	0.87	3.00088
0.46	0.88	3.0006
0.46	0.89	3.00041
0.46	0.9	3.00027
0.46	0.91	3.00018
0.46	0.92	3.00012
0.46	0.93	3.00008
0.46	0.94	3.00005
0.46	0.95	3.00003
0.46	0.96	3.00002
0.46	0.97	3.00001
0.46	0.98	3.00001
0.46	0.99	3.00001


0.47	0	3.00001
0.47	0.01	3.00001
0.47	0.02	3.00001
0.47	0.03	3.00002
0.47	0.04	3.00003
0.47	0.05	3.00005
0.47	0.06	3.00008
0.47	0.07	3.00012
0.47	0.08	3.00018
0.47	0.09	3.00027
0.47	0.1	3.00041
0.47	0.11	3.0006
0.47	0.12	3.00088
0.47	0.13	3.00128
0.47	0.14	3.00183
0.47	0.15	3.0026
0.47	0.16	3.00366
0.47	0.17	3.00509
0.47	0.18	3.007
0.47	0.19	3.00955
0.47	0.2	3.01289
0.47	0.21	3.01723
0.47	0.22	3.02279
0.47	0.23	3.02986
0.47	0.24	3.03873
0.47	0.25	3.04972
0.47	0.26	3.06321
0.47	0.27	3.07956
0.47	0.28	3.09914
0.47	0.29	3.1223
0.47	0.3	3.14938
0.47	0.31	3.18064
0.47	0.32	3.21627
0.47	0.33	3.25634
0.47	0.34	3.30082
0.47	0.35	3.3495
0.47	0.36	3.40202
0.47	0.37	3.45783
0.47	0.38	3.51621
0.47	0.39	3.57623
0.47	0.4	3.63683
0.47	0.41	3.6968
0.47	0.42	3.75484
0.47	0.43	3.80957
0.47	0.44	3.85963
0.47	0.45	3.90371
0.47	0.46	3.94059
0.47	0.47	3.96923
0.47	0.48	3.98881
0.47	0.49	3.99875
0.47	0.5	3.99875
0.47	0.51	3.98881
0.47	0.52	3.96923
0.47	0.53	3.94059
0.47	0.54	3.90371
0.47	0.55	3.85963
0.47	0.56	3.80957
0.47	0.57	3.75484
0.47	0.58	3.6968
0.47	0.59	3.63683
0.47	0.6	3.57623
0.47	0.61	3.51621
0.47	0.62	3.45783
0.47	0.63	3.40202
0.47	0.64	3.3495
0.47	0.65	3.30082
0.47	0.66	3.25634
0.47	0.67	3.21627
0.47	0.68	3.18064
0.47	0.69	3.14938
0.47	0.7	3.1223
0.47	0.71	3.09914
0.47	0.72	3.07956
0.47	0.73	3.06321
0.47	0.74	3.04972
0.47	0.75	3.03873
0.47	0.76	3.02986
0.47	0.77	3.02279
0.47	0.78	3.01723
0.47	0.79	3.01289
0.47	0.8	3.00955
0.47	0.81	3.007
0.47	0.82	3.00509
0.47	0.83	3.00366
0.47	0.84	3.0026
0.47	0.85	3.00183
0.47	0.86	3.00128
0.47	0.87	3.00088
0.47	0.88	3.0006
0.47	0.89	3.00041
0.47	0.9	3.00027
0.47	0.91	3.00018
0.47	0.92	3.00012
0.47	0.93	3.00008
0.47	0.94	3.00005
0.47	0.95	3.00003
0.47	0.96	3.00002
0.47	0.97	3.00001
0.47	0.98	3.00001
0.47	0.99	3.00001


0.48	0	3.00001
0.48	0.01	3.00001
0.48	0.02	3.00001
0.48	0.03	3.00002
0.48	0.04	3.00003
0.48	0.05	3.00005
0.48	0.06	3.00008
0.48	0.07	3.00012
0.48	0.08	3.00018
0.48	0.09	3.00027
0.48	0.1	3.00041
0.48	0.11	3.0006
0.48	0.12	3.00088
0.48	0.13	3.00128
0.48	0.14	3.00183
0.48	0.15	3.0026
0.48	0.16	3.00366
0.48	0.17	3.00509
0.48	0.18	3.007
0.48	0.19	3.00955
0.48	0.2	3.01289
0.48	0.21	3.01723
0.48	0.22	3.02279
0.48	0.23	3.02986
0.48	0.24	3.03873
0.48	0.25	3.04972
0.48	0.26	3.06321
0.48	0.27	3.07956
0.48	0.28	3.09914
0.48	0.29	3.1223
0.48	0.3	3.14938
0.48	0.31	3.18064
0.48	0.32	3.21627
0.48	0.33	3.25634
0.48	0.34	3.30082
0.48	0.35	3.3495
0.48	0.36	3.40202
0.48	0.37	3.45783
0.48	0.38	3.51621
0.48	0.39	3.57623
0.48	0.4	3.63683
0.48	0.41	3.6968
0.48	0.42	3.75484
0.48	0.43	3.80957
0.48	0.44	3.85963
0.48	0.45	3.90371
0.48	0.46	3.94059
0.48	0.47	3.96923
0.48	0.48	3.98881
0.48	0.49	3.99875
0.48	0.5	3.99875
0.48	0.51	3.98881
0.48	0.52	3.96923
0.48	0.53	3.94059
0.48	0.54	3.90371
0.48	0.55	3.85963
0.48	0.56	3.80957
0.48	0.57	3.75484
0.48	0.58	3.6968
0.48	0.59	3.63683
0.48	0.6	3.57623
0.48	0.61	3.51621
0.48	0.62	3.45783
0.48	0.63	3.40202
0.48	0.64	3.3495
0.48	0.65	3.30082
0.48	0.66	3.25634
0.48	0.67	3.21627
0.48	0.68	3.18064
0.48	0.69	3.14938
0.48	0.7	3.1223
0.48	0.71	3.09914
0.48	0.72	3.07956
0.48	0.73	3.06321
0.48	0.74	3.04972
0.48	0.75	3.03873
0.48	0.76	3.02986
0.48	0.77	3.02279
0.48	0.78	3.01723
0.48	0.79	3.01289
0.48	0.8	3.00955
0.48	0.81	3.007
0.48	0.82	3.00509
0.48	0.83	3.00366
0.48	0.84	3.0026
0.48	0.85	3.00183
0.48	0.86	3.00128
0.48	0.87	3.00088
0.48	0.88	3.0006
0.48	0.89	3.00041
0.48	0.9	3.00027
0.48	0.91	3.00018
0.48	0.92	3.00012
0.48	0.93	3.00008
0.48	0.94	3.00005
0.48	0.95	3.00003
0.48	0.96	3.00002
0.48	0.97	3.00001
0.48	0.98	3.00001
0.48	0.99	3.00001


0.49	0	3.00001
0.49	0.01	3.00001
0.49	0.02	3.00001
0.49	0.03	3.00002
0.49	0.04	3.00003
0.49	0.05	3.00005
0.49	0.06	3.00008
0.49	0.07	3.00012
0.49	0.08	3.00018
0.49	0.09	3.00027
0.49	0.1	3.00041
0.49	0.11	3.0006
0.49	0.12	3.00088
0.49	0.13	3.00128
0.49	0.14	3.00183
0.49	0.15	3.0026
0.49	0.16	3.00366
0.49	0.17	3.00509
0.49	0.18	3.007
0.49	0.19	3.00955
0.49	0.2	3.01289
0.49	0.21	3.01723
0.49	0.22	3.02279
0.49	0.23	3.02986
0.49	0.24	3.03873
0.49	0.25	3.04972
0.49	0.26	3.06321
0.49	0.27	3.07956
0.49	0.28	3.09914
0.49	0.29	3.1223
0.49	0.3	3.14938
0.49	0.31	3.18064
0.49	0.32	3.21627
0.49	0.33	3.25634
0.49	0.34	3.30082
0.49	0.35	3.3495
0.49	0.36	3.40202
0.49	0.37	3.45783
0.49	0.38	3.51621
0.49	0.39	3.57623
0.49	0.4	3.63683
0.49	0.41	3.6968
0.49	0.42	3.75484
0.49	0.43	3.80957
0.49	0.44	3.85963
0.49	0.45	3.90371
0.49	0.46	3.94059
0.49	0.47	3.96923
0.49	0.48	3.98881
0.49	0.49	3.99875
0.49	0.5	3.99875
0.49	0.51	3.98881
0.49	0.52	3.96923
0.49	0.53	3.94059
0.49	0.54	3.90371
0.49	0.55	3.85963
0.49	0.56	3.80957
0.49	0.57	3.75484
0.49	0.58	3.6968
0.49	0.59	3.63683
0.49	0.6	3.57623
0.49	0.61	3.51621
0.49	0.62	3.45783
0.49	0.63	3.40202
0.49	0.64	3.3495
0.49	0.65	3.30082
0.49	0.66	3.25634
0.49	0.67	3.21627
0.49	0.68	3.18064
0.49	0.69	3.14938
0.49	0.7	3.1223
0.49	0.71	3.09914
0.49	0.72	3.07956
0.49	0.73	3.06321
0.49	0.74	3.04972
0.49	0.75	3.03873
0.49	0.76	3.02986
0.49	0.77	3.02279
0.49	0.78	3.01723
0.49	0.79	3.01289
0.49	0.8	3.00955
0.49	0.81	3.007
0.49	0.82	3.00509
0.49	0.83	3.00366
0.49	0.84	3.0026
0.49	0.85	3.00183
0.49	0.86	3.00128
0.49	0.87	3.00088
0.49	0.88	3.0006
0.49	0.89	3.00041
0.49	0.9	3.00027
0.49	0.91	3.00018
0.49	0.92	3.00012
0.49	0.93	3.00008
0.49	0.94	3.00005
0.49	0.95	3.00003
0.49	0.96	3.00002
0.49	0.97	3.00001
0.49	0.98	3.00001
0.49	0.99	3.00001


0.5	0	3.00001
0.5	0.01	3.00001
0.5	0.02	3.00001
0.5	0.03	3.00002
0.5	0.04	3.00003
0.5	0.05	3.00005
0.5	0.06	3.00008
0.5	0.07	3.00012
0.5	0.08	3.00018
0.5	0.09	3.00027
0.5	0.1	3.00041
0.5	0.11	3.0006
0.5	0.12	3.00088
0.5	0.13	3.00128
0.5	0.14	3.00183
0.5	0.15	3.0026
0.5	0.16	3.00366
0.5	0.17	3.00509
0.5	0.18	3.007
0.5	0.19	3.00955
0.5	0.2	3.01289
0.5	0.21	3.01723
0.5	0.22	3.02279
0.5	0.23	3.02986
0.5	0.24	3.03873
0.5	0.25	3.04972
0.5	0.26	3.06321
0.5	0.27	3.07956
0.5	0.28	3.09914
0.5	0.29	3.1223
0.5	0.3	3.14938
0.5	0.31	3.18064
0.5	0.32	3.21627
0.5	0.33	3.25634
0.5	0.34	3.30082
0.5	0.35	3.3495
0.5	0.36	3.40202
0.5	0.37	3.45783
0.5	0.38	3.51621
0.5	0.39	3.57623
0.5	0.4	3.63683
0.5	0.41	3.6968
0.5	0.42	3.75484
0.5	0.43	3.80957
0.5	0.44	3.85963
0.5	0.45	3.90371
0.5	0.46	3.94059
0.5	0.47	3.96923
0.5	0.48	3.98881
0.5	0.49	3.99875
0.5	0.5	3.99875
0.5	0.51	3.98881
0.5	0.52	3.96923
0.5	0.53	3.94059
0.5	0.54	3.90371
0.5	0.55	3.85963
0.5	0.56	3.80957
0.5	0.57	3.75484
0.5	0.58	3.6968
0.5	0.59	3.63683
0.5	0.6	3.57623
0.5	0.61	3.51621
0.5	0.62	3.45783
0.5	0.63	3.40202
0.5	0.64	3.3495
0.5	0.65	3.30082
0.5	0.66	3.25634
0.5	0.67	3.21627
0.5	0.68	3.18064
0.5	0.69	3.14938
0.5	0.7	3.1223
0.5	0.71	3.09914
0.5	0.72	3.07956
0.5	0.73	3.06321
0.5	0.74	3.04972
0.5	0.75	3.03873
0.5	0.76	3.02986
0.5	0.77	3.02279
0.5	0.78	3.01723
0.5	0.79	3.01289
0.5	0.8	3.00955
0.5	0.81	3.007
0.5	0.82	3.00509
0.5	0.83	3.00366
0.5	0.84	3.0026
0.5	0.85	3.00183
0.5	0.86	3.00128
0.5	0.87	3.00088
0.5	0.88	3.0006
0.5	0.89	3.00041
0.5	0.9	3.00027
0.5	0.91	3.00018
0.5	0.92	3.00012
0.5	0.93	3.00008
0.5	0.94	3.00005
0.5	0.95	3.00003
0.5	0.96	3.00002
0.5	0.97	3.00001
0.5	0.98	3.00001
0.5	0.99	3.00001


