0	0	1
0	0.01	1
0	0.02	1
0	0.03	1
0	0.04	1
0	0.05	1
0	0.06	1
0	0.07	1
0	0.08	1
0	0.09	1
0	0.1	1
0	0.11	1
0	0.12	1
0	0.13	1
0	0.14	1
0	0.15	1
0	0.16	1
0	0.17	1
0	0.18	1
0	0.19	1
0	0.2	1
0	0.21	1
0	0.22	1
0	0.23	1
0	0.24	1
0	0.25	1
0	0.26	1
0	0.27	1
0	0.28	1
0	0.29	1
0	0.3	1
0	0.31	1
0	0.32	1
0	0.33	1
0	0.34	1
0	0.35	1
0	0.36	1
0	0.37	1
0	0.38	1
0	0.39	1
0	0.4	1
0	0.41	1
0	0.42	1
0	0.43	1
0	0.44	1
0	0.45	1
0	0.46	1
0	0.47	1
0	0.48	1
0	0.49	2
0	0.5	2
0	0.51	2
0	0.52	2
0	0.53	2
0	0.54	2
0	0.55	2
0	0.56	2
0	0.57	2
0	0.58	2
0	0.59	2
0	0.6	2
0	0.61	2
0	0.62	2
0	0.63	2
0	0.64	2
0	0.65	2
0	0.66	2
0	0.67	2
0	0.68	2
0	0.69	2
0	0.7	2
0	0.71	2
0	0.72	2
0	0.73	2
0	0.74	2
0	0.75	2
0	0.76	2
0	0.77	2
0	0.78	2
0	0.79	2
0	0.8	2
0	0.81	2
0	0.82	2
0	0.83	2
0	0.84	2
0	0.85	2
0	0.86	2
0	0.87	2
0	0.88	2
0	0.89	2
0	0.9	2
0	0.91	2
0	0.92	2
0	0.93	2
0	0.94	2
0	0.95	2
0	0.96	2
0	0.97	2
0	0.98	2
0	0.99	2


0.01	0	1
0.01	0.01	1
0.01	0.02	1
0.01	0.03	1
0.01	0.04	1
0.01	0.05	1
0.01	0.06	1
0.01	0.07	1
0.01	0.08	1
0.01	0.09	1
0.01	0.1	1
0.01	0.11	1
0.01	0.12	1
0.01	0.13	1
0.01	0.14	1
0.01	0.15	1
0.01	0.16	1
0.01	0.17	1
0.01	0.18	1
0.01	0.19	1
0.01	0.2	1
0.01	0.21	1
0.01	0.22	1
0.01	0.23	1
0.01	0.24	1
0.01	0.25	1
0.01	0.26	1
0.01	0.27	1
0.01	0.28	1
0.01	0.29	1
0.01	0.3	1
0.01	0.31	1
0.01	0.32	1
0.01	0.33	1
0.01	0.34	1
0.01	0.35	1
0.01	0.36	1
0.01	0.37	1
0.01	0.38	1
0.01	0.39	1
0.01	0.4	1
0.01	0.41	1
0.01	0.42	0.999992
0.01	0.43	1.00004
0.01	0.44	0.999841
0.01	0.45	1.00051
0.01	0.46	0.999121
0.01	0.47	1.00157
0.01	0.48	1.03195
0.01	0.49	1.57679
0.01	0.5	2.01061
0.01	0.51	2.09445
0.01	0.52	2.13594
0.01	0.53	2.28974
0.01	0.54	2.19971
0.01	0.55	2.09935
0.01	0.56	2.23495
0.01	0.57	2.27931
0.01	0.58	2.04401
0.01	0.59	2.00202
0.01	0.6	2.00008
0.01	0.61	2
0.01	0.62	2
0.01	0.63	2
0.01	0.64	2
0.01	0.65	2
0.01	0.66	2
0.01	0.67	2
0.01	0.68	2
0.01	0.69	2
0.01	0.7	2
0.01	0.71	2
0.01	0.72	2
0.01	0.73	2
0.01	0.74	2
0.01	0.75	2
0.01	0.76	2
0.01	0.77	2
0.01	0.78	2
0.01	0.79	2
0.01	0.8	2
0.01	0.81	2
0.01	0.82	2
0.01	0.83	2
0.01	0.84	2
0.01	0.85	2
0.01	0.86	2
0.01	0.87	2
0.01	0.88	2
0.01	0.89	2
0.01	0.9	2
0.01	0.91	2
0.01	0.92	2
0.01	0.93	2
0.01	0.94	2
0.01	0.95	2
0.01	0.96	2
0.01	0.97	2
0.01	0.98	2
0.01	0.99	2


0.02	0	1
0.02	0.01	1
0.02	0.02	1
0.02	0.03	1
0.02	0.04	1
0.02	0.05	1
0.02	0.06	1
0.02	0.07	1
0.02	0.08	1
0.02	0.09	1
0.02	0.1	1
0.02	0.11	1
0.02	0.12	1
0.02	0.13	1
0.02	0.14	1
0.02	0.15	1
0.02	0.16	1
0.02	0.17	1
0.02	0.18	1
0.02	0.19	1
0.02	0.2	1
0.02	0.21	1
0.02	0.22	1
0.02	0.23	1
0.02	0.24	1
0.02	0.25	1
0.02	0.26	1
0.02	0.27	1
0.02	0.28	1
0.02	0.29	1
0.02	0.3	1
0.02	0.31	1
0.02	0.32	1
0.02	0.33	1
0.02	0.34	1
0.02	0.35	1
0.02	0.36	1
0.02	0.37	1
0.02	0.38	1
0.02	0.39	1
0.02	0.4	1
0.02	0.41	0.999999
0.02	0.42	1
0.02	0.43	0.999975
0.02	0.44	1.0001
0.02	0.45	0.999779
0.02	0.46	1.00031
0.02	0.47	1.00161
0.02	0.48	0.999865
0.02	0.49	1.37027
0.02	0.5	1.86188
0.02	0.51	1.93776
0.02	0.52	2.00944
0.02	0.53	2.09242
0.02	0.54	2.15007
0.02	0.55	2.1964
0.02	0.56	2.23222
0.02	0.57	2.21142
0.02	0.58	2.19745
0.02	0.59	2.21644
0.02	0.6	2.22355
0.02	0.61	2.18066
0.02	0.62	2.18524
0.02	0.63	2.24978
0.02	0.64	2.20867
0.02	0.65	2.19452
0.02	0.66	2.20694
0.02	0.67	2.0675
0.02	0.68	2.00542
0.02	0.69	2.0003
0.02	0.7	2.00001
0.02	0.71	2
0.02	0.72	2
0.02	0.73	2
0.02	0.74	2
0.02	0.75	2
0.02	0.76	2
0.02	0.77	2
0.02	0.78	2
0.02	0.79	2
0.02	0.8	2
0.02	0.81	2
0.02	0.82	2
0.02	0.83	2
0.02	0.84	2
0.02	0.85	2
0.02	0.86	2
0.02	0.87	2
0.02	0.88	2
0.02	0.89	2
0.02	0.9	2
0.02	0.91	2
0.02	0.92	2
0.02	0.93	2
0.02	0.94	2
0.02	0.95	2
0.02	0.96	2
0.02	0.97	2
0.02	0.98	2
0.02	0.99	2


0.03	0	1
0.03	0.01	1
0.03	0.02	1
0.03	0.03	1
0.03	0.04	1
0.03	0.05	1
0.03	0.06	1
0.03	0.07	1
0.03	0.08	1
0.03	0.09	1
0.03	0.1	1
0.03	0.11	1
0.03	0.12	1
0.03	0.13	1
0.03	0.14	1
0.03	0.15	1
0.03	0.16	1
0.03	0.17	1
0.03	0.18	1
0.03	0.19	1
0.03	0.2	1
0.03	0.21	1
0.03	0.22	1
0.03	0.23	1
0.03	0.24	1
0.03	0.25	1
0.03	0.26	1
0.03	0.27	1
0.03	0.28	1
0.03	0.29	1
0.03	0.3	1
0.03	0.31	1
0.03	0.32	1
0.03	0.33	1
0.03	0.34	1
0.03	0.35	1
0.03	0.36	1
0.03	0.37	1
0.03	0.38	1
0.03	0.39	1
0.03	0.4	1
0.03	0.41	1
0.03	0.42	0.999997
0.03	0.43	1.00001
0.03	0.44	0.999985
0.03	0.45	1.00009
0.03	0.46	0.99966
0.03	0.47	1.00094
0.03	0.48	1.01552
0.03	0.49	1.15981
0.03	0.5	1.82544
0.03	0.51	1.91634
0.03	0.52	1.91453
0.03	0.53	1.94306
0.03	0.54	1.98987
0.03	0.55	2.05097
0.03	0.56	2.13083
0.03	0.57	2.17236
0.03	0.58	2.2015
0.03	0.59	2.23482
0.03	0.6	2.21578
0.03	0.61	2.20192
0.03	0.62	2.21349
0.03	0.63	2.21904
0.03	0.64	2.20008
0.03	0.65	2.21408
0.03	0.66	2.22732
0.03	0.67	2.22485
0.03	0.68	2.21801
0.03	0.69	2.21593
0.03	0.7	2.23385
0.03	0.71	2.23687
0.03	0.72	2.20693
0.03	0.73	2.20507
0.03	0.74	2.21791
0.03	0.75	2.17446
0.03	0.76	2.01758
0.03	0.77	2.001
0.03	0.78	2.00006
0.03	0.79	2
0.03	0.8	2
0.03	0.81	2
0.03	0.82	2
0.03	0.83	2
0.03	0.84	2
0.03	0.85	2
0.03	0.86	2
0.03	0.87	2
0.03	0.88	2
0.03	0.89	2
0.03	0.9	2
0.03	0.91	2
0.03	0.92	2
0.03	0.93	2
0.03	0.94	2
0.03	0.95	2
0.03	0.96	2
0.03	0.97	2
0.03	0.98	2
0.03	0.99	2


0.04	0	1
0.04	0.01	1
0.04	0.02	1
0.04	0.03	1
0.04	0.04	1
0.04	0.05	1
0.04	0.06	1
0.04	0.07	1
0.04	0.08	1
0.04	0.09	1
0.04	0.1	1
0.04	0.11	1
0.04	0.12	1
0.04	0.13	1
0.04	0.14	1
0.04	0.15	1
0.04	0.16	1
0.04	0.17	1
0.04	0.18	1
0.04	0.19	1
0.04	0.2	1
0.04	0.21	1
0.04	0.22	1
0.04	0.23	1
0.04	0.24	1
0.04	0.25	1
0.04	0.26	1
0.04	0.27	1
0.04	0.28	1
0.04	0.29	1
0.04	0.3	1
0.04	0.31	1
0.04	0.32	1
0.04	0.33	1
0.04	0.34	1
0.04	0.35	1
0.04	0.36	1
0.04	0.37	1
0.04	0.38	1
0.04	0.39	1
0.04	0.4	1
0.04	0.41	1
0.04	0.42	0.999998
0.04	0.43	1
0.04	0.44	1
0.04	0.45	0.999994
0.04	0.46	0.999893
0.04	0.47	1.00071
0.04	0.48	1.01102
0.04	0.49	1.09723
0.04	0.5	1.59678
0.04	0.51	1.94615
0.04	0.52	1.93355
0.04	0.53	1.92752
0.04	0.54	1.92816
0.04	0.55	1.93512
0.04	0.56	1.97394
0.04	0.57	2.02672
0.04	0.58	2.09589
0.04	0.59	2.15988
0.04	0.6	2.18845
0.04	0.61	2.20131
0.04	0.62	2.23175
0.04	0.63	2.2121
0.04	0.64	2.19871
0.04	0.65	2.21449
0.04	0.66	2.21718
0.04	0.67	2.21643
0.04	0.68	2.20179
0.04	0.69	2.22434
0.04	0.7	2.2407
0.04	0.71	2.2226
0.04	0.72	2.21758
0.04	0.73	2.23467
0.04	0.74	2.23988
0.04	0.75	2.21947
0.04	0.76	2.21548
0.04	0.77	2.24755
0.04	0.78	2.22372
0.04	0.79	2.21716
0.04	0.8	2.22071
0.04	0.81	2.21346
0.04	0.82	2.20971
0.04	0.83	2.23141
0.04	0.84	2.09878
0.04	0.85	2.00752
0.04	0.86	2.00044
0.04	0.87	2.00003
0.04	0.88	2
0.04	0.89	2
0.04	0.9	2
0.04	0.91	2
0.04	0.92	2
0.04	0.93	2
0.04	0.94	2
0.04	0.95	2
0.04	0.96	2
0.04	0.97	2
0.04	0.98	2
0.04	0.99	2


0.05	0	1
0.05	0.01	1
0.05	0.02	1
0.05	0.03	1
0.05	0.04	1
0.05	0.05	1
0.05	0.06	1
0.05	0.07	1
0.05	0.08	1
0.05	0.09	1
0.05	0.1	1
0.05	0.11	1
0.05	0.12	1
0.05	0.13	1
0.05	0.14	1
0.05	0.15	1
0.05	0.16	1
0.05	0.17	1
0.05	0.18	1
0.05	0.19	1
0.05	0.2	1
0.05	0.21	1
0.05	0.22	1
0.05	0.23	1
0.05	0.24	1
0.05	0.25	1
0.05	0.26	1
0.05	0.27	1
0.05	0.28	1
0.05	0.29	1
0.05	0.3	1
0.05	0.31	1
0.05	0.32	1
0.05	0.33	1
0.05	0.34	1
0.05	0.35	1
0.05	0.36	1
0.05	0.37	1
0.05	0.38	1
0.05	0.39	1
0.05	0.4	1
0.05	0.41	1
0.05	0.42	1
0.05	0.43	1
0.05	0.44	1
0.05	0.45	0.99999
0.05	0.46	0.999951
0.05	0.47	1.00061
0.05	0.48	1.00669
0.05	0.49	1.0595
0.05	0.5	1.37281
0.05	0.51	1.92595
0.05	0.52	1.93793
0.05	0.53	1.94974
0.05	0.54	1.94079
0.05	0.55	1.9223
0.05	0.56	1.9278
0.05	0.57	1.93963
0.05	0.58	1.96414
0.05	0.59	2.00892
0.05	0.6	2.06102
0.05	0.61	2.12682
0.05	0.62	2.17846
0.05	0.63	2.18776
0.05	0.64	2.20074
0.05	0.65	2.22791
0.05	0.66	2.21651
0.05	0.67	2.20015
0.05	0.68	2.20104
0.05	0.69	2.22542
0.05	0.7	2.23208
0.05	0.71	2.2094
0.05	0.72	2.20661
0.05	0.73	2.25031
0.05	0.74	2.22978
0.05	0.75	2.21003
0.05	0.76	2.23361
0.05	0.77	2.24266
0.05	0.78	2.21965
0.05	0.79	2.21676
0.05	0.8	2.23383
0.05	0.81	2.2377
0.05	0.82	2.22247
0.05	0.83	2.22003
0.05	0.84	2.23015
0.05	0.85	2.23443
0.05	0.86	2.22566
0.05	0.87	2.2153
0.05	0.88	2.23144
0.05	0.89	2.24084
0.05	0.9	2.20682
0.05	0.91	2.21408
0.05	0.92	2.21428
0.05	0.93	2.03666
0.05	0.94	2.00265
0.05	0.95	2.00017
0.05	0.96	2.00001
0.05	0.97	2
0.05	0.98	2
0.05	0.99	2


0.06	0	1
0.06	0.01	1
0.06	0.02	1
0.06	0.03	1
0.06	0.04	1
0.06	0.05	1
0.06	0.06	1
0.06	0.07	1
0.06	0.08	1
0.06	0.09	1
0.06	0.1	1
0.06	0.11	1
0.06	0.12	1
0.06	0.13	1
0.06	0.14	1
0.06	0.15	1
0.06	0.16	1
0.06	0.17	1
0.06	0.18	1
0.06	0.19	1
0.06	0.2	1
0.06	0.21	1
0.06	0.22	1
0.06	0.23	1
0.06	0.24	1
0.06	0.25	1
0.06	0.26	1
0.06	0.27	1
0.06	0.28	1
0.06	0.29	1
0.06	0.3	1
0.06	0.31	1
0.06	0.32	1
0.06	0.33	1
0.06	0.34	1
0.06	0.35	1
0.06	0.36	1
0.06	0.37	1
0.06	0.38	1
0.06	0.39	1
0.06	0.4	1
0.06	0.41	1
0.06	0.42	1
0.06	0.43	1
0.06	0.44	1
0.06	0.45	0.999991
0.06	0.46	0.999999
0.06	0.47	1.00031
0.06	0.48	1.00489
0.06	0.49	1.03719
0.06	0.5	1.20111
0.06	0.51	1.85048
0.06	0.52	1.93387
0.06	0.53	1.94044
0.06	0.54	1.94098
0.06	0.55	1.93752
0.06	0.56	1.93905
0.06	0.57	1.9355
0.06	0.58	1.93405
0.06	0.59	1.94247
0.06	0.6	1.95908
0.06	0.61	1.99337
0.06	0.62	2.03789
0.06	0.63	2.08681
0.06	0.64	2.15154
0.06	0.65	2.18946
0.06	0.66	2.19398
0.06	0.67	2.20163
0.06	0.68	2.21682
0.06	0.69	2.21627
0.06	0.7	2.21207
0.06	0.71	2.20801
0.06	0.72	2.22119
0.06	0.73	2.22336
0.06	0.74	2.20609
0.06	0.75	2.2039
0.06	0.76	2.24039
0.06	0.77	2.2544
0.06	0.78	2.20618
0.06	0.79	2.21302
0.06	0.8	2.25379
0.06	0.81	2.23823
0.06	0.82	2.20938
0.06	0.83	2.22119
0.06	0.84	2.25115
0.06	0.85	2.22322
0.06	0.86	2.20372
0.06	0.87	2.2316
0.06	0.88	2.24702
0.06	0.89	2.23258
0.06	0.9	2.22095
0.06	0.91	2.22808
0.06	0.92	2.2276
0.06	0.93	2.23145
0.06	0.94	2.21101
0.06	0.95	2.25699
0.06	0.96	2.18222
0.06	0.97	2.28248
0.06	0.98	2.28248
0.06	0.99	2.28248


0.07	0	1
0.07	0.01	1
0.07	0.02	1
0.07	0.03	1
0.07	0.04	1
0.07	0.05	1
0.07	0.06	1
0.07	0.07	1
0.07	0.08	1
0.07	0.09	1
0.07	0.1	1
0.07	0.11	1
0.07	0.12	1
0.07	0.13	1
0.07	0.14	1
0.07	0.15	1
0.07	0.16	1
0.07	0.17	1
0.07	0.18	1
0.07	0.19	1
0.07	0.2	1
0.07	0.21	1
0.07	0.22	1
0.07	0.23	1
0.07	0.24	1
0.07	0.25	1
0.07	0.26	1
0.07	0.27	1
0.07	0.28	1
0.07	0.29	1
0.07	0.3	1
0.07	0.31	1
0.07	0.32	1
0.07	0.33	1
0.07	0.34	1
0.07	0.35	1
0.07	0.36	1
0.07	0.37	1
0.07	0.38	1
0.07	0.39	1
0.07	0.4	1
0.07	0.41	1
0.07	0.42	1
0.07	0.43	1
0.07	0.44	1
0.07	0.45	0.999996
0.07	0.46	1
0.07	0.47	1.00023
0.07	0.48	1.00313
0.07	0.49	1.02171
0.07	0.5	1.11971
0.07	0.51	1.66263
0.07	0.52	1.94466
0.07	0.53	1.94117
0.07	0.54	1.9357
0.07	0.55	1.93443
0.07	0.56	1.94151
0.07	0.57	1.94308
0.07	0.58	1.94017
0.07	0.59	1.9386
0.07	0.6	1.93638
0.07	0.61	1.94152
0.07	0.62	1.95424
0.07	0.63	1.97536
0.07	0.64	2.02108
0.07	0.65	2.07156
0.07	0.66	2.11624
0.07	0.67	2.17032
0.07	0.68	2.1938
0.07	0.69	2.19836
0.07	0.7	2.20982
0.07	0.71	2.21975
0.07	0.72	2.21904
0.07	0.73	2.20443
0.07	0.74	2.19817
0.07	0.75	2.21168
0.07	0.76	2.22656
0.07	0.77	2.22597
0.07	0.78	2.21463
0.07	0.79	2.23418
0.07	0.8	2.24459
0.07	0.81	2.21651
0.07	0.82	2.21183
0.07	0.83	2.24281
0.07	0.84	2.24591
0.07	0.85	2.20585
0.07	0.86	2.19749
0.07	0.87	2.24649
0.07	0.88	2.25472
0.07	0.89	2.21012
0.07	0.9	2.20672
0.07	0.91	2.25735
0.07	0.92	2.23993
0.07	0.93	2.20027
0.07	0.94	2.22169
0.07	0.95	2.25528
0.07	0.96	2.20549
0.07	0.97	2.25624
0.07	0.98	2.25624
0.07	0.99	2.25624


0.08	0	1
0.08	0.01	1
0.08	0.02	1
0.08	0.03	1
0.08	0.04	1
0.08	0.05	1
0.08	0.06	1
0.08	0.07	1
0.08	0.08	1
0.08	0.09	1
0.08	0.1	1
0.08	0.11	1
0.08	0.12	1
0.08	0.13	1
0.08	0.14	1
0.08	0.15	1
0.08	0.16	1
0.08	0.17	1
0.08	0.18	1
0.08	0.19	1
0.08	0.2	1
0.08	0.21	1
0.08	0.22	1
0.08	0.23	1
0.08	0.24	1
0.08	0.25	1
0.08	0.26	1
0.08	0.27	1
0.08	0.28	1
0.08	0.29	1
0.08	0.3	1
0.08	0.31	1
0.08	0.32	1
0.08	0.33	1
0.08	0.34	1
0.08	0.35	1
0.08	0.36	1
0.08	0.37	1
0.08	0.38	1
0.08	0.39	1
0.08	0.4	1
0.08	0.41	1
0.08	0.42	1
0.08	0.43	1
0.08	0.44	1
0.08	0.45	0.999998
0.08	0.46	1.00001
0.08	0.47	1.00016
0.08	0.48	1.00202
0.08	0.49	1.01176
0.08	0.5	1.07151
0.08	0.51	1.44584
0.08	0.52	1.93586
0.08	0.53	1.94481
0.08	0.54	1.94116
0.08	0.55	1.93527
0.08	0.56	1.93777
0.08	0.57	1.93979
0.08	0.58	1.94143
0.08	0.59	1.94288
0.08	0.6	1.94047
0.08	0.61	1.93759
0.08	0.62	1.9393
0.08	0.63	1.93409
0.08	0.64	1.95219
0.08	0.65	1.97183
0.08	0.66	2.00531
0.08	0.67	2.04829
0.08	0.68	2.0972
0.08	0.69	2.1406
0.08	0.7	2.1867
0.08	0.71	2.20442
0.08	0.72	2.20187
0.08	0.73	2.19979
0.08	0.74	2.20973
0.08	0.75	2.21312
0.08	0.76	2.21124
0.08	0.77	2.2106
0.08	0.78	2.21818
0.08	0.79	2.23644
0.08	0.8	2.22575
0.08	0.81	2.21734
0.08	0.82	2.21507
0.08	0.83	2.25688
0.08	0.84	2.23249
0.08	0.85	2.19261
0.08	0.86	2.20935
0.08	0.87	2.26734
0.08	0.88	2.23007
0.08	0.89	2.20518
0.08	0.9	2.23739
0.08	0.91	2.24278
0.08	0.92	2.20096
0.08	0.93	2.20265
0.08	0.94	2.23374
0.08	0.95	2.27331
0.08	0.96	2.17725
0.08	0.97	2.25169
0.08	0.98	2.25169
0.08	0.99	2.25169


0.09	0	1
0.09	0.01	1
0.09	0.02	1
0.09	0.03	1
0.09	0.04	1
0.09	0.05	1
0.09	0.06	1
0.09	0.07	1
0.09	0.08	1
0.09	0.09	1
0.09	0.1	1
0.09	0.11	1
0.09	0.12	1
0.09	0.13	1
0.09	0.14	1
0.09	0.15	1
0.09	0.16	1
0.09	0.17	1
0.09	0.18	1
0.09	0.19	1
0.09	0.2	1
0.09	0.21	1
0.09	0.22	1
0.09	0.23	1
0.09	0.24	1
0.09	0.25	1
0.09	0.26	1
0.09	0.27	1
0.09	0.28	1
0.09	0.29	1
0.09	0.3	1
0.09	0.31	1
0.09	0.32	1
0.09	0.33	1
0.09	0.34	1
0.09	0.35	1
0.09	0.36	1
0.09	0.37	1
0.09	0.38	1
0.09	0.39	1
0.09	0.4	1
0.09	0.41	1
0.09	0.42	1
0.09	0.43	1
0.09	0.44	1
0.09	0.45	0.999999
0.09	0.46	1
0.09	0.47	1.00012
0.09	0.48	1.00106
0.09	0.49	1.00766
0.09	0.5	1.04706
0.09	0.51	1.24965
0.09	0.52	1.89598
0.09	0.53	1.93575
0.09	0.54	1.93493
0.09	0.55	1.93778
0.09	0.56	1.94398
0.09	0.57	1.94232
0.09	0.58	1.94027
0.09	0.59	1.94111
0.09	0.6	1.94117
0.09	0.61	1.94104
0.09	0.62	1.9399
0.09	0.63	1.92818
0.09	0.64	1.93889
0.09	0.65	1.93868
0.09	0.66	1.94936
0.09	0.67	1.96333
0.09	0.68	1.99115
0.09	0.69	2.02987
0.09	0.7	2.08313
0.09	0.71	2.12795
0.09	0.72	2.15656
0.09	0.73	2.18807
0.09	0.74	2.19444
0.09	0.75	2.19908
0.09	0.76	2.20176
0.09	0.77	2.21455
0.09	0.78	2.23007
0.09	0.79	2.21687
0.09	0.8	2.20467
0.09	0.81	2.21508
0.09	0.82	2.23422
0.09	0.83	2.23377
0.09	0.84	2.21486
0.09	0.85	2.20959
0.09	0.86	2.2398
0.09	0.87	2.25253
0.09	0.88	2.21462
0.09	0.89	2.21226
0.09	0.9	2.23837
0.09	0.91	2.25061
0.09	0.92	2.16966
0.09	0.93	2.23306
0.09	0.94	2.25478
0.09	0.95	2.23929
0.09	0.96	2.20597
0.09	0.97	2.23945
0.09	0.98	2.23945
0.09	0.99	2.23945


0.1	0	1
0.1	0.01	1
0.1	0.02	1
0.1	0.03	1
0.1	0.04	1
0.1	0.05	1
0.1	0.06	1
0.1	0.07	1
0.1	0.08	1
0.1	0.09	1
0.1	0.1	1
0.1	0.11	1
0.1	0.12	1
0.1	0.13	1
0.1	0.14	1
0.1	0.15	1
0.1	0.16	1
0.1	0.17	1
0.1	0.18	1
0.1	0.19	1
0.1	0.2	1
0.1	0.21	1
0.1	0.22	1
0.1	0.23	1
0.1	0.24	1
0.1	0.25	1
0.1	0.26	1
0.1	0.27	1
0.1	0.28	1
0.1	0.29	1
0.1	0.3	1
0.1	0.31	1
0.1	0.32	1
0.1	0.33	1
0.1	0.34	1
0.1	0.35	1
0.1	0.36	1
0.1	0.37	1
0.1	0.38	1
0.1	0.39	1
0.1	0.4	1
0.1	0.41	1
0.1	0.42	1
0.1	0.43	1
0.1	0.44	1
0.1	0.45	1
0.1	0.46	1
0.1	0.47	1.00008
0.1	0.48	1.00062
0.1	0.49	1.0048
0.1	0.5	1.02853
0.1	0.51	1.14154
0.1	0.52	1.74807
0.1	0.53	1.94012
0.1	0.54	1.93546
0.1	0.55	1.93457
0.1	0.56	1.93882
0.1	0.57	1.94187
0.1	0.58	1.94318
0.1	0.59	1.94326
0.1	0.6	1.94111
0.1	0.61	1.94065
0.1	0.62	1.93978
0.1	0.63	1.93283
0.1	0.64	1.94079
0.1	0.65	1.93663
0.1	0.66	1.94017
0.1	0.67	1.93869
0.1	0.68	1.94556
0.1	0.69	1.96169
0.1	0.7	1.98934
0.1	0.71	2.02072
0.1	0.72	2.05697
0.1	0.73	2.09997
0.1	0.74	2.13814
0.1	0.75	2.16043
0.1	0.76	2.18325
0.1	0.77	2.21097
0.1	0.78	2.21112
0.1	0.79	2.20318
0.1	0.8	2.21
0.1	0.81	2.22234
0.1	0.82	2.22083
0.1	0.83	2.20984
0.1	0.84	2.21296
0.1	0.85	2.22345
0.1	0.86	2.23303
0.1	0.87	2.22642
0.1	0.88	2.22347
0.1	0.89	2.23061
0.1	0.9	2.24005
0.1	0.91	2.21976
0.1	0.92	2.19717
0.1	0.93	2.24248
0.1	0.94	2.23961
0.1	0.95	2.22013
0.1	0.96	2.21781
0.1	0.97	2.25539
0.1	0.98	2.25539
0.1	0.99	2.25539


0.11	0	1
0.11	0.01	1
0.11	0.02	1
0.11	0.03	1
0.11	0.04	1
0.11	0.05	1
0.11	0.06	1
0.11	0.07	1
0.11	0.08	1
0.11	0.09	1
0.11	0.1	1
0.11	0.11	1
0.11	0.12	1
0.11	0.13	1
0.11	0.14	1
0.11	0.15	1
0.11	0.16	1
0.11	0.17	1
0.11	0.18	1
0.11	0.19	1
0.11	0.2	1
0.11	0.21	1
0.11	0.22	1
0.11	0.23	1
0.11	0.24	1
0.11	0.25	1
0.11	0.26	1
0.11	0.27	1
0.11	0.28	1
0.11	0.29	1
0.11	0.3	1
0.11	0.31	1
0.11	0.32	1
0.11	0.33	1
0.11	0.34	1
0.11	0.35	1
0.11	0.36	1
0.11	0.37	1
0.11	0.38	1
0.11	0.39	1
0.11	0.4	1
0.11	0.41	1
0.11	0.42	1
0.11	0.43	1
0.11	0.44	1
0.11	0.45	1
0.11	0.46	1
0.11	0.47	1.00005
0.11	0.48	1.00038
0.11	0.49	1.00296
0.11	0.5	1.016
0.11	0.51	1.08729
0.11	0.52	1.52812
0.11	0.53	1.94254
0.11	0.54	1.94058
0.11	0.55	1.93908
0.11	0.56	1.94009
0.11	0.57	1.93905
0.11	0.58	1.93976
0.11	0.59	1.9419
0.11	0.6	1.94227
0.11	0.61	1.94196
0.11	0.62	1.93969
0.11	0.63	1.93505
0.11	0.64	1.94115
0.11	0.65	1.93843
0.11	0.66	1.94024
0.11	0.67	1.93648
0.11	0.68	1.93741
0.11	0.69	1.94166
0.11	0.7	1.95199
0.11	0.71	1.96136
0.11	0.72	1.97899
0.11	0.73	2.00283
0.11	0.74	2.03432
0.11	0.75	2.07242
0.11	0.76	2.12356
0.11	0.77	2.16481
0.11	0.78	2.17896
0.11	0.79	2.18954
0.11	0.8	2.2101
0.11	0.81	2.21022
0.11	0.82	2.20683
0.11	0.83	2.20789
0.11	0.84	2.21493
0.11	0.85	2.21823
0.11	0.86	2.20988
0.11	0.87	2.21736
0.11	0.88	2.22987
0.11	0.89	2.23239
0.11	0.9	2.21666
0.11	0.91	2.21931
0.11	0.92	2.21312
0.11	0.93	2.2479
0.11	0.94	2.22468
0.11	0.95	2.23573
0.11	0.96	2.23468
0.11	0.97	2.23614
0.11	0.98	2.23614
0.11	0.99	2.23614


0.12	0	1
0.12	0.01	1
0.12	0.02	1
0.12	0.03	1
0.12	0.04	1
0.12	0.05	1
0.12	0.06	1
0.12	0.07	1
0.12	0.08	1
0.12	0.09	1
0.12	0.1	1
0.12	0.11	1
0.12	0.12	1
0.12	0.13	1
0.12	0.14	1
0.12	0.15	1
0.12	0.16	1
0.12	0.17	1
0.12	0.18	1
0.12	0.19	1
0.12	0.2	1
0.12	0.21	1
0.12	0.22	1
0.12	0.23	1
0.12	0.24	1
0.12	0.25	1
0.12	0.26	1
0.12	0.27	1
0.12	0.28	1
0.12	0.29	1
0.12	0.3	1
0.12	0.31	1
0.12	0.32	1
0.12	0.33	1
0.12	0.34	1
0.12	0.35	1
0.12	0.36	1
0.12	0.37	1
0.12	0.38	1
0.12	0.39	1
0.12	0.4	1
0.12	0.41	1
0.12	0.42	1
0.12	0.43	1
0.12	0.44	1
0.12	0.45	1
0.12	0.46	1
0.12	0.47	1.00003
0.12	0.48	1.00024
0.12	0.49	1.00169
0.12	0.5	1.00953
0.12	0.51	1.05664
0.12	0.52	1.32195
0.12	0.53	1.91747
0.12	0.54	1.93228
0.12	0.55	1.93879
0.12	0.56	1.94467
0.12	0.57	1.94311
0.12	0.58	1.9415
0.12	0.59	1.93907
0.12	0.6	1.9379
0.12	0.61	1.93828
0.12	0.62	1.93756
0.12	0.63	1.93548
0.12	0.64	1.94061
0.12	0.65	1.93943
0.12	0.66	1.9403
0.12	0.67	1.93738
0.12	0.68	1.93773
0.12	0.69	1.94006
0.12	0.7	1.94487
0.12	0.71	1.94422
0.12	0.72	1.94752
0.12	0.73	1.9531
0.12	0.74	1.96636
0.12	0.75	1.98792
0.12	0.76	2.02615
0.12	0.77	2.06945
0.12	0.78	2.10547
0.12	0.79	2.14362
0.12	0.8	2.17287
0.12	0.81	2.1827
0.12	0.82	2.19191
0.12	0.83	2.20883
0.12	0.84	2.20957
0.12	0.85	2.2029
0.12	0.86	2.20553
0.12	0.87	2.22161
0.12	0.88	2.22179
0.12	0.89	2.21461
0.12	0.9	2.2069
0.12	0.91	2.22927
0.12	0.92	2.23113
0.12	0.93	2.22071
0.12	0.94	2.21643
0.12	0.95	2.24785
0.12	0.96	2.23792
0.12	0.97	2.23272
0.12	0.98	2.23272
0.12	0.99	2.23272


0.13	0	1
0.13	0.01	1
0.13	0.02	1
0.13	0.03	1
0.13	0.04	1
0.13	0.05	1
0.13	0.06	1
0.13	0.07	1
0.13	0.08	1
0.13	0.09	1
0.13	0.1	1
0.13	0.11	1
0.13	0.12	1
0.13	0.13	1
0.13	0.14	1
0.13	0.15	1
0.13	0.16	1
0.13	0.17	1
0.13	0.18	1
0.13	0.19	1
0.13	0.2	1
0.13	0.21	1
0.13	0.22	1
0.13	0.23	1
0.13	0.24	1
0.13	0.25	1
0.13	0.26	1
0.13	0.27	1
0.13	0.28	1
0.13	0.29	1
0.13	0.3	1
0.13	0.31	1
0.13	0.32	1
0.13	0.33	1
0.13	0.34	1
0.13	0.35	1
0.13	0.36	1
0.13	0.37	1
0.13	0.38	1
0.13	0.39	1
0.13	0.4	1
0.13	0.41	1
0.13	0.42	1
0.13	0.43	1
0.13	0.44	1
0.13	0.45	1
0.13	0.46	1
0.13	0.47	1.00002
0.13	0.48	1.00015
0.13	0.49	1.00092
0.13	0.5	1.00618
0.13	0.51	1.03573
0.13	0.52	1.17557
0.13	0.53	1.81749
0.13	0.54	1.93399
0.13	0.55	1.93506
0.13	0.56	1.93814
0.13	0.57	1.94143
0.13	0.58	1.94342
0.13	0.59	1.94317
0.13	0.6	1.94113
0.13	0.61	1.93916
0.13	0.62	1.93638
0.13	0.63	1.93563
0.13	0.64	1.94016
0.13	0.65	1.93971
0.13	0.66	1.9399
0.13	0.67	1.93816
0.13	0.68	1.93766
0.13	0.69	1.94156
0.13	0.7	1.94278
0.13	0.71	1.94053
0.13	0.72	1.94031
0.13	0.73	1.93705
0.13	0.74	1.9416
0.13	0.75	1.94395
0.13	0.76	1.96578
0.13	0.77	1.99067
0.13	0.78	2.01871
0.13	0.79	2.04928
0.13	0.8	2.08682
0.13	0.81	2.12062
0.13	0.82	2.15786
0.13	0.83	2.18151
0.13	0.84	2.18571
0.13	0.85	2.19014
0.13	0.86	2.20671
0.13	0.87	2.21488
0.13	0.88	2.20877
0.13	0.89	2.20464
0.13	0.9	2.20839
0.13	0.91	2.22963
0.13	0.92	2.20978
0.13	0.93	2.20843
0.13	0.94	2.23107
0.13	0.95	2.2515
0.13	0.96	2.23206
0.13	0.97	2.22987
0.13	0.98	2.22987
0.13	0.99	2.22987


0.14	0	1
0.14	0.01	1
0.14	0.02	1
0.14	0.03	1
0.14	0.04	1
0.14	0.05	1
0.14	0.06	1
0.14	0.07	1
0.14	0.08	1
0.14	0.09	1
0.14	0.1	1
0.14	0.11	1
0.14	0.12	1
0.14	0.13	1
0.14	0.14	1
0.14	0.15	1
0.14	0.16	1
0.14	0.17	1
0.14	0.18	1
0.14	0.19	1
0.14	0.2	1
0.14	0.21	1
0.14	0.22	1
0.14	0.23	1
0.14	0.24	1
0.14	0.25	1
0.14	0.26	1
0.14	0.27	1
0.14	0.28	1
0.14	0.29	1
0.14	0.3	1
0.14	0.31	1
0.14	0.32	1
0.14	0.33	1
0.14	0.34	1
0.14	0.35	1
0.14	0.36	1
0.14	0.37	1
0.14	0.38	1
0.14	0.39	1
0.14	0.4	1
0.14	0.41	1
0.14	0.42	1
0.14	0.43	1
0.14	0.44	1
0.14	0.45	1
0.14	0.46	1
0.14	0.47	1.00001
0.14	0.48	1.00009
0.14	0.49	1.00056
0.14	0.5	1.00381
0.14	0.51	1.02074
0.14	0.52	1.10723
0.14	0.53	1.61452
0.14	0.54	1.94284
0.14	0.55	1.94245
0.14	0.56	1.93888
0.14	0.57	1.93697
0.14	0.58	1.93869
0.14	0.59	1.94165
0.14	0.6	1.94278
0.14	0.61	1.94158
0.14	0.62	1.93883
0.14	0.63	1.93603
0.14	0.64	1.93863
0.14	0.65	1.9387
0.14	0.66	1.93959
0.14	0.67	1.93854
0.14	0.68	1.93913
0.14	0.69	1.94243
0.14	0.7	1.94381
0.14	0.71	1.94228
0.14	0.72	1.94067
0.14	0.73	1.93596
0.14	0.74	1.93753
0.14	0.75	1.92975
0.14	0.76	1.94521
0.14	0.77	1.95519
0.14	0.78	1.96693
0.14	0.79	1.98052
0.14	0.8	2.00219
0.14	0.81	2.03557
0.14	0.82	2.06984
0.14	0.83	2.10921
0.14	0.84	2.1344
0.14	0.85	2.15616
0.14	0.86	2.18853
0.14	0.87	2.19447
0.14	0.88	2.19185
0.14	0.89	2.19695
0.14	0.9	2.21236
0.14	0.91	2.21659
0.14	0.92	2.19586
0.14	0.93	2.21319
0.14	0.94	2.23187
0.14	0.95	2.23125
0.14	0.96	2.22272
0.14	0.97	2.23471
0.14	0.98	2.23471
0.14	0.99	2.23471


0.15	0	1
0.15	0.01	1
0.15	0.02	1
0.15	0.03	1
0.15	0.04	1
0.15	0.05	1
0.15	0.06	1
0.15	0.07	1
0.15	0.08	1
0.15	0.09	1
0.15	0.1	1
0.15	0.11	1
0.15	0.12	1
0.15	0.13	1
0.15	0.14	1
0.15	0.15	1
0.15	0.16	1
0.15	0.17	1
0.15	0.18	1
0.15	0.19	1
0.15	0.2	1
0.15	0.21	1
0.15	0.22	1
0.15	0.23	1
0.15	0.24	1
0.15	0.25	1
0.15	0.26	1
0.15	0.27	1
0.15	0.28	1
0.15	0.29	1
0.15	0.3	1
0.15	0.31	1
0.15	0.32	1
0.15	0.33	1
0.15	0.34	1
0.15	0.35	1
0.15	0.36	1
0.15	0.37	1
0.15	0.38	1
0.15	0.39	1
0.15	0.4	1
0.15	0.41	1
0.15	0.42	1
0.15	0.43	1
0.15	0.44	1
0.15	0.45	1
0.15	0.46	1
0.15	0.47	1.00001
0.15	0.48	1.00005
0.15	0.49	1.00033
0.15	0.5	1.00238
0.15	0.51	1.01127
0.15	0.52	1.06618
0.15	0.53	1.40479
0.15	0.54	1.924
0.15	0.55	1.94219
0.15	0.56	1.94401
0.15	0.57	1.94136
0.15	0.58	1.93956
0.15	0.59	1.93873
0.15	0.6	1.93866
0.15	0.61	1.93707
0.15	0.62	1.93583
0.15	0.63	1.93825
0.15	0.64	1.94208
0.15	0.65	1.9409
0.15	0.66	1.93884
0.15	0.67	1.93668
0.15	0.68	1.93823
0.15	0.69	1.94232
0.15	0.7	1.94507
0.15	0.71	1.9436
0.15	0.72	1.94102
0.15	0.73	1.93663
0.15	0.74	1.93633
0.15	0.75	1.92785
0.15	0.76	1.94141
0.15	0.77	1.9457
0.15	0.78	1.94864
0.15	0.79	1.9529
0.15	0.8	1.95736
0.15	0.81	1.97603
0.15	0.82	1.99632
0.15	0.83	2.02265
0.15	0.84	2.05379
0.15	0.85	2.08555
0.15	0.86	2.12701
0.15	0.87	2.15131
0.15	0.88	2.16552
0.15	0.89	2.1863
0.15	0.9	2.19454
0.15	0.91	2.19434
0.15	0.92	2.19153
0.15	0.93	2.21432
0.15	0.94	2.21369
0.15	0.95	2.21135
0.15	0.96	2.22879
0.15	0.97	2.23005
0.15	0.98	2.23005
0.15	0.99	2.23005


0.16	0	1
0.16	0.01	1
0.16	0.02	1
0.16	0.03	1
0.16	0.04	1
0.16	0.05	1
0.16	0.06	1
0.16	0.07	1
0.16	0.08	1
0.16	0.09	1
0.16	0.1	1
0.16	0.11	1
0.16	0.12	1
0.16	0.13	1
0.16	0.14	1
0.16	0.15	1
0.16	0.16	1
0.16	0.17	1
0.16	0.18	1
0.16	0.19	1
0.16	0.2	1
0.16	0.21	1
0.16	0.22	1
0.16	0.23	1
0.16	0.24	1
0.16	0.25	1
0.16	0.26	1
0.16	0.27	1
0.16	0.28	1
0.16	0.29	1
0.16	0.3	1
0.16	0.31	1
0.16	0.32	1
0.16	0.33	1
0.16	0.34	1
0.16	0.35	1
0.16	0.36	1
0.16	0.37	1
0.16	0.38	1
0.16	0.39	1
0.16	0.4	1
0.16	0.41	1
0.16	0.42	1
0.16	0.43	1
0.16	0.44	1
0.16	0.45	1
0.16	0.46	1
0.16	0.47	1
0.16	0.48	1.00003
0.16	0.49	1.00022
0.16	0.5	1.00124
0.16	0.51	1.00752
0.16	0.52	1.04335
0.16	0.53	1.22124
0.16	0.54	1.86912
0.16	0.55	1.9341
0.16	0.56	1.93734
0.16	0.57	1.94194
0.16	0.58	1.9447
0.16	0.59	1.94365
0.16	0.6	1.94096
0.16	0.61	1.9375
0.16	0.62	1.93516
0.16	0.63	1.93582
0.16	0.64	1.93883
0.16	0.65	1.94037
0.16	0.66	1.94023
0.16	0.67	1.93623
0.16	0.68	1.93679
0.16	0.69	1.94048
0.16	0.7	1.94331
0.16	0.71	1.9427
0.16	0.72	1.93952
0.16	0.73	1.93559
0.16	0.74	1.93543
0.16	0.75	1.93059
0.16	0.76	1.9438
0.16	0.77	1.94414
0.16	0.78	1.94372
0.16	0.79	1.94429
0.16	0.8	1.93955
0.16	0.81	1.95123
0.16	0.82	1.95855
0.16	0.83	1.96988
0.16	0.84	1.98736
0.16	0.85	2.00863
0.16	0.86	2.0431
0.16	0.87	2.07678
0.16	0.88	2.10419
0.16	0.89	2.13851
0.16	0.9	2.15923
0.16	0.91	2.16895
0.16	0.92	2.18656
0.16	0.93	2.19777
0.16	0.94	2.19392
0.16	0.95	2.21099
0.16	0.96	2.22728
0.16	0.97	2.21795
0.16	0.98	2.21795
0.16	0.99	2.21795


0.17	0	1
0.17	0.01	1
0.17	0.02	1
0.17	0.03	1
0.17	0.04	1
0.17	0.05	1
0.17	0.06	1
0.17	0.07	1
0.17	0.08	1
0.17	0.09	1
0.17	0.1	1
0.17	0.11	1
0.17	0.12	1
0.17	0.13	1
0.17	0.14	1
0.17	0.15	1
0.17	0.16	1
0.17	0.17	1
0.17	0.18	1
0.17	0.19	1
0.17	0.2	1
0.17	0.21	1
0.17	0.22	1
0.17	0.23	1
0.17	0.24	1
0.17	0.25	1
0.17	0.26	1
0.17	0.27	1
0.17	0.28	1
0.17	0.29	1
0.17	0.3	1
0.17	0.31	1
0.17	0.32	1
0.17	0.33	1
0.17	0.34	1
0.17	0.35	1
0.17	0.36	1
0.17	0.37	1
0.17	0.38	1
0.17	0.39	1
0.17	0.4	1
0.17	0.41	1
0.17	0.42	1
0.17	0.43	1
0.17	0.44	1
0.17	0.45	1
0.17	0.46	1
0.17	0.47	1
0.17	0.48	1.00002
0.17	0.49	1.00013
0.17	0.5	1.00073
0.17	0.51	1.0047
0.17	0.52	1.02596
0.17	0.53	1.13006
0.17	0.54	1.69962
0.17	0.55	1.94296
0.17	0.56	1.94006
0.17	0.57	1.93741
0.17	0.58	1.9384
0.17	0.59	1.94022
0.17	0.6	1.94266
0.17	0.61	1.94143
0.17	0.62	1.93899
0.17	0.63	1.93699
0.17	0.64	1.93829
0.17	0.65	1.9377
0.17	0.66	1.93832
0.17	0.67	1.93846
0.17	0.68	1.94038
0.17	0.69	1.94277
0.17	0.7	1.9431
0.17	0.71	1.94169
0.17	0.72	1.93883
0.17	0.73	1.93586
0.17	0.74	1.93514
0.17	0.75	1.93104
0.17	0.76	1.94219
0.17	0.77	1.94504
0.17	0.78	1.94209
0.17	0.79	1.94092
0.17	0.8	1.93356
0.17	0.81	1.94261
0.17	0.82	1.94515
0.17	0.83	1.9469
0.17	0.84	1.95608
0.17	0.85	1.96092
0.17	0.86	1.98248
0.17	0.87	2.00569
0.17	0.88	2.02888
0.17	0.89	2.0586
0.17	0.9	2.0893
0.17	0.91	2.11684
0.17	0.92	2.15104
0.17	0.93	2.1645
0.17	0.94	2.17333
0.17	0.95	2.19831
0.17	0.96	2.21326
0.17	0.97	2.20703
0.17	0.98	2.20703
0.17	0.99	2.20703


0.18	0	1
0.18	0.01	1
0.18	0.02	1
0.18	0.03	1
0.18	0.04	1
0.18	0.05	1
0.18	0.06	1
0.18	0.07	1
0.18	0.08	1
0.18	0.09	1
0.18	0.1	1
0.18	0.11	1
0.18	0.12	1
0.18	0.13	1
0.18	0.14	1
0.18	0.15	1
0.18	0.16	1
0.18	0.17	1
0.18	0.18	1
0.18	0.19	1
0.18	0.2	1
0.18	0.21	1
0.18	0.22	1
0.18	0.23	1
0.18	0.24	1
0.18	0.25	1
0.18	0.26	1
0.18	0.27	1
0.18	0.28	1
0.18	0.29	1
0.18	0.3	1
0.18	0.31	1
0.18	0.32	1
0.18	0.33	1
0.18	0.34	1
0.18	0.35	1
0.18	0.36	1
0.18	0.37	1
0.18	0.38	1
0.18	0.39	1
0.18	0.4	1
0.18	0.41	1
0.18	0.42	1
0.18	0.43	1
0.18	0.44	1
0.18	0.45	1
0.18	0.46	1
0.18	0.47	1
0.18	0.48	1.00001
0.18	0.49	1.00007
0.18	0.5	1.00044
0.18	0.51	1.00294
0.18	0.52	1.01441
0.18	0.53	1.07758
0.18	0.54	1.47961
0.18	0.55	1.94176
0.18	0.56	1.9453
0.18	0.57	1.94399
0.18	0.58	1.94161
0.18	0.59	1.93797
0.18	0.6	1.93759
0.18	0.61	1.93664
0.18	0.62	1.93881
0.18	0.63	1.9401
0.18	0.64	1.94128
0.18	0.65	1.9391
0.18	0.66	1.93794
0.18	0.67	1.937
0.18	0.68	1.93998
0.18	0.69	1.94273
0.18	0.7	1.94405
0.18	0.71	1.9425
0.18	0.72	1.93843
0.18	0.73	1.93619
0.18	0.74	1.93521
0.18	0.75	1.93296
0.18	0.76	1.94206
0.18	0.77	1.94484
0.18	0.78	1.9438
0.18	0.79	1.94231
0.18	0.8	1.93501
0.18	0.81	1.94114
0.18	0.82	1.9419
0.18	0.83	1.94063
0.18	0.84	1.94542
0.18	0.85	1.93982
0.18	0.86	1.9533
0.18	0.87	1.96357
0.18	0.88	1.97478
0.18	0.89	1.99015
0.18	0.9	2.01463
0.18	0.91	2.04324
0.18	0.92	2.07875
0.18	0.93	2.1012
0.18	0.94	2.12611
0.18	0.95	2.16836
0.18	0.96	2.18962
0.18	0.97	2.18507
0.18	0.98	2.18507
0.18	0.99	2.18507


0.19	0	1
0.19	0.01	1
0.19	0.02	1
0.19	0.03	1
0.19	0.04	1
0.19	0.05	1
0.19	0.06	1
0.19	0.07	1
0.19	0.08	1
0.19	0.09	1
0.19	0.1	1
0.19	0.11	1
0.19	0.12	1
0.19	0.13	1
0.19	0.14	1
0.19	0.15	1
0.19	0.16	1
0.19	0.17	1
0.19	0.18	1
0.19	0.19	1
0.19	0.2	1
0.19	0.21	1
0.19	0.22	1
0.19	0.23	1
0.19	0.24	1
0.19	0.25	1
0.19	0.26	1
0.19	0.27	1
0.19	0.28	1
0.19	0.29	1
0.19	0.3	1
0.19	0.31	1
0.19	0.32	1
0.19	0.33	1
0.19	0.34	1
0.19	0.35	1
0.19	0.36	1
0.19	0.37	1
0.19	0.38	1
0.19	0.39	1
0.19	0.4	1
0.19	0.41	1
0.19	0.42	1
0.19	0.43	1
0.19	0.44	1
0.19	0.45	1
0.19	0.46	1
0.19	0.47	1
0.19	0.48	1.00001
0.19	0.49	1.00004
0.19	0.5	1.00028
0.19	0.51	1.00162
0.19	0.52	1.00903
0.19	0.53	1.05175
0.19	0.54	1.28115
0.19	0.55	1.90697
0.19	0.56	1.93622
0.19	0.57	1.94112
0.19	0.58	1.94398
0.19	0.59	1.94348
0.19	0.6	1.94084
0.19	0.61	1.93648
0.19	0.62	1.93479
0.19	0.63	1.93628
0.19	0.64	1.9395
0.19	0.65	1.93882
0.19	0.66	1.93773
0.19	0.67	1.93641
0.19	0.68	1.93994
0.19	0.69	1.94208
0.19	0.7	1.94278
0.19	0.71	1.94148
0.19	0.72	1.93808
0.19	0.73	1.93628
0.19	0.74	1.93558
0.19	0.75	1.93452
0.19	0.76	1.94221
0.19	0.77	1.94466
0.19	0.78	1.94349
0.19	0.79	1.94153
0.19	0.8	1.93665
0.19	0.81	1.94169
0.19	0.82	1.94169
0.19	0.83	1.94021
0.19	0.84	1.94208
0.19	0.85	1.93291
0.19	0.86	1.94434
0.19	0.87	1.94847
0.19	0.88	1.95391
0.19	0.89	1.95391
0.19	0.9	1.96724
0.19	0.91	1.9866
0.19	0.92	2.00598
0.19	0.93	2.02775
0.19	0.94	2.05716
0.19	0.95	2.10268
0.19	0.96	2.14194
0.19	0.97	2.14489
0.19	0.98	2.14489
0.19	0.99	2.14489


0.2	0	1
0.2	0.01	1
0.2	0.02	1
0.2	0.03	1
0.2	0.04	1
0.2	0.05	1
0.2	0.06	1
0.2	0.07	1
0.2	0.08	1
0.2	0.09	1
0.2	0.1	1
0.2	0.11	1
0.2	0.12	1
0.2	0.13	1
0.2	0.14	1
0.2	0.15	1
0.2	0.16	1
0.2	0.17	1
0.2	0.18	1
0.2	0.19	1
0.2	0.2	1
0.2	0.21	1
0.2	0.22	1
0.2	0.23	1
0.2	0.24	1
0.2	0.25	1
0.2	0.26	1
0.2	0.27	1
0.2	0.28	1
0.2	0.29	1
0.2	0.3	1
0.2	0.31	1
0.2	0.32	1
0.2	0.33	1
0.2	0.34	1
0.2	0.35	1
0.2	0.36	1
0.2	0.37	1
0.2	0.38	1
0.2	0.39	1
0.2	0.4	1
0.2	0.41	1
0.2	0.42	1
0.2	0.43	1
0.2	0.44	1
0.2	0.45	1
0.2	0.46	1
0.2	0.47	1
0.2	0.48	1
0.2	0.49	1.00003
0.2	0.5	1.00017
0.2	0.51	1.00092
0.2	0.52	1.00575
0.2	0.53	1.03219
0.2	0.54	1.15649
0.2	0.55	1.78179
0.2	0.56	1.94046
0.2	0.57	1.93816
0.2	0.58	1.93786
0.2	0.59	1.93949
0.2	0.6	1.94179
0.2	0.61	1.94056
0.2	0.62	1.93878
0.2	0.63	1.93748
0.2	0.64	1.93769
0.2	0.65	1.93736
0.2	0.66	1.93843
0.2	0.67	1.93881
0.2	0.68	1.94229
0.2	0.69	1.9424
0.2	0.7	1.94232
0.2	0.71	1.94044
0.2	0.72	1.93671
0.2	0.73	1.93501
0.2	0.74	1.93467
0.2	0.75	1.93465
0.2	0.76	1.94168
0.2	0.77	1.94245
0.2	0.78	1.94132
0.2	0.79	1.94005
0.2	0.8	1.93774
0.2	0.81	1.94183
0.2	0.82	1.94144
0.2	0.83	1.94024
0.2	0.84	1.94048
0.2	0.85	1.93276
0.2	0.86	1.94129
0.2	0.87	1.94426
0.2	0.88	1.94519
0.2	0.89	1.93867
0.2	0.9	1.94693
0.2	0.91	1.95638
0.2	0.92	1.964
0.2	0.93	1.97702
0.2	0.94	1.98763
0.2	0.95	2.043
0.2	0.96	2.08116
0.2	0.97	2.06649
0.2	0.98	2.06649
0.2	0.99	2.06649


0.21	0	1
0.21	0.01	1
0.21	0.02	1
0.21	0.03	1
0.21	0.04	1
0.21	0.05	1
0.21	0.06	1
0.21	0.07	1
0.21	0.08	1
0.21	0.09	1
0.21	0.1	1
0.21	0.11	1
0.21	0.12	1
0.21	0.13	1
0.21	0.14	1
0.21	0.15	1
0.21	0.16	1
0.21	0.17	1
0.21	0.18	1
0.21	0.19	1
0.21	0.2	1
0.21	0.21	1
0.21	0.22	1
0.21	0.23	1
0.21	0.24	1
0.21	0.25	1
0.21	0.26	1
0.21	0.27	1
0.21	0.28	1
0.21	0.29	1
0.21	0.3	1
0.21	0.31	1
0.21	0.32	1
0.21	0.33	1
0.21	0.34	1
0.21	0.35	1
0.21	0.36	1
0.21	0.37	1
0.21	0.38	1
0.21	0.39	1
0.21	0.4	1
0.21	0.41	1
0.21	0.42	1
0.21	0.43	1
0.21	0.44	1
0.21	0.45	1
0.21	0.46	1
0.21	0.47	1
0.21	0.48	1
0.21	0.49	1.00002
0.21	0.5	1.0001
0.21	0.51	1.00055
0.21	0.52	1.00354
0.21	0.53	1.01852
0.21	0.54	1.09628
0.21	0.55	1.56936
0.21	0.56	1.945
0.21	0.57	1.94528
0.21	0.58	1.94172
0.21	0.59	1.93843
0.21	0.6	1.9373
0.21	0.61	1.9362
0.21	0.62	1.93854
0.21	0.63	1.94065
0.21	0.64	1.94078
0.21	0.65	1.93885
0.21	0.66	1.93733
0.21	0.67	1.93783
0.21	0.68	1.94112
0.21	0.69	1.94332
0.21	0.7	1.94373
0.21	0.71	1.94121
0.21	0.72	1.93735
0.21	0.73	1.93492
0.21	0.74	1.93426
0.21	0.75	1.93576
0.21	0.76	1.94269
0.21	0.77	1.94441
0.21	0.78	1.94314
0.21	0.79	1.93912
0.21	0.8	1.93782
0.21	0.81	1.94062
0.21	0.82	1.94105
0.21	0.83	1.93964
0.21	0.84	1.93919
0.21	0.85	1.93211
0.21	0.86	1.94075
0.21	0.87	1.94123
0.21	0.88	1.94071
0.21	0.89	1.93033
0.21	0.9	1.93962
0.21	0.91	1.94521
0.21	0.92	1.94731
0.21	0.93	1.95696
0.21	0.94	1.94233
0.21	0.95	2.0025
0.21	0.96	2.03298
0.21	0.97	1.98118
0.21	0.98	1.98118
0.21	0.99	1.98118


0.22	0	1
0.22	0.01	1
0.22	0.02	1
0.22	0.03	1
0.22	0.04	1
0.22	0.05	1
0.22	0.06	1
0.22	0.07	1
0.22	0.08	1
0.22	0.09	1
0.22	0.1	1
0.22	0.11	1
0.22	0.12	1
0.22	0.13	1
0.22	0.14	1
0.22	0.15	1
0.22	0.16	1
0.22	0.17	1
0.22	0.18	1
0.22	0.19	1
0.22	0.2	1
0.22	0.21	1
0.22	0.22	1
0.22	0.23	1
0.22	0.24	1
0.22	0.25	1
0.22	0.26	1
0.22	0.27	1
0.22	0.28	1
0.22	0.29	1
0.22	0.3	1
0.22	0.31	1
0.22	0.32	1
0.22	0.33	1
0.22	0.34	1
0.22	0.35	1
0.22	0.36	1
0.22	0.37	1
0.22	0.38	1
0.22	0.39	1
0.22	0.4	1
0.22	0.41	1
0.22	0.42	1
0.22	0.43	1
0.22	0.44	1
0.22	0.45	1
0.22	0.46	1
0.22	0.47	1
0.22	0.48	1
0.22	0.49	1.00001
0.22	0.5	1.00006
0.22	0.51	1.00034
0.22	0.52	1.00213
0.22	0.53	1.01055
0.22	0.54	1.06154
0.22	0.55	1.36058
0.22	0.56	1.92398
0.22	0.57	1.93957
0.22	0.58	1.94484
0.22	0.59	1.9444
0.22	0.6	1.94002
0.22	0.61	1.93397
0.22	0.62	1.93421
0.22	0.63	1.93557
0.22	0.64	1.93873
0.22	0.65	1.93864
0.22	0.66	1.93949
0.22	0.67	1.93934
0.22	0.68	1.94148
0.22	0.69	1.94188
0.22	0.7	1.94266
0.22	0.71	1.94069
0.22	0.72	1.93771
0.22	0.73	1.93601
0.22	0.74	1.93523
0.22	0.75	1.93713
0.22	0.76	1.94196
0.22	0.77	1.94427
0.22	0.78	1.94286
0.22	0.79	1.93944
0.22	0.8	1.93882
0.22	0.81	1.94105
0.22	0.82	1.94118
0.22	0.83	1.93994
0.22	0.84	1.93856
0.22	0.85	1.93428
0.22	0.86	1.94134
0.22	0.87	1.94229
0.22	0.88	1.94005
0.22	0.89	1.92963
0.22	0.9	1.9385
0.22	0.91	1.94022
0.22	0.92	1.94002
0.22	0.93	1.94546
0.22	0.94	1.92387
0.22	0.95	1.98689
0.22	0.96	1.99902
0.22	0.97	1.92142
0.22	0.98	1.92142
0.22	0.99	1.92142


0.23	0	1
0.23	0.01	1
0.23	0.02	1
0.23	0.03	1
0.23	0.04	1
0.23	0.05	1
0.23	0.06	1
0.23	0.07	1
0.23	0.08	1
0.23	0.09	1
0.23	0.1	1
0.23	0.11	1
0.23	0.12	1
0.23	0.13	1
0.23	0.14	1
0.23	0.15	1
0.23	0.16	1
0.23	0.17	1
0.23	0.18	1
0.23	0.19	1
0.23	0.2	1
0.23	0.21	1
0.23	0.22	1
0.23	0.23	1
0.23	0.24	1
0.23	0.25	1
0.23	0.26	1
0.23	0.27	1
0.23	0.28	1
0.23	0.29	1
0.23	0.3	1
0.23	0.31	1
0.23	0.32	1
0.23	0.33	1
0.23	0.34	1
0.23	0.35	1
0.23	0.36	1
0.23	0.37	1
0.23	0.38	1
0.23	0.39	1
0.23	0.4	1
0.23	0.41	1
0.23	0.42	1
0.23	0.43	1
0.23	0.44	1
0.23	0.45	1
0.23	0.46	1
0.23	0.47	1
0.23	0.48	1
0.23	0.49	1.00001
0.23	0.5	1.00003
0.23	0.51	1.00021
0.23	0.52	1.00114
0.23	0.53	1.00696
0.23	0.54	1.03957
0.23	0.55	1.1951
0.23	0.56	1.84874
0.23	0.57	1.93798
0.23	0.58	1.93708
0.23	0.59	1.93831
0.23	0.6	1.94053
0.23	0.61	1.93982
0.23	0.62	1.9396
0.23	0.63	1.93841
0.23	0.64	1.93782
0.23	0.65	1.9367
0.23	0.66	1.93773
0.23	0.67	1.93952
0.23	0.68	1.94278
0.23	0.69	1.9431
0.23	0.7	1.94177
0.23	0.71	1.93838
0.23	0.72	1.93427
0.23	0.73	1.9342
0.23	0.74	1.93476
0.23	0.75	1.93759
0.23	0.76	1.9417
0.23	0.77	1.94342
0.23	0.78	1.94221
0.23	0.79	1.93959
0.23	0.8	1.9393
0.23	0.81	1.94095
0.23	0.82	1.94127
0.23	0.83	1.93986
0.23	0.84	1.93815
0.23	0.85	1.93581
0.23	0.86	1.94146
0.23	0.87	1.94238
0.23	0.88	1.939
0.23	0.89	1.9309
0.23	0.9	1.93919
0.23	0.91	1.93932
0.23	0.92	1.93846
0.23	0.93	1.93955
0.23	0.94	1.92321
0.23	0.95	1.97983
0.23	0.96	1.97797
0.23	0.97	1.89349
0.23	0.98	1.89349
0.23	0.99	1.89349


0.24	0	1
0.24	0.01	1
0.24	0.02	1
0.24	0.03	1
0.24	0.04	1
0.24	0.05	1
0.24	0.06	1
0.24	0.07	1
0.24	0.08	1
0.24	0.09	1
0.24	0.1	1
0.24	0.11	1
0.24	0.12	1
0.24	0.13	1
0.24	0.14	1
0.24	0.15	1
0.24	0.16	1
0.24	0.17	1
0.24	0.18	1
0.24	0.19	1
0.24	0.2	1
0.24	0.21	1
0.24	0.22	1
0.24	0.23	1
0.24	0.24	1
0.24	0.25	1
0.24	0.26	1
0.24	0.27	1
0.24	0.28	1
0.24	0.29	1
0.24	0.3	1
0.24	0.31	1
0.24	0.32	1
0.24	0.33	1
0.24	0.34	1
0.24	0.35	1
0.24	0.36	1
0.24	0.37	1
0.24	0.38	1
0.24	0.39	1
0.24	0.4	1
0.24	0.41	1
0.24	0.42	1
0.24	0.43	1
0.24	0.44	1
0.24	0.45	1
0.24	0.46	1
0.24	0.47	1
0.24	0.48	1
0.24	0.49	1
0.24	0.5	1.00002
0.24	0.51	1.00012
0.24	0.52	1.00068
0.24	0.53	1.00432
0.24	0.54	1.02335
0.24	0.55	1.11755
0.24	0.56	1.66117
0.24	0.57	1.94445
0.24	0.58	1.94216
0.24	0.59	1.93858
0.24	0.6	1.93552
0.24	0.61	1.93554
0.24	0.62	1.9385
0.24	0.63	1.94132
0.24	0.64	1.94091
0.24	0.65	1.93867
0.24	0.66	1.93771
0.24	0.67	1.93855
0.24	0.68	1.9413
0.24	0.69	1.9432
0.24	0.7	1.9429
0.24	0.71	1.93985
0.24	0.72	1.93605
0.24	0.73	1.93434
0.24	0.74	1.93481
0.24	0.75	1.93881
0.24	0.76	1.94294
0.24	0.77	1.94392
0.24	0.78	1.94096
0.24	0.79	1.93881
0.24	0.8	1.93849
0.24	0.81	1.94031
0.24	0.82	1.93987
0.24	0.83	1.93816
0.24	0.84	1.93664
0.24	0.85	1.93546
0.24	0.86	1.94022
0.24	0.87	1.94118
0.24	0.88	1.93753
0.24	0.89	1.93263
0.24	0.9	1.93968
0.24	0.91	1.93935
0.24	0.92	1.93818
0.24	0.93	1.93714
0.24	0.94	1.92931
0.24	0.95	1.97286
0.24	0.96	1.96375
0.24	0.97	1.88288
0.24	0.98	1.88288
0.24	0.99	1.88288


0.25	0	1
0.25	0.01	1
0.25	0.02	1
0.25	0.03	1
0.25	0.04	1
0.25	0.05	1
0.25	0.06	1
0.25	0.07	1
0.25	0.08	1
0.25	0.09	1
0.25	0.1	1
0.25	0.11	1
0.25	0.12	1
0.25	0.13	1
0.25	0.14	1
0.25	0.15	1
0.25	0.16	1
0.25	0.17	1
0.25	0.18	1
0.25	0.19	1
0.25	0.2	1
0.25	0.21	1
0.25	0.22	1
0.25	0.23	1
0.25	0.24	1
0.25	0.25	1
0.25	0.26	1
0.25	0.27	1
0.25	0.28	1
0.25	0.29	1
0.25	0.3	1
0.25	0.31	1
0.25	0.32	1
0.25	0.33	1
0.25	0.34	1
0.25	0.35	1
0.25	0.36	1
0.25	0.37	1
0.25	0.38	1
0.25	0.39	1
0.25	0.4	1
0.25	0.41	1
0.25	0.42	1
0.25	0.43	1
0.25	0.44	1
0.25	0.45	1
0.25	0.46	1
0.25	0.47	1
0.25	0.48	1
0.25	0.49	1
0.25	0.5	1.00001
0.25	0.51	1.00007
0.25	0.52	1.00041
0.25	0.53	1.00271
0.25	0.54	1.01269
0.25	0.55	1.07195
0.25	0.56	1.44551
0.25	0.57	1.93517
0.25	0.58	1.94448
0.25	0.59	1.94213
0.25	0.6	1.93877
0.25	0.61	1.93471
0.25	0.62	1.93569
0.25	0.63	1.9372
0.25	0.64	1.93904
0.25	0.65	1.93988
0.25	0.66	1.94037
0.25	0.67	1.94057
0.25	0.68	1.94202
0.25	0.69	1.94186
0.25	0.7	1.94165
0.25	0.71	1.9391
0.25	0.72	1.937
0.25	0.73	1.93609
0.25	0.74	1.93523
0.25	0.75	1.93943
0.25	0.76	1.94194
0.25	0.77	1.94397
0.25	0.78	1.94111
0.25	0.79	1.94017
0.25	0.8	1.93955
0.25	0.81	1.94015
0.25	0.82	1.94028
0.25	0.83	1.93887
0.25	0.84	1.93722
0.25	0.85	1.93735
0.25	0.86	1.94098
0.25	0.87	1.94135
0.25	0.88	1.93622
0.25	0.89	1.93257
0.25	0.9	1.93856
0.25	0.91	1.93858
0.25	0.92	1.93702
0.25	0.93	1.93573
0.25	0.94	1.93466
0.25	0.95	1.96701
0.25	0.96	1.9506
0.25	0.97	1.87866
0.25	0.98	1.87866
0.25	0.99	1.87866


0.26	0	1
0.26	0.01	1
0.26	0.02	1
0.26	0.03	1
0.26	0.04	1
0.26	0.05	1
0.26	0.06	1
0.26	0.07	1
0.26	0.08	1
0.26	0.09	1
0.26	0.1	1
0.26	0.11	1
0.26	0.12	1
0.26	0.13	1
0.26	0.14	1
0.26	0.15	1
0.26	0.16	1
0.26	0.17	1
0.26	0.18	1
0.26	0.19	1
0.26	0.2	1
0.26	0.21	1
0.26	0.22	1
0.26	0.23	1
0.26	0.24	1
0.26	0.25	1
0.26	0.26	1
0.26	0.27	1
0.26	0.28	1
0.26	0.29	1
0.26	0.3	1
0.26	0.31	1
0.26	0.32	1
0.26	0.33	1
0.26	0.34	1
0.26	0.35	1
0.26	0.36	1
0.26	0.37	1
0.26	0.38	1
0.26	0.39	1
0.26	0.4	1
0.26	0.41	1
0.26	0.42	1
0.26	0.43	1
0.26	0.44	1
0.26	0.45	1
0.26	0.46	1
0.26	0.47	1
0.26	0.48	1
0.26	0.49	1
0.26	0.5	1.00001
0.26	0.51	1.00004
0.26	0.52	1.00026
0.26	0.53	1.00144
0.26	0.54	1.00835
0.26	0.55	1.04783
0.26	0.56	1.25001
0.26	0.57	1.89489
0.26	0.58	1.93622
0.26	0.59	1.93695
0.26	0.6	1.93948
0.26	0.61	1.93986
0.26	0.62	1.94064
0.26	0.63	1.93882
0.26	0.64	1.93694
0.26	0.65	1.93651
0.26	0.66	1.93841
0.26	0.67	1.94025
0.26	0.68	1.94248
0.26	0.69	1.94163
0.26	0.7	1.93974
0.26	0.71	1.93696
0.26	0.72	1.93386
0.26	0.73	1.93523
0.26	0.74	1.93665
0.26	0.75	1.94121
0.26	0.76	1.94315
0.26	0.77	1.94314
0.26	0.78	1.94
0.26	0.79	1.9398
0.26	0.8	1.94012
0.26	0.81	1.94103
0.26	0.82	1.94086
0.26	0.83	1.93888
0.26	0.84	1.9374
0.26	0.85	1.93791
0.26	0.86	1.94047
0.26	0.87	1.94144
0.26	0.88	1.93566
0.26	0.89	1.93457
0.26	0.9	1.93882
0.26	0.91	1.93893
0.26	0.92	1.93711
0.26	0.93	1.93665
0.26	0.94	1.94044
0.26	0.95	1.96518
0.26	0.96	1.94154
0.26	0.97	1.87868
0.26	0.98	1.87868
0.26	0.99	1.87868


0.27	0	1
0.27	0.01	1
0.27	0.02	1
0.27	0.03	1
0.27	0.04	1
0.27	0.05	1
0.27	0.06	1
0.27	0.07	1
0.27	0.08	1
0.27	0.09	1
0.27	0.1	1
0.27	0.11	1
0.27	0.12	1
0.27	0.13	1
0.27	0.14	1
0.27	0.15	1
0.27	0.16	1
0.27	0.17	1
0.27	0.18	1
0.27	0.19	1
0.27	0.2	1
0.27	0.21	1
0.27	0.22	1
0.27	0.23	1
0.27	0.24	1
0.27	0.25	1
0.27	0.26	1
0.27	0.27	1
0.27	0.28	1
0.27	0.29	1
0.27	0.3	1
0.27	0.31	1
0.27	0.32	1
0.27	0.33	1
0.27	0.34	1
0.27	0.35	1
0.27	0.36	1
0.27	0.37	1
0.27	0.38	1
0.27	0.39	1
0.27	0.4	1
0.27	0.41	1
0.27	0.42	1
0.27	0.43	1
0.27	0.44	1
0.27	0.45	1
0.27	0.46	1
0.27	0.47	1
0.27	0.48	1
0.27	0.49	1
0.27	0.5	1
0.27	0.51	1.00003
0.27	0.52	1.00015
0.27	0.53	1.00084
0.27	0.54	1.00527
0.27	0.55	1.02916
0.27	0.56	1.14216
0.27	0.57	1.74808
0.27	0.58	1.9405
0.27	0.59	1.93874
0.27	0.6	1.93411
0.27	0.61	1.93542
0.27	0.62	1.93912
0.27	0.63	1.94139
0.27	0.64	1.94077
0.27	0.65	1.93887
0.27	0.66	1.93822
0.27	0.67	1.93896
0.27	0.68	1.94151
0.27	0.69	1.94236
0.27	0.7	1.94195
0.27	0.71	1.9388
0.27	0.72	1.93558
0.27	0.73	1.93446
0.27	0.74	1.93582
0.27	0.75	1.93963
0.27	0.76	1.94357
0.27	0.77	1.94324
0.27	0.78	1.94002
0.27	0.79	1.93766
0.27	0.8	1.93785
0.27	0.81	1.93885
0.27	0.82	1.94011
0.27	0.83	1.93759
0.27	0.84	1.93782
0.27	0.85	1.93846
0.27	0.86	1.94079
0.27	0.87	1.94054
0.27	0.88	1.93563
0.27	0.89	1.93522
0.27	0.9	1.93886
0.27	0.91	1.93908
0.27	0.92	1.93735
0.27	0.93	1.93741
0.27	0.94	1.94471
0.27	0.95	1.96249
0.27	0.96	1.93335
0.27	0.97	1.87965
0.27	0.98	1.87965
0.27	0.99	1.87965


0.28	0	1
0.28	0.01	1
0.28	0.02	1
0.28	0.03	1
0.28	0.04	1
0.28	0.05	1
0.28	0.06	1
0.28	0.07	1
0.28	0.08	1
0.28	0.09	1
0.28	0.1	1
0.28	0.11	1
0.28	0.12	1
0.28	0.13	1
0.28	0.14	1
0.28	0.15	1
0.28	0.16	1
0.28	0.17	1
0.28	0.18	1
0.28	0.19	1
0.28	0.2	1
0.28	0.21	1
0.28	0.22	1
0.28	0.23	1
0.28	0.24	1
0.28	0.25	1
0.28	0.26	1
0.28	0.27	1
0.28	0.28	1
0.28	0.29	1
0.28	0.3	1
0.28	0.31	1
0.28	0.32	1
0.28	0.33	1
0.28	0.34	1
0.28	0.35	1
0.28	0.36	1
0.28	0.37	1
0.28	0.38	1
0.28	0.39	1
0.28	0.4	1
0.28	0.41	1
0.28	0.42	1
0.28	0.43	1
0.28	0.44	1
0.28	0.45	1
0.28	0.46	1
0.28	0.47	1
0.28	0.48	1
0.28	0.49	1
0.28	0.5	1
0.28	0.51	1.00002
0.28	0.52	1.00009
0.28	0.53	1.00051
0.28	0.54	1.00325
0.28	0.55	1.01656
0.28	0.56	1.08775
0.28	0.57	1.52805
0.28	0.58	1.94432
0.28	0.59	1.94315
0.28	0.6	1.93903
0.28	0.61	1.93688
0.28	0.62	1.93682
0.28	0.63	1.93734
0.28	0.64	1.9385
0.28	0.65	1.94006
0.28	0.66	1.94104
0.28	0.67	1.9418
0.28	0.68	1.94213
0.28	0.69	1.9413
0.28	0.7	1.94053
0.28	0.71	1.93734
0.28	0.72	1.93673
0.28	0.73	1.93626
0.28	0.74	1.93673
0.28	0.75	1.94081
0.28	0.76	1.94214
0.28	0.77	1.94293
0.28	0.78	1.94055
0.28	0.79	1.93964
0.28	0.8	1.93948
0.28	0.81	1.93984
0.28	0.82	1.94029
0.28	0.83	1.93764
0.28	0.84	1.93751
0.28	0.85	1.93824
0.28	0.86	1.94036
0.28	0.87	1.93918
0.28	0.88	1.9356
0.28	0.89	1.93435
0.28	0.9	1.93679
0.28	0.91	1.93745
0.28	0.92	1.93648
0.28	0.93	1.93707
0.28	0.94	1.94679
0.28	0.95	1.95915
0.28	0.96	1.92627
0.28	0.97	1.88089
0.28	0.98	1.88089
0.28	0.99	1.88089


0.29	0	1
0.29	0.01	1
0.29	0.02	1
0.29	0.03	1
0.29	0.04	1
0.29	0.05	1
0.29	0.06	1
0.29	0.07	1
0.29	0.08	1
0.29	0.09	1
0.29	0.1	1
0.29	0.11	1
0.29	0.12	1
0.29	0.13	1
0.29	0.14	1
0.29	0.15	1
0.29	0.16	1
0.29	0.17	1
0.29	0.18	1
0.29	0.19	1
0.29	0.2	1
0.29	0.21	1
0.29	0.22	1
0.29	0.23	1
0.29	0.24	1
0.29	0.25	1
0.29	0.26	1
0.29	0.27	1
0.29	0.28	1
0.29	0.29	1
0.29	0.3	1
0.29	0.31	1
0.29	0.32	1
0.29	0.33	1
0.29	0.34	1
0.29	0.35	1
0.29	0.36	1
0.29	0.37	1
0.29	0.38	1
0.29	0.39	1
0.29	0.4	1
0.29	0.41	1
0.29	0.42	1
0.29	0.43	1
0.29	0.44	1
0.29	0.45	1
0.29	0.46	1
0.29	0.47	1
0.29	0.48	1
0.29	0.49	1
0.29	0.5	1
0.29	0.51	1.00001
0.29	0.52	1.00005
0.29	0.53	1.00031
0.29	0.54	1.00188
0.29	0.55	1.00988
0.29	0.56	1.05701
0.29	0.57	1.32274
0.29	0.58	1.91908
0.29	0.59	1.93468
0.29	0.6	1.93886
0.29	0.61	1.94105
0.29	0.62	1.94131
0.29	0.63	1.93946
0.29	0.64	1.93572
0.29	0.65	1.93565
0.29	0.66	1.93725
0.29	0.67	1.93979
0.29	0.68	1.94296
0.29	0.69	1.94216
0.29	0.7	1.94071
0.29	0.71	1.93686
0.29	0.72	1.93487
0.29	0.73	1.93584
0.29	0.74	1.93768
0.29	0.75	1.94272
0.29	0.76	1.94288
0.29	0.77	1.9425
0.29	0.78	1.93941
0.29	0.79	1.93966
0.29	0.8	1.94014
0.29	0.81	1.94085
0.29	0.82	1.9405
0.29	0.83	1.9381
0.29	0.84	1.93748
0.29	0.85	1.93857
0.29	0.86	1.94032
0.29	0.87	1.93925
0.29	0.88	1.9362
0.29	0.89	1.93573
0.29	0.9	1.93754
0.29	0.91	1.93798
0.29	0.92	1.93754
0.29	0.93	1.93885
0.29	0.94	1.94891
0.29	0.95	1.95547
0.29	0.96	1.91919
0.29	0.97	1.88048
0.29	0.98	1.88048
0.29	0.99	1.88048


0.3	0	1
0.3	0.01	1
0.3	0.02	1
0.3	0.03	1
0.3	0.04	1
0.3	0.05	1
0.3	0.06	1
0.3	0.07	1
0.3	0.08	1
0.3	0.09	1
0.3	0.1	1
0.3	0.11	1
0.3	0.12	1
0.3	0.13	1
0.3	0.14	1
0.3	0.15	1
0.3	0.16	1
0.3	0.17	1
0.3	0.18	1
0.3	0.19	1
0.3	0.2	1
0.3	0.21	1
0.3	0.22	1
0.3	0.23	1
0.3	0.24	1
0.3	0.25	1
0.3	0.26	1
0.3	0.27	1
0.3	0.28	1
0.3	0.29	1
0.3	0.3	1
0.3	0.31	1
0.3	0.32	1
0.3	0.33	1
0.3	0.34	1
0.3	0.35	1
0.3	0.36	1
0.3	0.37	1
0.3	0.38	1
0.3	0.39	1
0.3	0.4	1
0.3	0.41	1
0.3	0.42	1
0.3	0.43	1
0.3	0.44	1
0.3	0.45	1
0.3	0.46	1
0.3	0.47	1
0.3	0.48	1
0.3	0.49	1
0.3	0.5	1
0.3	0.51	1.00001
0.3	0.52	1.00003
0.3	0.53	1.00019
0.3	0.54	1.00104
0.3	0.55	1.00641
0.3	0.56	1.03611
0.3	0.57	1.17623
0.3	0.58	1.82
0.3	0.59	1.93676
0.3	0.6	1.9336
0.3	0.61	1.93512
0.3	0.62	1.93933
0.3	0.63	1.9412
0.3	0.64	1.94037
0.3	0.65	1.93931
0.3	0.66	1.93857
0.3	0.67	1.93981
0.3	0.68	1.94146
0.3	0.69	1.94159
0.3	0.7	1.94059
0.3	0.71	1.93785
0.3	0.72	1.93547
0.3	0.73	1.93539
0.3	0.74	1.93711
0.3	0.75	1.94073
0.3	0.76	1.94179
0.3	0.77	1.94106
0.3	0.78	1.93878
0.3	0.79	1.93822
0.3	0.8	1.93902
0.3	0.81	1.94046
0.3	0.82	1.94027
0.3	0.83	1.93878
0.3	0.84	1.93798
0.3	0.85	1.93902
0.3	0.86	1.94011
0.3	0.87	1.93864
0.3	0.88	1.93606
0.3	0.89	1.93651
0.3	0.9	1.93805
0.3	0.91	1.93845
0.3	0.92	1.93803
0.3	0.93	1.94056
0.3	0.94	1.94979
0.3	0.95	1.9523
0.3	0.96	1.91417
0.3	0.97	1.88127
0.3	0.98	1.88127
0.3	0.99	1.88127


0.31	0	1
0.31	0.01	1
0.31	0.02	1
0.31	0.03	1
0.31	0.04	1
0.31	0.05	1
0.31	0.06	1
0.31	0.07	1
0.31	0.08	1
0.31	0.09	1
0.31	0.1	1
0.31	0.11	1
0.31	0.12	1
0.31	0.13	1
0.31	0.14	1
0.31	0.15	1
0.31	0.16	1
0.31	0.17	1
0.31	0.18	1
0.31	0.19	1
0.31	0.2	1
0.31	0.21	1
0.31	0.22	1
0.31	0.23	1
0.31	0.24	1
0.31	0.25	1
0.31	0.26	1
0.31	0.27	1
0.31	0.28	1
0.31	0.29	1
0.31	0.3	1
0.31	0.31	1
0.31	0.32	1
0.31	0.33	1
0.31	0.34	1
0.31	0.35	1
0.31	0.36	1
0.31	0.37	1
0.31	0.38	1
0.31	0.39	1
0.31	0.4	1
0.31	0.41	1
0.31	0.42	1
0.31	0.43	1
0.31	0.44	1
0.31	0.45	1
0.31	0.46	1
0.31	0.47	1
0.31	0.48	1
0.31	0.49	1
0.31	0.5	1
0.31	0.51	1
0.31	0.52	1.00002
0.31	0.53	1.00011
0.31	0.54	1.00063
0.31	0.55	1.00395
0.31	0.56	1.02104
0.31	0.57	1.1077
0.31	0.58	1.62004
0.31	0.59	1.94106
0.31	0.6	1.93968
0.31	0.61	1.93731
0.31	0.62	1.93705
0.31	0.63	1.93684
0.31	0.64	1.93826
0.31	0.65	1.94035
0.31	0.66	1.94131
0.31	0.67	1.94284
0.31	0.68	1.94211
0.31	0.69	1.94099
0.31	0.7	1.93918
0.31	0.71	1.93646
0.31	0.72	1.93636
0.31	0.73	1.93654
0.31	0.74	1.93887
0.31	0.75	1.94131
0.31	0.76	1.9422
0.31	0.77	1.94143
0.31	0.78	1.94003
0.31	0.79	1.93942
0.31	0.8	1.93966
0.31	0.81	1.93975
0.31	0.82	1.9391
0.31	0.83	1.93779
0.31	0.84	1.93766
0.31	0.85	1.93934
0.31	0.86	1.93883
0.31	0.87	1.93703
0.31	0.88	1.93456
0.31	0.89	1.93537
0.31	0.9	1.93683
0.31	0.91	1.93782
0.31	0.92	1.93856
0.31	0.93	1.9423
0.31	0.94	1.95003
0.31	0.95	1.94846
0.31	0.96	1.91003
0.31	0.97	1.88166
0.31	0.98	1.88166
0.31	0.99	1.88166


0.32	0	1
0.32	0.01	1
0.32	0.02	1
0.32	0.03	1
0.32	0.04	1
0.32	0.05	1
0.32	0.06	1
0.32	0.07	1
0.32	0.08	1
0.32	0.09	1
0.32	0.1	1
0.32	0.11	1
0.32	0.12	1
0.32	0.13	1
0.32	0.14	1
0.32	0.15	1
0.32	0.16	1
0.32	0.17	1
0.32	0.18	1
0.32	0.19	1
0.32	0.2	1
0.32	0.21	1
0.32	0.22	1
0.32	0.23	1
0.32	0.24	1
0.32	0.25	1
0.32	0.26	1
0.32	0.27	1
0.32	0.28	1
0.32	0.29	1
0.32	0.3	1
0.32	0.31	1
0.32	0.32	1
0.32	0.33	1
0.32	0.34	1
0.32	0.35	1
0.32	0.36	1
0.32	0.37	1
0.32	0.38	1
0.32	0.39	1
0.32	0.4	1
0.32	0.41	1
0.32	0.42	1
0.32	0.43	1
0.32	0.44	1
0.32	0.45	1
0.32	0.46	1
0.32	0.47	1
0.32	0.48	1
0.32	0.49	1
0.32	0.5	1
0.32	0.51	1
0.32	0.52	1.00001
0.32	0.53	1.00007
0.32	0.54	1.00037
0.32	0.55	1.00246
0.32	0.56	1.01159
0.32	0.57	1.06772
0.32	0.58	1.40623
0.32	0.59	1.92677
0.32	0.6	1.93912
0.32	0.61	1.94169
0.32	0.62	1.94037
0.32	0.63	1.93744
0.32	0.64	1.93507
0.32	0.65	1.93562
0.32	0.66	1.93874
0.32	0.67	1.9427
0.32	0.68	1.94381
0.32	0.69	1.94254
0.32	0.7	1.93984
0.32	0.71	1.93544
0.32	0.72	1.93531
0.32	0.73	1.93622
0.32	0.74	1.93972
0.32	0.75	1.94297
0.32	0.76	1.94283
0.32	0.77	1.94163
0.32	0.78	1.93957
0.32	0.79	1.93972
0.32	0.8	1.94013
0.32	0.81	1.94034
0.32	0.82	1.93953
0.32	0.83	1.93798
0.32	0.84	1.93794
0.32	0.85	1.93891
0.32	0.86	1.94004
0.32	0.87	1.93768
0.32	0.88	1.93592
0.32	0.89	1.93627
0.32	0.9	1.93734
0.32	0.91	1.93776
0.32	0.92	1.9382
0.32	0.93	1.943
0.32	0.94	1.94914
0.32	0.95	1.94261
0.32	0.96	1.90726
0.32	0.97	1.88045
0.32	0.98	1.88045
0.32	0.99	1.88045


0.33	0	1
0.33	0.01	1
0.33	0.02	1
0.33	0.03	1
0.33	0.04	1
0.33	0.05	1
0.33	0.06	1
0.33	0.07	1
0.33	0.08	1
0.33	0.09	1
0.33	0.1	1
0.33	0.11	1
0.33	0.12	1
0.33	0.13	1
0.33	0.14	1
0.33	0.15	1
0.33	0.16	1
0.33	0.17	1
0.33	0.18	1
0.33	0.19	1
0.33	0.2	1
0.33	0.21	1
0.33	0.22	1
0.33	0.23	1
0.33	0.24	1
0.33	0.25	1
0.33	0.26	1
0.33	0.27	1
0.33	0.28	1
0.33	0.29	1
0.33	0.3	1
0.33	0.31	1
0.33	0.32	1
0.33	0.33	1
0.33	0.34	1
0.33	0.35	1
0.33	0.36	1
0.33	0.37	1
0.33	0.38	1
0.33	0.39	1
0.33	0.4	1
0.33	0.41	1
0.33	0.42	1
0.33	0.43	1
0.33	0.44	1
0.33	0.45	1
0.33	0.46	1
0.33	0.47	1
0.33	0.48	1
0.33	0.49	1
0.33	0.5	1
0.33	0.51	1
0.33	0.52	1.00001
0.33	0.53	1.00004
0.33	0.54	1.00024
0.33	0.55	1.0013
0.33	0.56	1.00773
0.33	0.57	1.04406
0.33	0.58	1.22271
0.33	0.59	1.87242
0.33	0.6	1.93271
0.33	0.61	1.93478
0.33	0.62	1.93947
0.33	0.63	1.94143
0.33	0.64	1.94083
0.33	0.65	1.93952
0.33	0.66	1.9392
0.33	0.67	1.93986
0.33	0.68	1.94083
0.33	0.69	1.9412
0.33	0.7	1.93939
0.33	0.71	1.93722
0.33	0.72	1.93484
0.33	0.73	1.93464
0.33	0.74	1.93779
0.33	0.75	1.94017
0.33	0.76	1.94197
0.33	0.77	1.94135
0.33	0.78	1.94045
0.33	0.79	1.93996
0.33	0.8	1.93995
0.33	0.81	1.94
0.33	0.82	1.93925
0.33	0.83	1.93853
0.33	0.84	1.93862
0.33	0.85	1.9393
0.33	0.86	1.94017
0.33	0.87	1.93717
0.33	0.88	1.93643
0.33	0.89	1.93694
0.33	0.9	1.93812
0.33	0.91	1.93836
0.33	0.92	1.93888
0.33	0.93	1.94408
0.33	0.94	1.9485
0.33	0.95	1.93986
0.33	0.96	1.90372
0.33	0.97	1.88183
0.33	0.98	1.88183
0.33	0.99	1.88183


0.34	0	1
0.34	0.01	1
0.34	0.02	1
0.34	0.03	1
0.34	0.04	1
0.34	0.05	1
0.34	0.06	1
0.34	0.07	1
0.34	0.08	1
0.34	0.09	1
0.34	0.1	1
0.34	0.11	1
0.34	0.12	1
0.34	0.13	1
0.34	0.14	1
0.34	0.15	1
0.34	0.16	1
0.34	0.17	1
0.34	0.18	1
0.34	0.19	1
0.34	0.2	1
0.34	0.21	1
0.34	0.22	1
0.34	0.23	1
0.34	0.24	1
0.34	0.25	1
0.34	0.26	1
0.34	0.27	1
0.34	0.28	1
0.34	0.29	1
0.34	0.3	1
0.34	0.31	1
0.34	0.32	1
0.34	0.33	1
0.34	0.34	1
0.34	0.35	1
0.34	0.36	1
0.34	0.37	1
0.34	0.38	1
0.34	0.39	1
0.34	0.4	1
0.34	0.41	1
0.34	0.42	1
0.34	0.43	1
0.34	0.44	1
0.34	0.45	1
0.34	0.46	1
0.34	0.47	1
0.34	0.48	1
0.34	0.49	1
0.34	0.5	1
0.34	0.51	1
0.34	0.52	1
0.34	0.53	1.00002
0.34	0.54	1.00014
0.34	0.55	1.00077
0.34	0.56	1.00483
0.34	0.57	1.02639
0.34	0.58	1.13086
0.34	0.59	1.70339
0.34	0.6	1.94065
0.34	0.61	1.93817
0.34	0.62	1.93617
0.34	0.63	1.93553
0.34	0.64	1.93778
0.34	0.65	1.94084
0.34	0.66	1.94255
0.34	0.67	1.94357
0.34	0.68	1.94184
0.34	0.69	1.94016
0.34	0.7	1.93692
0.34	0.71	1.93597
0.34	0.72	1.93651
0.34	0.73	1.93725
0.34	0.74	1.94078
0.34	0.75	1.94161
0.34	0.76	1.9416
0.34	0.77	1.94032
0.34	0.78	1.93958
0.34	0.79	1.93933
0.34	0.8	1.94008
0.34	0.81	1.94018
0.34	0.82	1.93825
0.34	0.83	1.93708
0.34	0.84	1.93694
0.34	0.85	1.9382
0.34	0.86	1.93858
0.34	0.87	1.93583
0.34	0.88	1.93621
0.34	0.89	1.9372
0.34	0.9	1.93832
0.34	0.91	1.93865
0.34	0.92	1.93979
0.34	0.93	1.94495
0.34	0.94	1.94771
0.34	0.95	1.93586
0.34	0.96	1.90141
0.34	0.97	1.88245
0.34	0.98	1.88245
0.34	0.99	1.88245


0.35	0	1
0.35	0.01	1
0.35	0.02	1
0.35	0.03	1
0.35	0.04	1
0.35	0.05	1
0.35	0.06	1
0.35	0.07	1
0.35	0.08	1
0.35	0.09	1
0.35	0.1	1
0.35	0.11	1
0.35	0.12	1
0.35	0.13	1
0.35	0.14	1
0.35	0.15	1
0.35	0.16	1
0.35	0.17	1
0.35	0.18	1
0.35	0.19	1
0.35	0.2	1
0.35	0.21	1
0.35	0.22	1
0.35	0.23	1
0.35	0.24	1
0.35	0.25	1
0.35	0.26	1
0.35	0.27	1
0.35	0.28	1
0.35	0.29	1
0.35	0.3	1
0.35	0.31	1
0.35	0.32	1
0.35	0.33	1
0.35	0.34	1
0.35	0.35	1
0.35	0.36	1
0.35	0.37	1
0.35	0.38	1
0.35	0.39	1
0.35	0.4	1
0.35	0.41	1
0.35	0.42	1
0.35	0.43	1
0.35	0.44	1
0.35	0.45	1
0.35	0.46	1
0.35	0.47	1
0.35	0.48	1
0.35	0.49	1
0.35	0.5	1
0.35	0.51	1
0.35	0.52	1
0.35	0.53	1.00001
0.35	0.54	1.00008
0.35	0.55	1.00046
0.35	0.56	1.00301
0.35	0.57	1.01466
0.35	0.58	1.07852
0.35	0.59	1.48271
0.35	0.6	1.94077
0.35	0.61	1.94318
0.35	0.62	1.94027
0.35	0.63	1.93837
0.35	0.64	1.93697
0.35	0.65	1.93756
0.35	0.66	1.93954
0.35	0.67	1.94316
0.35	0.68	1.94348
0.35	0.69	1.94198
0.35	0.7	1.93887
0.35	0.71	1.93513
0.35	0.72	1.93534
0.35	0.73	1.93686
0.35	0.74	1.94091
0.35	0.75	1.94286
0.35	0.76	1.9427
0.35	0.77	1.94065
0.35	0.78	1.93956
0.35	0.79	1.93976
0.35	0.8	1.93987
0.35	0.81	1.94006
0.35	0.82	1.93892
0.35	0.83	1.93843
0.35	0.84	1.93829
0.35	0.85	1.93908
0.35	0.86	1.93902
0.35	0.87	1.93691
0.35	0.88	1.93572
0.35	0.89	1.93644
0.35	0.9	1.93731
0.35	0.91	1.93835
0.35	0.92	1.93975
0.35	0.93	1.94534
0.35	0.94	1.94505
0.35	0.95	1.93005
0.35	0.96	1.89803
0.35	0.97	1.88147
0.35	0.98	1.88147
0.35	0.99	1.88147


0.36	0	1
0.36	0.01	1
0.36	0.02	1
0.36	0.03	1
0.36	0.04	1
0.36	0.05	1
0.36	0.06	1
0.36	0.07	1
0.36	0.08	1
0.36	0.09	1
0.36	0.1	1
0.36	0.11	1
0.36	0.12	1
0.36	0.13	1
0.36	0.14	1
0.36	0.15	1
0.36	0.16	1
0.36	0.17	1
0.36	0.18	1
0.36	0.19	1
0.36	0.2	1
0.36	0.21	1
0.36	0.22	1
0.36	0.23	1
0.36	0.24	1
0.36	0.25	1
0.36	0.26	1
0.36	0.27	1
0.36	0.28	1
0.36	0.29	1
0.36	0.3	1
0.36	0.31	1
0.36	0.32	1
0.36	0.33	1
0.36	0.34	1
0.36	0.35	1
0.36	0.36	1
0.36	0.37	1
0.36	0.38	1
0.36	0.39	1
0.36	0.4	1
0.36	0.41	1
0.36	0.42	1
0.36	0.43	1
0.36	0.44	1
0.36	0.45	1
0.36	0.46	1
0.36	0.47	1
0.36	0.48	1
0.36	0.49	1
0.36	0.5	1
0.36	0.51	1
0.36	0.52	1
0.36	0.53	1.00001
0.36	0.54	1.00005
0.36	0.55	1.00029
0.36	0.56	1.00167
0.36	0.57	1.00913
0.36	0.58	1.05219
0.36	0.59	1.28422
0.36	0.6	1.90583
0.36	0.61	1.93377
0.36	0.62	1.93878
0.36	0.63	1.94125
0.36	0.64	1.94134
0.36	0.65	1.94002
0.36	0.66	1.94061
0.36	0.67	1.93992
0.36	0.68	1.93942
0.36	0.69	1.93892
0.36	0.7	1.93789
0.36	0.71	1.93653
0.36	0.72	1.93488
0.36	0.73	1.93574
0.36	0.74	1.9394
0.36	0.75	1.9422
0.36	0.76	1.94323
0.36	0.77	1.94148
0.36	0.78	1.94022
0.36	0.79	1.93953
0.36	0.8	1.93967
0.36	0.81	1.93994
0.36	0.82	1.93891
0.36	0.83	1.93874
0.36	0.84	1.93885
0.36	0.85	1.93936
0.36	0.86	1.93916
0.36	0.87	1.93668
0.36	0.88	1.93645
0.36	0.89	1.93726
0.36	0.9	1.93819
0.36	0.91	1.93867
0.36	0.92	1.9412
0.36	0.93	1.94487
0.36	0.94	1.94503
0.36	0.95	1.92748
0.36	0.96	1.89721
0.36	0.97	1.88209
0.36	0.98	1.88209
0.36	0.99	1.88209


0.37	0	1
0.37	0.01	1
0.37	0.02	1
0.37	0.03	1
0.37	0.04	1
0.37	0.05	1
0.37	0.06	1
0.37	0.07	1
0.37	0.08	1
0.37	0.09	1
0.37	0.1	1
0.37	0.11	1
0.37	0.12	1
0.37	0.13	1
0.37	0.14	1
0.37	0.15	1
0.37	0.16	1
0.37	0.17	1
0.37	0.18	1
0.37	0.19	1
0.37	0.2	1
0.37	0.21	1
0.37	0.22	1
0.37	0.23	1
0.37	0.24	1
0.37	0.25	1
0.37	0.26	1
0.37	0.27	1
0.37	0.28	1
0.37	0.29	1
0.37	0.3	1
0.37	0.31	1
0.37	0.32	1
0.37	0.33	1
0.37	0.34	1
0.37	0.35	1
0.37	0.36	1
0.37	0.37	1
0.37	0.38	1
0.37	0.39	1
0.37	0.4	1
0.37	0.41	1
0.37	0.42	1
0.37	0.43	1
0.37	0.44	1
0.37	0.45	1
0.37	0.46	1
0.37	0.47	1
0.37	0.48	1
0.37	0.49	1
0.37	0.5	1
0.37	0.51	1
0.37	0.52	1
0.37	0.53	1
0.37	0.54	1.00003
0.37	0.55	1.00018
0.37	0.56	1.00095
0.37	0.57	1.00583
0.37	0.58	1.03253
0.37	0.59	1.1579
0.37	0.6	1.78244
0.37	0.61	1.93794
0.37	0.62	1.93582
0.37	0.63	1.93474
0.37	0.64	1.93766
0.37	0.65	1.94123
0.37	0.66	1.94444
0.37	0.67	1.94365
0.37	0.68	1.94103
0.37	0.69	1.93884
0.37	0.7	1.93555
0.37	0.71	1.93584
0.37	0.72	1.93678
0.37	0.73	1.93859
0.37	0.74	1.94151
0.37	0.75	1.9412
0.37	0.76	1.94142
0.37	0.77	1.93987
0.37	0.78	1.9394
0.37	0.79	1.93908
0.37	0.8	1.93885
0.37	0.81	1.93878
0.37	0.82	1.93765
0.37	0.83	1.93721
0.37	0.84	1.93752
0.37	0.85	1.9385
0.37	0.86	1.93949
0.37	0.87	1.93771
0.37	0.88	1.93685
0.37	0.89	1.93714
0.37	0.9	1.93811
0.37	0.91	1.93912
0.37	0.92	1.94221
0.37	0.93	1.94508
0.37	0.94	1.94367
0.37	0.95	1.924
0.37	0.96	1.89567
0.37	0.97	1.88265
0.37	0.98	1.88265
0.37	0.99	1.88265


0.38	0	1
0.38	0.01	1
0.38	0.02	1
0.38	0.03	1
0.38	0.04	1
0.38	0.05	1
0.38	0.06	1
0.38	0.07	1
0.38	0.08	1
0.38	0.09	1
0.38	0.1	1
0.38	0.11	1
0.38	0.12	1
0.38	0.13	1
0.38	0.14	1
0.38	0.15	1
0.38	0.16	1
0.38	0.17	1
0.38	0.18	1
0.38	0.19	1
0.38	0.2	1
0.38	0.21	1
0.38	0.22	1
0.38	0.23	1
0.38	0.24	1
0.38	0.25	1
0.38	0.26	1
0.38	0.27	1
0.38	0.28	1
0.38	0.29	1
0.38	0.3	1
0.38	0.31	1
0.38	0.32	1
0.38	0.33	1
0.38	0.34	1
0.38	0.35	1
0.38	0.36	1
0.38	0.37	1
0.38	0.38	1
0.38	0.39	1
0.38	0.4	1
0.38	0.41	1
0.38	0.42	1
0.38	0.43	1
0.38	0.44	1
0.38	0.45	1
0.38	0.46	1
0.38	0.47	1
0.38	0.48	1
0.38	0.49	1
0.38	0.5	1
0.38	0.51	1
0.38	0.52	1
0.38	0.53	1
0.38	0.54	1.00002
0.38	0.55	1.0001
0.38	0.56	1.00057
0.38	0.57	1.00359
0.38	0.58	1.01874
0.38	0.59	1.09739
0.38	0.6	1.57058
0.38	0.61	1.94307
0.38	0.62	1.9421
0.38	0.63	1.93868
0.38	0.64	1.93612
0.38	0.65	1.93778
0.38	0.66	1.94011
0.38	0.67	1.94345
0.38	0.68	1.94341
0.38	0.69	1.94113
0.38	0.7	1.93812
0.38	0.71	1.93488
0.38	0.72	1.93528
0.38	0.73	1.93833
0.38	0.74	1.94154
0.38	0.75	1.9429
0.38	0.76	1.94241
0.38	0.77	1.94041
0.38	0.78	1.93932
0.38	0.79	1.93931
0.38	0.8	1.93947
0.38	0.81	1.9396
0.38	0.82	1.93886
0.38	0.83	1.93869
0.38	0.84	1.93821
0.38	0.85	1.93843
0.38	0.86	1.93772
0.38	0.87	1.9367
0.38	0.88	1.93633
0.38	0.89	1.9369
0.38	0.9	1.93724
0.38	0.91	1.93793
0.38	0.92	1.94191
0.38	0.93	1.94356
0.38	0.94	1.94093
0.38	0.95	1.92012
0.38	0.96	1.89347
0.38	0.97	1.88338
0.38	0.98	1.88338
0.38	0.99	1.88338


0.39	0	1
0.39	0.01	1
0.39	0.02	1
0.39	0.03	1
0.39	0.04	1
0.39	0.05	1
0.39	0.06	1
0.39	0.07	1
0.39	0.08	1
0.39	0.09	1
0.39	0.1	1
0.39	0.11	1
0.39	0.12	1
0.39	0.13	1
0.39	0.14	1
0.39	0.15	1
0.39	0.16	1
0.39	0.17	1
0.39	0.18	1
0.39	0.19	1
0.39	0.2	1
0.39	0.21	1
0.39	0.22	1
0.39	0.23	1
0.39	0.24	1
0.39	0.25	1
0.39	0.26	1
0.39	0.27	1
0.39	0.28	1
0.39	0.29	1
0.39	0.3	1
0.39	0.31	1
0.39	0.32	1
0.39	0.33	1
0.39	0.34	1
0.39	0.35	1
0.39	0.36	1
0.39	0.37	1
0.39	0.38	1
0.39	0.39	1
0.39	0.4	1
0.39	0.41	1
0.39	0.42	1
0.39	0.43	1
0.39	0.44	1
0.39	0.45	1
0.39	0.46	1
0.39	0.47	1
0.39	0.48	1
0.39	0.49	1
0.39	0.5	1
0.39	0.51	1
0.39	0.52	1
0.39	0.53	1
0.39	0.54	1.00001
0.39	0.55	1.00006
0.39	0.56	1.00035
0.39	0.57	1.00216
0.39	0.58	1.01068
0.39	0.59	1.06183
0.39	0.6	1.36198
0.39	0.61	1.92172
0.39	0.62	1.9372
0.39	0.63	1.94204
0.39	0.64	1.94189
0.39	0.65	1.94117
0.39	0.66	1.93872
0.39	0.67	1.93793
0.39	0.68	1.93815
0.39	0.69	1.93817
0.39	0.7	1.93809
0.39	0.71	1.93773
0.39	0.72	1.93719
0.39	0.73	1.93864
0.39	0.74	1.94021
0.39	0.75	1.94174
0.39	0.76	1.94221
0.39	0.77	1.94105
0.39	0.78	1.94046
0.39	0.79	1.93984
0.39	0.8	1.93943
0.39	0.81	1.93948
0.39	0.82	1.93874
0.39	0.83	1.93885
0.39	0.84	1.93907
0.39	0.85	1.93918
0.39	0.86	1.9382
0.39	0.87	1.93669
0.39	0.88	1.93638
0.39	0.89	1.93737
0.39	0.9	1.93857
0.39	0.91	1.93946
0.39	0.92	1.94274
0.39	0.93	1.94417
0.39	0.94	1.93977
0.39	0.95	1.91716
0.39	0.96	1.89151
0.39	0.97	1.88251
0.39	0.98	1.88251
0.39	0.99	1.88251


0.4	0	1
0.4	0.01	1
0.4	0.02	1
0.4	0.03	1
0.4	0.04	1
0.4	0.05	1
0.4	0.06	1
0.4	0.07	1
0.4	0.08	1
0.4	0.09	1
0.4	0.1	1
0.4	0.11	1
0.4	0.12	1
0.4	0.13	1
0.4	0.14	1
0.4	0.15	1
0.4	0.16	1
0.4	0.17	1
0.4	0.18	1
0.4	0.19	1
0.4	0.2	1
0.4	0.21	1
0.4	0.22	1
0.4	0.23	1
0.4	0.24	1
0.4	0.25	1
0.4	0.26	1
0.4	0.27	1
0.4	0.28	1
0.4	0.29	1
0.4	0.3	1
0.4	0.31	1
0.4	0.32	1
0.4	0.33	1
0.4	0.34	1
0.4	0.35	1
0.4	0.36	1
0.4	0.37	1
0.4	0.38	1
0.4	0.39	1
0.4	0.4	1
0.4	0.41	1
0.4	0.42	1
0.4	0.43	1
0.4	0.44	1
0.4	0.45	1
0.4	0.46	1
0.4	0.47	1
0.4	0.48	1
0.4	0.49	1
0.4	0.5	1
0.4	0.51	1
0.4	0.52	1
0.4	0.53	1
0.4	0.54	1.00001
0.4	0.55	1.00004
0.4	0.56	1.00022
0.4	0.57	1.00116
0.4	0.58	1.00704
0.4	0.59	1.03977
0.4	0.6	1.19613
0.4	0.61	1.84708
0.4	0.62	1.93539
0.4	0.63	1.93361
0.4	0.64	1.93704
0.4	0.65	1.94163
0.4	0.66	1.94521
0.4	0.67	1.94375
0.4	0.68	1.94045
0.4	0.69	1.93728
0.4	0.7	1.93423
0.4	0.71	1.93526
0.4	0.72	1.93759
0.4	0.73	1.94072
0.4	0.74	1.94219
0.4	0.75	1.94158
0.4	0.76	1.93983
0.4	0.77	1.93805
0.4	0.78	1.93831
0.4	0.79	1.93868
0.4	0.8	1.93899
0.4	0.81	1.93949
0.4	0.82	1.93876
0.4	0.83	1.9385
0.4	0.84	1.93868
0.4	0.85	1.93922
0.4	0.86	1.93821
0.4	0.87	1.93732
0.4	0.88	1.93669
0.4	0.89	1.93756
0.4	0.9	1.93865
0.4	0.91	1.94028
0.4	0.92	1.94321
0.4	0.93	1.94425
0.4	0.94	1.93867
0.4	0.95	1.91346
0.4	0.96	1.89201
0.4	0.97	1.88264
0.4	0.98	1.88264
0.4	0.99	1.88264


0.41	0	1
0.41	0.01	1
0.41	0.02	1
0.41	0.03	1
0.41	0.04	1
0.41	0.05	1
0.41	0.06	1
0.41	0.07	1
0.41	0.08	1
0.41	0.09	1
0.41	0.1	1
0.41	0.11	1
0.41	0.12	1
0.41	0.13	1
0.41	0.14	1
0.41	0.15	1
0.41	0.16	1
0.41	0.17	1
0.41	0.18	1
0.41	0.19	1
0.41	0.2	1
0.41	0.21	1
0.41	0.22	1
0.41	0.23	1
0.41	0.24	1
0.41	0.25	1
0.41	0.26	1
0.41	0.27	1
0.41	0.28	1
0.41	0.29	1
0.41	0.3	1
0.41	0.31	1
0.41	0.32	1
0.41	0.33	1
0.41	0.34	1
0.41	0.35	1
0.41	0.36	1
0.41	0.37	1
0.41	0.38	1
0.41	0.39	1
0.41	0.4	1
0.41	0.41	1
0.41	0.42	1
0.41	0.43	1
0.41	0.44	1
0.41	0.45	1
0.41	0.46	1
0.41	0.47	1
0.41	0.48	1
0.41	0.49	1
0.41	0.5	1
0.41	0.51	1
0.41	0.52	1
0.41	0.53	1
0.41	0.54	1
0.41	0.55	1.00002
0.41	0.56	1.00013
0.41	0.57	1.0007
0.41	0.58	1.00436
0.41	0.59	1.02348
0.41	0.6	1.11779
0.41	0.61	1.66051
0.41	0.62	1.94066
0.41	0.63	1.93919
0.41	0.64	1.93725
0.41	0.65	1.93828
0.41	0.66	1.94031
0.41	0.67	1.94282
0.41	0.68	1.94303
0.41	0.69	1.94038
0.41	0.7	1.93704
0.41	0.71	1.93486
0.41	0.72	1.93565
0.41	0.73	1.93892
0.41	0.74	1.94225
0.41	0.75	1.94303
0.41	0.76	1.94174
0.41	0.77	1.94001
0.41	0.78	1.93908
0.41	0.79	1.93907
0.41	0.8	1.93926
0.41	0.81	1.93923
0.41	0.82	1.93876
0.41	0.83	1.93847
0.41	0.84	1.93833
0.41	0.85	1.93856
0.41	0.86	1.93714
0.41	0.87	1.93597
0.41	0.88	1.9354
0.41	0.89	1.93652
0.41	0.9	1.93769
0.41	0.91	1.93961
0.41	0.92	1.94302
0.41	0.93	1.94355
0.41	0.94	1.93703
0.41	0.95	1.90925
0.41	0.96	1.89202
0.41	0.97	1.88361
0.41	0.98	1.88361
0.41	0.99	1.88361


0.42	0	1
0.42	0.01	1
0.42	0.02	1
0.42	0.03	1
0.42	0.04	1
0.42	0.05	1
0.42	0.06	1
0.42	0.07	1
0.42	0.08	1
0.42	0.09	1
0.42	0.1	1
0.42	0.11	1
0.42	0.12	1
0.42	0.13	1
0.42	0.14	1
0.42	0.15	1
0.42	0.16	1
0.42	0.17	1
0.42	0.18	1
0.42	0.19	1
0.42	0.2	1
0.42	0.21	1
0.42	0.22	1
0.42	0.23	1
0.42	0.24	1
0.42	0.25	1
0.42	0.26	1
0.42	0.27	1
0.42	0.28	1
0.42	0.29	1
0.42	0.3	1
0.42	0.31	1
0.42	0.32	1
0.42	0.33	1
0.42	0.34	1
0.42	0.35	1
0.42	0.36	1
0.42	0.37	1
0.42	0.38	1
0.42	0.39	1
0.42	0.4	1
0.42	0.41	1
0.42	0.42	1
0.42	0.43	1
0.42	0.44	1
0.42	0.45	1
0.42	0.46	1
0.42	0.47	1
0.42	0.48	1
0.42	0.49	1
0.42	0.5	1
0.42	0.51	1
0.42	0.52	1
0.42	0.53	1
0.42	0.54	1
0.42	0.55	1.00001
0.42	0.56	1.00007
0.42	0.57	1.00042
0.42	0.58	1.00273
0.42	0.59	1.01286
0.42	0.6	1.07231
0.42	0.61	1.44414
0.42	0.62	1.93223
0.42	0.63	1.94154
0.42	0.64	1.94143
0.42	0.65	1.94135
0.42	0.66	1.93978
0.42	0.67	1.93907
0.42	0.68	1.93902
0.42	0.69	1.93818
0.42	0.7	1.93812
0.42	0.71	1.93788
0.42	0.72	1.93777
0.42	0.73	1.93927
0.42	0.74	1.94051
0.42	0.75	1.94161
0.42	0.76	1.94166
0.42	0.77	1.94117
0.42	0.78	1.94069
0.42	0.79	1.93992
0.42	0.8	1.93936
0.42	0.81	1.93891
0.42	0.82	1.93845
0.42	0.83	1.93881
0.42	0.84	1.93902
0.42	0.85	1.93915
0.42	0.86	1.93752
0.42	0.87	1.93633
0.42	0.88	1.93633
0.42	0.89	1.93782
0.42	0.9	1.93882
0.42	0.91	1.94117
0.42	0.92	1.94264
0.42	0.93	1.942
0.42	0.94	1.93484
0.42	0.95	1.90475
0.42	0.96	1.89117
0.42	0.97	1.88259
0.42	0.98	1.88259
0.42	0.99	1.88259


0.43	0	1
0.43	0.01	1
0.43	0.02	1
0.43	0.03	1
0.43	0.04	1
0.43	0.05	1
0.43	0.06	1
0.43	0.07	1
0.43	0.08	1
0.43	0.09	1
0.43	0.1	1
0.43	0.11	1
0.43	0.12	1
0.43	0.13	1
0.43	0.14	1
0.43	0.15	1
0.43	0.16	1
0.43	0.17	1
0.43	0.18	1
0.43	0.19	1
0.43	0.2	1
0.43	0.21	1
0.43	0.22	1
0.43	0.23	1
0.43	0.24	1
0.43	0.25	1
0.43	0.26	1
0.43	0.27	1
0.43	0.28	1
0.43	0.29	1
0.43	0.3	1
0.43	0.31	1
0.43	0.32	1
0.43	0.33	1
0.43	0.34	1
0.43	0.35	1
0.43	0.36	1
0.43	0.37	1
0.43	0.38	1
0.43	0.39	1
0.43	0.4	1
0.43	0.41	1
0.43	0.42	1
0.43	0.43	1
0.43	0.44	1
0.43	0.45	1
0.43	0.46	1
0.43	0.47	1
0.43	0.48	1
0.43	0.49	1
0.43	0.5	1
0.43	0.51	1
0.43	0.52	1
0.43	0.53	1
0.43	0.54	1
0.43	0.55	1.00001
0.43	0.56	1.00004
0.43	0.57	1.00027
0.43	0.58	1.00146
0.43	0.59	1.00843
0.43	0.6	1.04795
0.43	0.61	1.24915
0.43	0.62	1.89156
0.43	0.63	1.93235
0.43	0.64	1.93721
0.43	0.65	1.94319
0.43	0.66	1.94514
0.43	0.67	1.94364
0.43	0.68	1.93989
0.43	0.69	1.93569
0.43	0.7	1.93405
0.43	0.71	1.936
0.43	0.72	1.93811
0.43	0.73	1.94114
0.43	0.74	1.94101
0.43	0.75	1.93934
0.43	0.76	1.9386
0.43	0.77	1.93821
0.43	0.78	1.93951
0.43	0.79	1.94073
0.43	0.8	1.9406
0.43	0.81	1.93969
0.43	0.82	1.93848
0.43	0.83	1.93822
0.43	0.84	1.93841
0.43	0.85	1.93921
0.43	0.86	1.93786
0.43	0.87	1.93744
0.43	0.88	1.93696
0.43	0.89	1.93799
0.43	0.9	1.93932
0.43	0.91	1.9416
0.43	0.92	1.94302
0.43	0.93	1.94199
0.43	0.94	1.93073
0.43	0.95	1.90722
0.43	0.96	1.88736
0.43	0.97	1.88273
0.43	0.98	1.88273
0.43	0.99	1.88273


0.44	0	1
0.44	0.01	1
0.44	0.02	1
0.44	0.03	1
0.44	0.04	1
0.44	0.05	1
0.44	0.06	1
0.44	0.07	1
0.44	0.08	1
0.44	0.09	1
0.44	0.1	1
0.44	0.11	1
0.44	0.12	1
0.44	0.13	1
0.44	0.14	1
0.44	0.15	1
0.44	0.16	1
0.44	0.17	1
0.44	0.18	1
0.44	0.19	1
0.44	0.2	1
0.44	0.21	1
0.44	0.22	1
0.44	0.23	1
0.44	0.24	1
0.44	0.25	1
0.44	0.26	1
0.44	0.27	1
0.44	0.28	1
0.44	0.29	1
0.44	0.3	1
0.44	0.31	1
0.44	0.32	1
0.44	0.33	1
0.44	0.34	1
0.44	0.35	1
0.44	0.36	1
0.44	0.37	1
0.44	0.38	1
0.44	0.39	1
0.44	0.4	1
0.44	0.41	1
0.44	0.42	1
0.44	0.43	1
0.44	0.44	1
0.44	0.45	1
0.44	0.46	1
0.44	0.47	1
0.44	0.48	1
0.44	0.49	1
0.44	0.5	1
0.44	0.51	1
0.44	0.52	1
0.44	0.53	1
0.44	0.54	1
0.44	0.55	1
0.44	0.56	1.00003
0.44	0.57	1.00016
0.44	0.58	1.00085
0.44	0.59	1.0053
0.44	0.6	1.02919
0.44	0.61	1.14314
0.44	0.62	1.74152
0.44	0.63	1.94028
0.44	0.64	1.93774
0.44	0.65	1.93761
0.44	0.66	1.93963
0.44	0.67	1.94255
0.44	0.68	1.94226
0.44	0.69	1.94027
0.44	0.7	1.93645
0.44	0.71	1.93505
0.44	0.72	1.93628
0.44	0.73	1.93947
0.44	0.74	1.94272
0.44	0.75	1.94271
0.44	0.76	1.94127
0.44	0.77	1.93929
0.44	0.78	1.93872
0.44	0.79	1.93871
0.44	0.8	1.93909
0.44	0.81	1.93893
0.44	0.82	1.93894
0.44	0.83	1.93867
0.44	0.84	1.93754
0.44	0.85	1.93733
0.44	0.86	1.93565
0.44	0.87	1.93536
0.44	0.88	1.93599
0.44	0.89	1.93849
0.44	0.9	1.93996
0.44	0.91	1.94232
0.44	0.92	1.9428
0.44	0.93	1.94066
0.44	0.94	1.93015
0.44	0.95	1.90163
0.44	0.96	1.88967
0.44	0.97	1.88404
0.44	0.98	1.88404
0.44	0.99	1.88404


0.45	0	1
0.45	0.01	1
0.45	0.02	1
0.45	0.03	1
0.45	0.04	1
0.45	0.05	1
0.45	0.06	1
0.45	0.07	1
0.45	0.08	1
0.45	0.09	1
0.45	0.1	1
0.45	0.11	1
0.45	0.12	1
0.45	0.13	1
0.45	0.14	1
0.45	0.15	1
0.45	0.16	1
0.45	0.17	1
0.45	0.18	1
0.45	0.19	1
0.45	0.2	1
0.45	0.21	1
0.45	0.22	1
0.45	0.23	1
0.45	0.24	1
0.45	0.25	1
0.45	0.26	1
0.45	0.27	1
0.45	0.28	1
0.45	0.29	1
0.45	0.3	1
0.45	0.31	1
0.45	0.32	1
0.45	0.33	1
0.45	0.34	1
0.45	0.35	1
0.45	0.36	1
0.45	0.37	1
0.45	0.38	1
0.45	0.39	1
0.45	0.4	1
0.45	0.41	1
0.45	0.42	1
0.45	0.43	1
0.45	0.44	1
0.45	0.45	1
0.45	0.46	1
0.45	0.47	1
0.45	0.48	1
0.45	0.49	1
0.45	0.5	1
0.45	0.51	1
0.45	0.52	1
0.45	0.53	1
0.45	0.54	1
0.45	0.55	1
0.45	0.56	1.00002
0.45	0.57	1.00009
0.45	0.58	1.00051
0.45	0.59	1.00328
0.45	0.6	1.01651
0.45	0.61	1.08709
0.45	0.62	1.52346
0.45	0.63	1.94314
0.45	0.64	1.94341
0.45	0.65	1.94217
0.45	0.66	1.94186
0.45	0.67	1.94019
0.45	0.68	1.93837
0.45	0.69	1.93655
0.45	0.7	1.9369
0.45	0.71	1.93859
0.45	0.72	1.93937
0.45	0.73	1.94109
0.45	0.74	1.94085
0.45	0.75	1.94091
0.45	0.76	1.94057
0.45	0.77	1.94052
0.45	0.78	1.94039
0.45	0.79	1.93998
0.45	0.8	1.93918
0.45	0.81	1.93837
0.45	0.82	1.93813
0.45	0.83	1.9385
0.45	0.84	1.93902
0.45	0.85	1.93894
0.45	0.86	1.93727
0.45	0.87	1.93635
0.45	0.88	1.93642
0.45	0.89	1.938
0.45	0.9	1.93975
0.45	0.91	1.94165
0.45	0.92	1.94218
0.45	0.93	1.93911
0.45	0.94	1.92627
0.45	0.95	1.90044
0.45	0.96	1.88702
0.45	0.97	1.88122
0.45	0.98	1.88122
0.45	0.99	1.88122


0.46	0	1
0.46	0.01	1
0.46	0.02	1
0.46	0.03	1
0.46	0.04	1
0.46	0.05	1
0.46	0.06	1
0.46	0.07	1
0.46	0.08	1
0.46	0.09	1
0.46	0.1	1
0.46	0.11	1
0.46	0.12	1
0.46	0.13	1
0.46	0.14	1
0.46	0.15	1
0.46	0.16	1
0.46	0.17	1
0.46	0.18	1
0.46	0.19	1
0.46	0.2	1
0.46	0.21	1
0.46	0.22	1
0.46	0.23	1
0.46	0.24	1
0.46	0.25	1
0.46	0.26	1
0.46	0.27	1
0.46	0.28	1
0.46	0.29	1
0.46	0.3	1
0.46	0.31	1
0.46	0.32	1
0.46	0.33	1
0.46	0.34	1
0.46	0.35	1
0.46	0.36	1
0.46	0.37	1
0.46	0.38	1
0.46	0.39	1
0.46	0.4	1
0.46	0.41	1
0.46	0.42	1
0.46	0.43	1
0.46	0.44	1
0.46	0.45	1
0.46	0.46	1
0.46	0.47	1
0.46	0.48	1
0.46	0.49	1
0.46	0.5	1
0.46	0.51	1
0.46	0.52	1
0.46	0.53	1
0.46	0.54	1
0.46	0.55	1
0.46	0.56	1.00001
0.46	0.57	1.00005
0.46	0.58	1.00032
0.46	0.59	1.00189
0.46	0.6	1.00984
0.46	0.61	1.05654
0.46	0.62	1.31981
0.46	0.63	1.91529
0.46	0.64	1.9358
0.46	0.65	1.94388
0.46	0.66	1.94558
0.46	0.67	1.94377
0.46	0.68	1.9397
0.46	0.69	1.93486
0.46	0.7	1.93204
0.46	0.71	1.93345
0.46	0.72	1.93827
0.46	0.73	1.94279
0.46	0.74	1.94274
0.46	0.75	1.94
0.46	0.76	1.93806
0.46	0.77	1.93957
0.46	0.78	1.9408
0.46	0.79	1.94145
0.46	0.8	1.93977
0.46	0.81	1.93858
0.46	0.82	1.93792
0.46	0.83	1.93858
0.46	0.84	1.93877
0.46	0.85	1.93897
0.46	0.86	1.93758
0.46	0.87	1.9371
0.46	0.88	1.93704
0.46	0.89	1.93828
0.46	0.9	1.94034
0.46	0.91	1.94208
0.46	0.92	1.94239
0.46	0.93	1.93833
0.46	0.94	1.92434
0.46	0.95	1.89877
0.46	0.96	1.88605
0.46	0.97	1.8839
0.46	0.98	1.8839
0.46	0.99	1.8839


0.47	0	1
0.47	0.01	1
0.47	0.02	1
0.47	0.03	1
0.47	0.04	1
0.47	0.05	1
0.47	0.06	1
0.47	0.07	1
0.47	0.08	1
0.47	0.09	1
0.47	0.1	1
0.47	0.11	1
0.47	0.12	1
0.47	0.13	1
0.47	0.14	1
0.47	0.15	1
0.47	0.16	1
0.47	0.17	1
0.47	0.18	1
0.47	0.19	1
0.47	0.2	1
0.47	0.21	1
0.47	0.22	1
0.47	0.23	1
0.47	0.24	1
0.47	0.25	1
0.47	0.26	1
0.47	0.27	1
0.47	0.28	1
0.47	0.29	1
0.47	0.3	1
0.47	0.31	1
0.47	0.32	1
0.47	0.33	1
0.47	0.34	1
0.47	0.35	1
0.47	0.36	1
0.47	0.37	1
0.47	0.38	1
0.47	0.39	1
0.47	0.4	1
0.47	0.41	1
0.47	0.42	1
0.47	0.43	1
0.47	0.44	1
0.47	0.45	1
0.47	0.46	1
0.47	0.47	1
0.47	0.48	1
0.47	0.49	1
0.47	0.5	1
0.47	0.51	1
0.47	0.52	1
0.47	0.53	1
0.47	0.54	1
0.47	0.55	1
0.47	0.56	1.00001
0.47	0.57	1.00003
0.47	0.58	1.0002
0.47	0.59	1.00104
0.47	0.6	1.00637
0.47	0.61	1.03588
0.47	0.62	1.17495
0.47	0.63	1.81463
0.47	0.64	1.93819
0.47	0.65	1.93782
0.47	0.66	1.93926
0.47	0.67	1.94183
0.47	0.68	1.94183
0.47	0.69	1.93921
0.47	0.7	1.93649
0.47	0.71	1.93561
0.47	0.72	1.93738
0.47	0.73	1.93987
0.47	0.74	1.9422
0.47	0.75	1.9424
0.47	0.76	1.94074
0.47	0.77	1.93906
0.47	0.78	1.93885
0.47	0.79	1.93894
0.47	0.8	1.93902
0.47	0.81	1.93741
0.47	0.82	1.93688
0.47	0.83	1.93835
0.47	0.84	1.93796
0.47	0.85	1.93766
0.47	0.86	1.93601
0.47	0.87	1.93585
0.47	0.88	1.93789
0.47	0.89	1.93951
0.47	0.9	1.94208
0.47	0.91	1.94178
0.47	0.92	1.94147
0.47	0.93	1.93676
0.47	0.94	1.92227
0.47	0.95	1.89834
0.47	0.96	1.88757
0.47	0.97	1.8826
0.47	0.98	1.8826
0.47	0.99	1.8826


0.48	0	1
0.48	0.01	1
0.48	0.02	1
0.48	0.03	1
0.48	0.04	1
0.48	0.05	1
0.48	0.06	1
0.48	0.07	1
0.48	0.08	1
0.48	0.09	1
0.48	0.1	1
0.48	0.11	1
0.48	0.12	1
0.48	0.13	1
0.48	0.14	1
0.48	0.15	1
0.48	0.16	1
0.48	0.17	1
0.48	0.18	1
0.48	0.19	1
0.48	0.2	1
0.48	0.21	1
0.48	0.22	1
0.48	0.23	1
0.48	0.24	1
0.48	0.25	1
0.48	0.26	1
0.48	0.27	1
0.48	0.28	1
0.48	0.29	1
0.48	0.3	1
0.48	0.31	1
0.48	0.32	1
0.48	0.33	1
0.48	0.34	1
0.48	0.35	1
0.48	0.36	1
0.48	0.37	1
0.48	0.38	1
0.48	0.39	1
0.48	0.4	1
0.48	0.41	1
0.48	0.42	1
0.48	0.43	1
0.48	0.44	1
0.48	0.45	1
0.48	0.46	1
0.48	0.47	1
0.48	0.48	1
0.48	0.49	1
0.48	0.5	1
0.48	0.51	1
0.48	0.52	1
0.48	0.53	1
0.48	0.54	1
0.48	0.55	1
0.48	0.56	1
0.48	0.57	1.00002
0.48	0.58	1.00011
0.48	0.59	1.00063
0.48	0.6	1.00394
0.48	0.61	1.02089
0.48	0.62	1.10707
0.48	0.63	1.61244
0.48	0.64	1.94599
0.48	0.65	1.94457
0.48	0.66	1.94036
0.48	0.67	1.93801
0.48	0.68	1.93647
0.48	0.69	1.93642
0.48	0.7	1.93829
0.48	0.71	1.93938
0.48	0.72	1.94024
0.48	0.73	1.94109
0.48	0.74	1.94057
0.48	0.75	1.9403
0.48	0.76	1.94031
0.48	0.77	1.94068
0.48	0.78	1.94061
0.48	0.79	1.93989
0.48	0.8	1.93877
0.48	0.81	1.93808
0.48	0.82	1.93815
0.48	0.83	1.93873
0.48	0.84	1.93832
0.48	0.85	1.93833
0.48	0.86	1.93664
0.48	0.87	1.93637
0.48	0.88	1.93607
0.48	0.89	1.93803
0.48	0.9	1.94132
0.48	0.91	1.94129
0.48	0.92	1.94012
0.48	0.93	1.93447
0.48	0.94	1.91788
0.48	0.95	1.8967
0.48	0.96	1.88569
0.48	0.97	1.88226
0.48	0.98	1.88226
0.48	0.99	1.88226


0.49	0	1
0.49	0.01	1
0.49	0.02	1
0.49	0.03	1
0.49	0.04	1
0.49	0.05	1
0.49	0.06	1
0.49	0.07	1
0.49	0.08	1
0.49	0.09	1
0.49	0.1	1
0.49	0.11	1
0.49	0.12	1
0.49	0.13	1
0.49	0.14	1
0.49	0.15	1
0.49	0.16	1
0.49	0.17	1
0.49	0.18	1
0.49	0.19	1
0.49	0.2	1
0.49	0.21	1
0.49	0.22	1
0.49	0.23	1
0.49	0.24	1
0.49	0.25	1
0.49	0.26	1
0.49	0.27	1
0.49	0.28	1
0.49	0.29	1
0.49	0.3	1
0.49	0.31	1
0.49	0.32	1
0.49	0.33	1
0.49	0.34	1
0.49	0.35	1
0.49	0.36	1
0.49	0.37	1
0.49	0.38	1
0.49	0.39	1
0.49	0.4	1
0.49	0.41	1
0.49	0.42	1
0.49	0.43	1
0.49	0.44	1
0.49	0.45	1
0.49	0.46	1
0.49	0.47	1
0.49	0.48	1
0.49	0.49	1
0.49	0.5	1
0.49	0.51	1
0.49	0.52	1
0.49	0.53	1
0.49	0.54	1
0.49	0.55	1
0.49	0.56	1
0.49	0.57	1.00001
0.49	0.58	1.00007
0.49	0.59	1.00037
0.49	0.6	1.00246
0.49	0.61	1.01143
0.49	0.62	1.06628
0.49	0.63	1.40313
0.49	0.64	1.92649
0.49	0.65	1.94518
0.49	0.66	1.94583
0.49	0.67	1.94227
0.49	0.68	1.9376
0.49	0.69	1.93173
0.49	0.7	1.93186
0.49	0.71	1.93627
0.49	0.72	1.93991
0.49	0.73	1.9446
0.49	0.74	1.94335
0.49	0.75	1.94121
0.49	0.76	1.93898
0.49	0.77	1.93888
0.49	0.78	1.93962
0.49	0.79	1.94045
0.49	0.8	1.94013
0.49	0.81	1.93937
0.49	0.82	1.93833
0.49	0.83	1.93829
0.49	0.84	1.93807
0.49	0.85	1.9381
0.49	0.86	1.93723
0.49	0.87	1.93751
0.49	0.88	1.93718
0.49	0.89	1.93906
0.49	0.9	1.94093
0.49	0.91	1.9414
0.49	0.92	1.94099
0.49	0.93	1.9351
0.49	0.94	1.91581
0.49	0.95	1.89532
0.49	0.96	1.88483
0.49	0.97	1.88214
0.49	0.98	1.88214
0.49	0.99	1.88214


0.5	0	1
0.5	0.01	1
0.5	0.02	1
0.5	0.03	1
0.5	0.04	1
0.5	0.05	1
0.5	0.06	1
0.5	0.07	1
0.5	0.08	1
0.5	0.09	1
0.5	0.1	1
0.5	0.11	1
0.5	0.12	1
0.5	0.13	1
0.5	0.14	1
0.5	0.15	1
0.5	0.16	1
0.5	0.17	1
0.5	0.18	1
0.5	0.19	1
0.5	0.2	1
0.5	0.21	1
0.5	0.22	1
0.5	0.23	1
0.5	0.24	1
0.5	0.25	1
0.5	0.26	1
0.5	0.27	1
0.5	0.28	1
0.5	0.29	1
0.5	0.3	1
0.5	0.31	1
0.5	0.32	1
0.5	0.33	1
0.5	0.34	1
0.5	0.35	1
0.5	0.36	1
0.5	0.37	1
0.5	0.38	1
0.5	0.39	1
0.5	0.4	1
0.5	0.41	1
0.5	0.42	1
0.5	0.43	1
0.5	0.44	1
0.5	0.45	1
0.5	0.46	1
0.5	0.47	1
0.5	0.48	1
0.5	0.49	1
0.5	0.5	1
0.5	0.51	1
0.5	0.52	1
0.5	0.53	1
0.5	0.54	1
0.5	0.55	1
0.5	0.56	1
0.5	0.57	1.00001
0.5	0.58	1.00004
0.5	0.59	1.00024
0.5	0.6	1.00129
0.5	0.61	1.00762
0.5	0.62	1.04338
0.5	0.63	1.21921
0.5	0.64	1.87363
0.5	0.65	1.93767
0.5	0.66	1.93793
0.5	0.67	1.94029
0.5	0.68	1.94116
0.5	0.69	1.93908
0.5	0.7	1.93727
0.5	0.71	1.93604
0.5	0.72	1.93741
0.5	0.73	1.94038
0.5	0.74	1.94172
0.5	0.75	1.94193
0.5	0.76	1.94114
0.5	0.77	1.93894
0.5	0.78	1.93764
0.5	0.79	1.93759
0.5	0.8	1.93756
0.5	0.81	1.93734
0.5	0.82	1.93881
0.5	0.83	1.93919
0.5	0.84	1.93859
0.5	0.85	1.9379
0.5	0.86	1.93689
0.5	0.87	1.93718
0.5	0.88	1.93745
0.5	0.89	1.93989
0.5	0.9	1.94164
0.5	0.91	1.94152
0.5	0.92	1.94038
0.5	0.93	1.93421
0.5	0.94	1.91301
0.5	0.95	1.8949
0.5	0.96	1.88378
0.5	0.97	1.88315
0.5	0.98	1.88315
0.5	0.99	1.88315


