0	0	6
0	0.01	6
0	0.02	6
0	0.03	6
0	0.04	6
0	0.05	6
0	0.06	6
0	0.07	6
0	0.08	6
0	0.09	6
0	0.1	6
0	0.11	6
0	0.12	6
0	0.13	6
0	0.14	6
0	0.15	6
0	0.16	6
0	0.17	6
0	0.18	6
0	0.19	6
0	0.2	6
0	0.21	6
0	0.22	6
0	0.23	6
0	0.24	6
0	0.25	6
0	0.26	6
0	0.27	6
0	0.28	6
0	0.29	6
0	0.3	6
0	0.31	6
0	0.32	6
0	0.33	6
0	0.34	6
0	0.35	6
0	0.36	6
0	0.37	6
0	0.38	6
0	0.39	6
0	0.4	6
0	0.41	6
0	0.42	6
0	0.43	6
0	0.44	6
0	0.45	6
0	0.46	6
0	0.47	6
0	0.48	6
0	0.49	2.5
0	0.5	2.5
0	0.51	2.5
0	0.52	2.5
0	0.53	2.5
0	0.54	2.5
0	0.55	2.5
0	0.56	2.5
0	0.57	2.5
0	0.58	2.5
0	0.59	2.5
0	0.6	2.5
0	0.61	2.5
0	0.62	2.5
0	0.63	2.5
0	0.64	2.5
0	0.65	2.5
0	0.66	2.5
0	0.67	2.5
0	0.68	2.5
0	0.69	2.5
0	0.7	2.5
0	0.71	2.5
0	0.72	2.5
0	0.73	2.5
0	0.74	2.5
0	0.75	2.5
0	0.76	2.5
0	0.77	2.5
0	0.78	2.5
0	0.79	2.5
0	0.8	2.5
0	0.81	2.5
0	0.82	2.5
0	0.83	2.5
0	0.84	2.5
0	0.85	2.5
0	0.86	2.5
0	0.87	2.5
0	0.88	2.5
0	0.89	2.5
0	0.9	2.5
0	0.91	2.5
0	0.92	2.5
0	0.93	2.5
0	0.94	2.5
0	0.95	2.5
0	0.96	2.5
0	0.97	2.5
0	0.98	2.5
0	0.99	2.5


0.01	0	6
0.01	0.01	6
0.01	0.02	6
0.01	0.03	6
0.01	0.04	6
0.01	0.05	6
0.01	0.06	6
0.01	0.07	6
0.01	0.08	6
0.01	0.09	6
0.01	0.1	6
0.01	0.11	6
0.01	0.12	6
0.01	0.13	6
0.01	0.14	6
0.01	0.15	6
0.01	0.16	6
0.01	0.17	6
0.01	0.18	6
0.01	0.19	6
0.01	0.2	6
0.01	0.21	6
0.01	0.22	6
0.01	0.23	6
0.01	0.24	6
0.01	0.25	6
0.01	0.26	6
0.01	0.27	6
0.01	0.28	6
0.01	0.29	6
0.01	0.3	6
0.01	0.31	6
0.01	0.32	6
0.01	0.33	6
0.01	0.34	6
0.01	0.35	6
0.01	0.36	6
0.01	0.37	6
0.01	0.38	6
0.01	0.39	6
0.01	0.4	6.00002
0.01	0.41	5.99996
0.01	0.42	6.00008
0.01	0.43	5.99994
0.01	0.44	5.9998
0.01	0.45	6.00024
0.01	0.46	6.00411
0.01	0.47	5.98093
0.01	0.48	6.08907
0.01	0.49	8.35916
0.01	0.5	7.76985
0.01	0.51	7.12735
0.01	0.52	7.99854
0.01	0.53	10.2267
0.01	0.54	5.79807
0.01	0.55	5.00093
0.01	0.56	9.17302
0.01	0.57	8.02898
0.01	0.58	2.93399
0.01	0.59	2.51609
0.01	0.6	2.50066
0.01	0.61	2.50003
0.01	0.62	2.5
0.01	0.63	2.5
0.01	0.64	2.5
0.01	0.65	2.5
0.01	0.66	2.5
0.01	0.67	2.5
0.01	0.68	2.5
0.01	0.69	2.5
0.01	0.7	2.5
0.01	0.71	2.5
0.01	0.72	2.5
0.01	0.73	2.5
0.01	0.74	2.5
0.01	0.75	2.5
0.01	0.76	2.5
0.01	0.77	2.5
0.01	0.78	2.5
0.01	0.79	2.5
0.01	0.8	2.5
0.01	0.81	2.5
0.01	0.82	2.5
0.01	0.83	2.5
0.01	0.84	2.5
0.01	0.85	2.5
0.01	0.86	2.5
0.01	0.87	2.5
0.01	0.88	2.5
0.01	0.89	2.5
0.01	0.9	2.5
0.01	0.91	2.5
0.01	0.92	2.5
0.01	0.93	2.5
0.01	0.94	2.5
0.01	0.95	2.5
0.01	0.96	2.5
0.01	0.97	2.5
0.01	0.98	2.5
0.01	0.99	2.5


0.02	0	6
0.02	0.01	6
0.02	0.02	6
0.02	0.03	6
0.02	0.04	6
0.02	0.05	6
0.02	0.06	6
0.02	0.07	6
0.02	0.08	6
0.02	0.09	6
0.02	0.1	6
0.02	0.11	6
0.02	0.12	6
0.02	0.13	6
0.02	0.14	6
0.02	0.15	6
0.02	0.16	6
0.02	0.17	6
0.02	0.18	6
0.02	0.19	6
0.02	0.2	6
0.02	0.21	6
0.02	0.22	6
0.02	0.23	6
0.02	0.24	6
0.02	0.25	6
0.02	0.26	6
0.02	0.27	6
0.02	0.28	6
0.02	0.29	6
0.02	0.3	6
0.02	0.31	6
0.02	0.32	6
0.02	0.33	6
0.02	0.34	6
0.02	0.35	6
0.02	0.36	6
0.02	0.37	6
0.02	0.38	6
0.02	0.39	6
0.02	0.4	5.99999
0.02	0.41	6.00002
0.02	0.42	5.99996
0.02	0.43	5.99991
0.02	0.44	6.00099
0.02	0.45	5.99741
0.02	0.46	5.99873
0.02	0.47	6.02835
0.02	0.48	5.89559
0.02	0.49	7.47742
0.02	0.5	8.82353
0.02	0.51	8.75004
0.02	0.52	8.62186
0.02	0.53	8.28266
0.02	0.54	7.57955
0.02	0.55	7.90266
0.02	0.56	8.0813
0.02	0.57	7.23978
0.02	0.58	7.28387
0.02	0.59	8.04088
0.02	0.6	7.72846
0.02	0.61	6.87577
0.02	0.62	7.52363
0.02	0.63	8.58552
0.02	0.64	6.82987
0.02	0.65	6.52319
0.02	0.66	6.12965
0.02	0.67	3.13062
0.02	0.68	2.54467
0.02	0.69	2.50239
0.02	0.7	2.50011
0.02	0.71	2.5
0.02	0.72	2.5
0.02	0.73	2.5
0.02	0.74	2.5
0.02	0.75	2.5
0.02	0.76	2.5
0.02	0.77	2.5
0.02	0.78	2.5
0.02	0.79	2.5
0.02	0.8	2.5
0.02	0.81	2.5
0.02	0.82	2.5
0.02	0.83	2.5
0.02	0.84	2.5
0.02	0.85	2.5
0.02	0.86	2.5
0.02	0.87	2.5
0.02	0.88	2.5
0.02	0.89	2.5
0.02	0.9	2.5
0.02	0.91	2.5
0.02	0.92	2.5
0.02	0.93	2.5
0.02	0.94	2.5
0.02	0.95	2.5
0.02	0.96	2.5
0.02	0.97	2.5
0.02	0.98	2.5
0.02	0.99	2.5


0.03	0	6
0.03	0.01	6
0.03	0.02	6
0.03	0.03	6
0.03	0.04	6
0.03	0.05	6
0.03	0.06	6
0.03	0.07	6
0.03	0.08	6
0.03	0.09	6
0.03	0.1	6
0.03	0.11	6
0.03	0.12	6
0.03	0.13	6
0.03	0.14	6
0.03	0.15	6
0.03	0.16	6
0.03	0.17	6
0.03	0.18	6
0.03	0.19	6
0.03	0.2	6
0.03	0.21	6
0.03	0.22	6
0.03	0.23	6
0.03	0.24	6
0.03	0.25	6
0.03	0.26	6
0.03	0.27	6
0.03	0.28	6
0.03	0.29	6
0.03	0.3	6
0.03	0.31	6
0.03	0.32	6
0.03	0.33	6
0.03	0.34	6
0.03	0.35	6
0.03	0.36	6
0.03	0.37	6
0.03	0.38	6
0.03	0.39	6
0.03	0.4	6.00001
0.03	0.41	5.99999
0.03	0.42	6.00002
0.03	0.43	6.00003
0.03	0.44	5.99978
0.03	0.45	6.00058
0.03	0.46	5.99875
0.03	0.47	6.006
0.03	0.48	6.04556
0.03	0.49	6.46318
0.03	0.5	8.49074
0.03	0.51	8.98714
0.03	0.52	8.97654
0.03	0.53	8.89037
0.03	0.54	8.64873
0.03	0.55	8.47308
0.03	0.56	8.15187
0.03	0.57	7.54975
0.03	0.58	7.81879
0.03	0.59	8.16963
0.03	0.6	7.47884
0.03	0.61	7.36894
0.03	0.62	7.96916
0.03	0.63	7.94131
0.03	0.64	7.42964
0.03	0.65	7.6972
0.03	0.66	8.12815
0.03	0.67	7.61323
0.03	0.68	7.25388
0.03	0.69	7.24461
0.03	0.7	7.71306
0.03	0.71	7.68798
0.03	0.72	6.95194
0.03	0.73	7.09315
0.03	0.74	7.2053
0.03	0.75	4.90831
0.03	0.76	2.65373
0.03	0.77	2.50809
0.03	0.78	2.50047
0.03	0.79	2.50003
0.03	0.8	2.5
0.03	0.81	2.5
0.03	0.82	2.5
0.03	0.83	2.5
0.03	0.84	2.5
0.03	0.85	2.5
0.03	0.86	2.5
0.03	0.87	2.5
0.03	0.88	2.5
0.03	0.89	2.5
0.03	0.9	2.5
0.03	0.91	2.5
0.03	0.92	2.5
0.03	0.93	2.5
0.03	0.94	2.5
0.03	0.95	2.5
0.03	0.96	2.5
0.03	0.97	2.5
0.03	0.98	2.5
0.03	0.99	2.5


0.04	0	6
0.04	0.01	6
0.04	0.02	6
0.04	0.03	6
0.04	0.04	6
0.04	0.05	6
0.04	0.06	6
0.04	0.07	6
0.04	0.08	6
0.04	0.09	6
0.04	0.1	6
0.04	0.11	6
0.04	0.12	6
0.04	0.13	6
0.04	0.14	6
0.04	0.15	6
0.04	0.16	6
0.04	0.17	6
0.04	0.18	6
0.04	0.19	6
0.04	0.2	6
0.04	0.21	6
0.04	0.22	6
0.04	0.23	6
0.04	0.24	6
0.04	0.25	6
0.04	0.26	6
0.04	0.27	6
0.04	0.28	6
0.04	0.29	6
0.04	0.3	6
0.04	0.31	6
0.04	0.32	6
0.04	0.33	6
0.04	0.34	6
0.04	0.35	6
0.04	0.36	6
0.04	0.37	6
0.04	0.38	6
0.04	0.39	6
0.04	0.4	6
0.04	0.41	6
0.04	0.42	5.99999
0.04	0.43	6.00001
0.04	0.44	6.00002
0.04	0.45	5.99996
0.04	0.46	5.9997
0.04	0.47	6.00395
0.04	0.48	6.02749
0.04	0.49	6.40349
0.04	0.5	7.56112
0.04	0.51	8.88277
0.04	0.52	8.92342
0.04	0.53	8.97112
0.04	0.54	8.93948
0.04	0.55	8.8821
0.04	0.56	8.76423
0.04	0.57	8.47613
0.04	0.58	8.3633
0.04	0.59	8.06968
0.04	0.6	7.55412
0.04	0.61	7.78744
0.04	0.62	8.25546
0.04	0.63	7.52936
0.04	0.64	7.32335
0.04	0.65	7.94423
0.04	0.66	8.12229
0.04	0.67	7.62027
0.04	0.68	7.33136
0.04	0.69	7.93633
0.04	0.7	8.11918
0.04	0.71	7.31694
0.04	0.72	7.26279
0.04	0.73	7.82883
0.04	0.74	7.83689
0.04	0.75	7.31446
0.04	0.76	7.71459
0.04	0.77	8.22113
0.04	0.78	7.45584
0.04	0.79	7.31636
0.04	0.8	7.33641
0.04	0.81	7.13327
0.04	0.82	7.1703
0.04	0.83	7.01469
0.04	0.84	3.52365
0.04	0.85	2.56254
0.04	0.86	2.50351
0.04	0.87	2.5002
0.04	0.88	2.50001
0.04	0.89	2.5
0.04	0.9	2.5
0.04	0.91	2.5
0.04	0.92	2.5
0.04	0.93	2.5
0.04	0.94	2.5
0.04	0.95	2.5
0.04	0.96	2.5
0.04	0.97	2.5
0.04	0.98	2.5
0.04	0.99	2.5


0.05	0	6
0.05	0.01	6
0.05	0.02	6
0.05	0.03	6
0.05	0.04	6
0.05	0.05	6
0.05	0.06	6
0.05	0.07	6
0.05	0.08	6
0.05	0.09	6
0.05	0.1	6
0.05	0.11	6
0.05	0.12	6
0.05	0.13	6
0.05	0.14	6
0.05	0.15	6
0.05	0.16	6
0.05	0.17	6
0.05	0.18	6
0.05	0.19	6
0.05	0.2	6
0.05	0.21	6
0.05	0.22	6
0.05	0.23	6
0.05	0.24	6
0.05	0.25	6
0.05	0.26	6
0.05	0.27	6
0.05	0.28	6
0.05	0.29	6
0.05	0.3	6
0.05	0.31	6
0.05	0.32	6
0.05	0.33	6
0.05	0.34	6
0.05	0.35	6
0.05	0.36	6
0.05	0.37	6
0.05	0.38	6
0.05	0.39	6
0.05	0.4	6
0.05	0.41	6
0.05	0.42	6
0.05	0.43	6.00001
0.05	0.44	6.00001
0.05	0.45	5.99993
0.05	0.46	5.99996
0.05	0.47	6.00205
0.05	0.48	6.02938
0.05	0.49	6.1284
0.05	0.5	7.20969
0.05	0.51	8.88205
0.05	0.52	8.8613
0.05	0.53	8.87762
0.05	0.54	8.88455
0.05	0.55	8.8644
0.05	0.56	8.86936
0.05	0.57	8.83663
0.05	0.58	8.75325
0.05	0.59	8.59907
0.05	0.6	8.26651
0.05	0.61	8.26618
0.05	0.62	7.95308
0.05	0.63	7.52845
0.05	0.64	7.7718
0.05	0.65	8.17941
0.05	0.66	7.68041
0.05	0.67	7.38482
0.05	0.68	7.71599
0.05	0.69	8.07654
0.05	0.7	7.87699
0.05	0.71	7.2717
0.05	0.72	7.67311
0.05	0.73	8.54061
0.05	0.74	7.29788
0.05	0.75	7.05847
0.05	0.76	7.89043
0.05	0.77	8.0737
0.05	0.78	7.48522
0.05	0.79	7.53041
0.05	0.8	7.90036
0.05	0.81	7.81822
0.05	0.82	7.46577
0.05	0.83	7.33349
0.05	0.84	7.81808
0.05	0.85	7.95704
0.05	0.86	7.41056
0.05	0.87	7.33153
0.05	0.88	7.99779
0.05	0.89	7.60979
0.05	0.9	6.98478
0.05	0.91	7.2249
0.05	0.92	5.94868
0.05	0.93	2.84788
0.05	0.94	2.52173
0.05	0.95	2.50136
0.05	0.96	2.50008
0.05	0.97	2.5
0.05	0.98	2.5
0.05	0.99	2.5


0.06	0	6
0.06	0.01	6
0.06	0.02	6
0.06	0.03	6
0.06	0.04	6
0.06	0.05	6
0.06	0.06	6
0.06	0.07	6
0.06	0.08	6
0.06	0.09	6
0.06	0.1	6
0.06	0.11	6
0.06	0.12	6
0.06	0.13	6
0.06	0.14	6
0.06	0.15	6
0.06	0.16	6
0.06	0.17	6
0.06	0.18	6
0.06	0.19	6
0.06	0.2	6
0.06	0.21	6
0.06	0.22	6
0.06	0.23	6
0.06	0.24	6
0.06	0.25	6
0.06	0.26	6
0.06	0.27	6
0.06	0.28	6
0.06	0.29	6
0.06	0.3	6
0.06	0.31	6
0.06	0.32	6
0.06	0.33	6
0.06	0.34	6
0.06	0.35	6
0.06	0.36	6
0.06	0.37	6
0.06	0.38	6
0.06	0.39	6
0.06	0.4	6
0.06	0.41	6
0.06	0.42	6
0.06	0.43	6
0.06	0.44	6
0.06	0.45	5.99997
0.06	0.46	6.00003
0.06	0.47	6.00118
0.06	0.48	6.01867
0.06	0.49	6.1019
0.06	0.5	6.5891
0.06	0.51	8.59889
0.06	0.52	8.91215
0.06	0.53	8.91196
0.06	0.54	8.87371
0.06	0.55	8.85908
0.06	0.56	8.88495
0.06	0.57	8.91835
0.06	0.58	8.9147
0.06	0.59	8.8903
0.06	0.6	8.79992
0.06	0.61	8.68745
0.06	0.62	8.43351
0.06	0.63	8.12989
0.06	0.64	8.17423
0.06	0.65	7.82973
0.06	0.66	7.51366
0.06	0.67	7.71511
0.06	0.68	7.95649
0.06	0.69	7.83876
0.06	0.7	7.47855
0.06	0.71	7.45736
0.06	0.72	8.00362
0.06	0.73	7.94577
0.06	0.74	7.37628
0.06	0.75	7.48078
0.06	0.76	8.20871
0.06	0.77	7.77407
0.06	0.78	6.84294
0.06	0.79	7.67118
0.06	0.8	8.57829
0.06	0.81	7.56776
0.06	0.82	7.06468
0.06	0.83	7.83798
0.06	0.84	8.43652
0.06	0.85	7.37237
0.06	0.86	6.96363
0.06	0.87	7.93346
0.06	0.88	8.24515
0.06	0.89	7.47932
0.06	0.9	7.4971
0.06	0.91	7.71935
0.06	0.92	7.90527
0.06	0.93	7.44242
0.06	0.94	7.5959
0.06	0.95	7.70455
0.06	0.96	7.66034
0.06	0.97	7.60105
0.06	0.98	7.60105
0.06	0.99	7.60105


0.07	0	6
0.07	0.01	6
0.07	0.02	6
0.07	0.03	6
0.07	0.04	6
0.07	0.05	6
0.07	0.06	6
0.07	0.07	6
0.07	0.08	6
0.07	0.09	6
0.07	0.1	6
0.07	0.11	6
0.07	0.12	6
0.07	0.13	6
0.07	0.14	6
0.07	0.15	6
0.07	0.16	6
0.07	0.17	6
0.07	0.18	6
0.07	0.19	6
0.07	0.2	6
0.07	0.21	6
0.07	0.22	6
0.07	0.23	6
0.07	0.24	6
0.07	0.25	6
0.07	0.26	6
0.07	0.27	6
0.07	0.28	6
0.07	0.29	6
0.07	0.3	6
0.07	0.31	6
0.07	0.32	6
0.07	0.33	6
0.07	0.34	6
0.07	0.35	6
0.07	0.36	6
0.07	0.37	6
0.07	0.38	6
0.07	0.39	6
0.07	0.4	6
0.07	0.41	6
0.07	0.42	6
0.07	0.43	6
0.07	0.44	6
0.07	0.45	5.99999
0.07	0.46	6.00003
0.07	0.47	6.0009
0.07	0.48	6.01137
0.07	0.49	6.05955
0.07	0.5	6.41254
0.07	0.51	7.89546
0.07	0.52	8.87311
0.07	0.53	8.90879
0.07	0.54	8.90277
0.07	0.55	8.88891
0.07	0.56	8.89625
0.07	0.57	8.90322
0.07	0.58	8.91367
0.07	0.59	8.9307
0.07	0.6	8.91591
0.07	0.61	8.89144
0.07	0.62	8.82145
0.07	0.63	8.69179
0.07	0.64	8.61745
0.07	0.65	8.30835
0.07	0.66	7.98509
0.07	0.67	8.10457
0.07	0.68	7.84665
0.07	0.69	7.58837
0.07	0.7	7.72352
0.07	0.71	7.89963
0.07	0.72	7.99617
0.07	0.73	7.46031
0.07	0.74	7.36928
0.07	0.75	7.92438
0.07	0.76	8.12982
0.07	0.77	7.33551
0.07	0.78	7.20783
0.07	0.79	7.8987
0.07	0.8	8.1903
0.07	0.81	7.17991
0.07	0.82	7.11388
0.07	0.83	8.16323
0.07	0.84	8.10639
0.07	0.85	7.19836
0.07	0.86	7.3362
0.07	0.87	8.29238
0.07	0.88	7.8324
0.07	0.89	6.79584
0.07	0.9	7.50209
0.07	0.91	8.86115
0.07	0.92	7.58938
0.07	0.93	6.87523
0.07	0.94	7.98627
0.07	0.95	8.18163
0.07	0.96	7.47523
0.07	0.97	7.55858
0.07	0.98	7.55858
0.07	0.99	7.55858


0.08	0	6
0.08	0.01	6
0.08	0.02	6
0.08	0.03	6
0.08	0.04	6
0.08	0.05	6
0.08	0.06	6
0.08	0.07	6
0.08	0.08	6
0.08	0.09	6
0.08	0.1	6
0.08	0.11	6
0.08	0.12	6
0.08	0.13	6
0.08	0.14	6
0.08	0.15	6
0.08	0.16	6
0.08	0.17	6
0.08	0.18	6
0.08	0.19	6
0.08	0.2	6
0.08	0.21	6
0.08	0.22	6
0.08	0.23	6
0.08	0.24	6
0.08	0.25	6
0.08	0.26	6
0.08	0.27	6
0.08	0.28	6
0.08	0.29	6
0.08	0.3	6
0.08	0.31	6
0.08	0.32	6
0.08	0.33	6
0.08	0.34	6
0.08	0.35	6
0.08	0.36	6
0.08	0.37	6
0.08	0.38	6
0.08	0.39	6
0.08	0.4	6
0.08	0.41	6
0.08	0.42	6
0.08	0.43	6
0.08	0.44	6
0.08	0.45	6
0.08	0.46	6.00003
0.08	0.47	6.00058
0.08	0.48	6.00731
0.08	0.49	6.03388
0.08	0.5	6.20021
0.08	0.51	7.49592
0.08	0.52	8.82644
0.08	0.53	8.81986
0.08	0.54	8.8127
0.08	0.55	8.82479
0.08	0.56	8.87805
0.08	0.57	8.89115
0.08	0.58	8.89862
0.08	0.59	8.90315
0.08	0.6	8.90705
0.08	0.61	8.91751
0.08	0.62	8.89986
0.08	0.63	8.87488
0.08	0.64	8.84631
0.08	0.65	8.75846
0.08	0.66	8.61165
0.08	0.67	8.50932
0.08	0.68	8.17188
0.08	0.69	7.94323
0.08	0.7	8.04922
0.08	0.71	7.88507
0.08	0.72	7.6964
0.08	0.73	7.56332
0.08	0.74	7.89041
0.08	0.75	7.97749
0.08	0.76	7.54877
0.08	0.77	7.40499
0.08	0.78	7.82776
0.08	0.79	8.09459
0.08	0.8	7.56716
0.08	0.81	7.21886
0.08	0.82	7.67656
0.08	0.83	8.48821
0.08	0.84	7.37347
0.08	0.85	6.6924
0.08	0.86	7.93254
0.08	0.87	8.72681
0.08	0.88	7.12288
0.08	0.89	6.83912
0.08	0.9	8.08876
0.08	0.91	8.40264
0.08	0.92	6.8508
0.08	0.93	7.10522
0.08	0.94	8.29291
0.08	0.95	7.88959
0.08	0.96	6.95686
0.08	0.97	7.80894
0.08	0.98	7.80894
0.08	0.99	7.80894


0.09	0	6
0.09	0.01	6
0.09	0.02	6
0.09	0.03	6
0.09	0.04	6
0.09	0.05	6
0.09	0.06	6
0.09	0.07	6
0.09	0.08	6
0.09	0.09	6
0.09	0.1	6
0.09	0.11	6
0.09	0.12	6
0.09	0.13	6
0.09	0.14	6
0.09	0.15	6
0.09	0.16	6
0.09	0.17	6
0.09	0.18	6
0.09	0.19	6
0.09	0.2	6
0.09	0.21	6
0.09	0.22	6
0.09	0.23	6
0.09	0.24	6
0.09	0.25	6
0.09	0.26	6
0.09	0.27	6
0.09	0.28	6
0.09	0.29	6
0.09	0.3	6
0.09	0.31	6
0.09	0.32	6
0.09	0.33	6
0.09	0.34	6
0.09	0.35	6
0.09	0.36	6
0.09	0.37	6
0.09	0.38	6
0.09	0.39	6
0.09	0.4	6
0.09	0.41	6
0.09	0.42	6
0.09	0.43	6
0.09	0.44	6
0.09	0.45	6
0.09	0.46	6.00003
0.09	0.47	6.00046
0.09	0.48	6.00327
0.09	0.49	6.02828
0.09	0.5	6.11945
0.09	0.51	6.75689
0.09	0.52	8.76496
0.09	0.53	8.90417
0.09	0.54	8.895
0.09	0.55	8.86591
0.09	0.56	8.87717
0.09	0.57	8.87953
0.09	0.58	8.88328
0.09	0.59	8.89939
0.09	0.6	8.89619
0.09	0.61	8.89692
0.09	0.62	8.88075
0.09	0.63	8.8249
0.09	0.64	8.84681
0.09	0.65	8.83708
0.09	0.66	8.81198
0.09	0.67	8.75426
0.09	0.68	8.65493
0.09	0.69	8.47123
0.09	0.7	8.44207
0.09	0.71	8.08167
0.09	0.72	7.85611
0.09	0.73	7.9474
0.09	0.74	7.9518
0.09	0.75	7.66477
0.09	0.76	7.54793
0.09	0.77	7.85571
0.09	0.78	8.08691
0.09	0.79	7.59284
0.09	0.8	7.38006
0.09	0.81	7.76373
0.09	0.82	8.051
0.09	0.83	7.69663
0.09	0.84	7.35962
0.09	0.85	7.4614
0.09	0.86	8.04039
0.09	0.87	7.92955
0.09	0.88	7.14441
0.09	0.89	7.44172
0.09	0.9	8.30017
0.09	0.91	7.69649
0.09	0.92	6.42363
0.09	0.93	8.21882
0.09	0.94	8.44205
0.09	0.95	7.35614
0.09	0.96	7.33337
0.09	0.97	7.67798
0.09	0.98	7.67798
0.09	0.99	7.67798


0.1	0	6
0.1	0.01	6
0.1	0.02	6
0.1	0.03	6
0.1	0.04	6
0.1	0.05	6
0.1	0.06	6
0.1	0.07	6
0.1	0.08	6
0.1	0.09	6
0.1	0.1	6
0.1	0.11	6
0.1	0.12	6
0.1	0.13	6
0.1	0.14	6
0.1	0.15	6
0.1	0.16	6
0.1	0.17	6
0.1	0.18	6
0.1	0.19	6
0.1	0.2	6
0.1	0.21	6
0.1	0.22	6
0.1	0.23	6
0.1	0.24	6
0.1	0.25	6
0.1	0.26	6
0.1	0.27	6
0.1	0.28	6
0.1	0.29	6
0.1	0.3	6
0.1	0.31	6
0.1	0.32	6
0.1	0.33	6
0.1	0.34	6
0.1	0.35	6
0.1	0.36	6
0.1	0.37	6
0.1	0.38	6
0.1	0.39	6
0.1	0.4	6
0.1	0.41	6
0.1	0.42	6
0.1	0.43	6
0.1	0.44	6
0.1	0.45	6
0.1	0.46	6.00002
0.1	0.47	6.00027
0.1	0.48	6.00208
0.1	0.49	6.01653
0.1	0.5	6.07928
0.1	0.51	6.45452
0.1	0.52	8.18603
0.1	0.53	8.89939
0.1	0.54	8.89945
0.1	0.55	8.90306
0.1	0.56	8.90502
0.1	0.57	8.89771
0.1	0.58	8.8945
0.1	0.59	8.89862
0.1	0.6	8.89589
0.1	0.61	8.89384
0.1	0.62	8.88886
0.1	0.63	8.86872
0.1	0.64	8.89902
0.1	0.65	8.88969
0.1	0.66	8.88736
0.1	0.67	8.86995
0.1	0.68	8.83878
0.1	0.69	8.79026
0.1	0.7	8.71438
0.1	0.71	8.58241
0.1	0.72	8.34835
0.1	0.73	8.28844
0.1	0.74	7.99458
0.1	0.75	7.65592
0.1	0.76	7.83632
0.1	0.77	8.0503
0.1	0.78	7.64637
0.1	0.79	7.48292
0.1	0.8	7.78648
0.1	0.81	8.0153
0.1	0.82	7.67875
0.1	0.83	7.45318
0.1	0.84	7.68799
0.1	0.85	7.84178
0.1	0.86	7.95163
0.1	0.87	7.44408
0.1	0.88	7.27516
0.1	0.89	8.02622
0.1	0.9	8.08379
0.1	0.91	7.22581
0.1	0.92	7.26367
0.1	0.93	8.14525
0.1	0.94	7.66809
0.1	0.95	6.8887
0.1	0.96	7.90793
0.1	0.97	8.07179
0.1	0.98	8.07179
0.1	0.99	8.07179


0.11	0	6
0.11	0.01	6
0.11	0.02	6
0.11	0.03	6
0.11	0.04	6
0.11	0.05	6
0.11	0.06	6
0.11	0.07	6
0.11	0.08	6
0.11	0.09	6
0.11	0.1	6
0.11	0.11	6
0.11	0.12	6
0.11	0.13	6
0.11	0.14	6
0.11	0.15	6
0.11	0.16	6
0.11	0.17	6
0.11	0.18	6
0.11	0.19	6
0.11	0.2	6
0.11	0.21	6
0.11	0.22	6
0.11	0.23	6
0.11	0.24	6
0.11	0.25	6
0.11	0.26	6
0.11	0.27	6
0.11	0.28	6
0.11	0.29	6
0.11	0.3	6
0.11	0.31	6
0.11	0.32	6
0.11	0.33	6
0.11	0.34	6
0.11	0.35	6
0.11	0.36	6
0.11	0.37	6
0.11	0.38	6
0.11	0.39	6
0.11	0.4	6
0.11	0.41	6
0.11	0.42	6
0.11	0.43	6
0.11	0.44	6
0.11	0.45	6
0.11	0.46	6.00001
0.11	0.47	6.00016
0.11	0.48	6.00124
0.11	0.49	6.01081
0.11	0.5	6.03405
0.11	0.51	6.39955
0.11	0.52	7.42814
0.11	0.53	8.83522
0.11	0.54	8.8699
0.11	0.55	8.8844
0.11	0.56	8.90764
0.11	0.57	8.91209
0.11	0.58	8.90954
0.11	0.59	8.90698
0.11	0.6	8.89883
0.11	0.61	8.89872
0.11	0.62	8.89356
0.11	0.63	8.88259
0.11	0.64	8.90514
0.11	0.65	8.89928
0.11	0.66	8.90392
0.11	0.67	8.89317
0.11	0.68	8.89063
0.11	0.69	8.89107
0.11	0.7	8.87689
0.11	0.71	8.82463
0.11	0.72	8.73398
0.11	0.73	8.6414
0.11	0.74	8.43257
0.11	0.75	8.22153
0.11	0.76	8.23474
0.11	0.77	8.00357
0.11	0.78	7.66764
0.11	0.79	7.81574
0.11	0.8	8.0819
0.11	0.81	7.68232
0.11	0.82	7.53205
0.11	0.83	7.68423
0.11	0.84	7.87799
0.11	0.85	7.77673
0.11	0.86	7.52768
0.11	0.87	7.42393
0.11	0.88	7.91047
0.11	0.89	7.91789
0.11	0.9	7.37403
0.11	0.91	7.2547
0.11	0.92	7.90897
0.11	0.93	8.07389
0.11	0.94	7.36865
0.11	0.95	7.50872
0.11	0.96	7.78576
0.11	0.97	7.69447
0.11	0.98	7.69447
0.11	0.99	7.69447


0.12	0	6
0.12	0.01	6
0.12	0.02	6
0.12	0.03	6
0.12	0.04	6
0.12	0.05	6
0.12	0.06	6
0.12	0.07	6
0.12	0.08	6
0.12	0.09	6
0.12	0.1	6
0.12	0.11	6
0.12	0.12	6
0.12	0.13	6
0.12	0.14	6
0.12	0.15	6
0.12	0.16	6
0.12	0.17	6
0.12	0.18	6
0.12	0.19	6
0.12	0.2	6
0.12	0.21	6
0.12	0.22	6
0.12	0.23	6
0.12	0.24	6
0.12	0.25	6
0.12	0.26	6
0.12	0.27	6
0.12	0.28	6
0.12	0.29	6
0.12	0.3	6
0.12	0.31	6
0.12	0.32	6
0.12	0.33	6
0.12	0.34	6
0.12	0.35	6
0.12	0.36	6
0.12	0.37	6
0.12	0.38	6
0.12	0.39	6
0.12	0.4	6
0.12	0.41	6
0.12	0.42	6
0.12	0.43	6
0.12	0.44	6
0.12	0.45	6
0.12	0.46	6.00001
0.12	0.47	6.0001
0.12	0.48	6.00083
0.12	0.49	6.005
0.12	0.5	6.03602
0.12	0.51	6.13083
0.12	0.52	7.00861
0.12	0.53	8.86903
0.12	0.54	8.88159
0.12	0.55	8.87021
0.12	0.56	8.87991
0.12	0.57	8.89412
0.12	0.58	8.90223
0.12	0.59	8.87123
0.12	0.6	8.8479
0.12	0.61	8.84328
0.12	0.62	8.82982
0.12	0.63	8.83608
0.12	0.64	8.87598
0.12	0.65	8.8892
0.12	0.66	8.9011
0.12	0.67	8.8939
0.12	0.68	8.89609
0.12	0.69	8.90595
0.12	0.7	8.91749
0.12	0.71	8.90221
0.12	0.72	8.87786
0.12	0.73	8.82827
0.12	0.74	8.74669
0.12	0.75	8.6444
0.12	0.76	8.56251
0.12	0.77	8.42708
0.12	0.78	8.10698
0.12	0.79	8.14545
0.12	0.8	8.01215
0.12	0.81	7.69295
0.12	0.82	7.78215
0.12	0.83	7.97947
0.12	0.84	7.77322
0.12	0.85	7.57376
0.12	0.86	7.57914
0.12	0.87	7.84914
0.12	0.88	7.94497
0.12	0.89	7.53553
0.12	0.9	7.32802
0.12	0.91	7.92208
0.12	0.92	8.04064
0.12	0.93	7.35435
0.12	0.94	7.31383
0.12	0.95	7.88573
0.12	0.96	7.768
0.12	0.97	7.58912
0.12	0.98	7.58912
0.12	0.99	7.58912


0.13	0	6
0.13	0.01	6
0.13	0.02	6
0.13	0.03	6
0.13	0.04	6
0.13	0.05	6
0.13	0.06	6
0.13	0.07	6
0.13	0.08	6
0.13	0.09	6
0.13	0.1	6
0.13	0.11	6
0.13	0.12	6
0.13	0.13	6
0.13	0.14	6
0.13	0.15	6
0.13	0.16	6
0.13	0.17	6
0.13	0.18	6
0.13	0.19	6
0.13	0.2	6
0.13	0.21	6
0.13	0.22	6
0.13	0.23	6
0.13	0.24	6
0.13	0.25	6
0.13	0.26	6
0.13	0.27	6
0.13	0.28	6
0.13	0.29	6
0.13	0.3	6
0.13	0.31	6
0.13	0.32	6
0.13	0.33	6
0.13	0.34	6
0.13	0.35	6
0.13	0.36	6
0.13	0.37	6
0.13	0.38	6
0.13	0.39	6
0.13	0.4	6
0.13	0.41	6
0.13	0.42	6
0.13	0.43	6
0.13	0.44	6
0.13	0.45	6
0.13	0.46	6.00001
0.13	0.47	6.00006
0.13	0.48	6.0005
0.13	0.49	6.00295
0.13	0.5	6.02148
0.13	0.51	6.09634
0.13	0.52	6.55205
0.13	0.53	8.41176
0.13	0.54	8.88708
0.13	0.55	8.92497
0.13	0.56	8.91949
0.13	0.57	8.89334
0.13	0.58	8.88556
0.13	0.59	8.88646
0.13	0.6	8.89309
0.13	0.61	8.89612
0.13	0.62	8.88865
0.13	0.63	8.87257
0.13	0.64	8.88237
0.13	0.65	8.87766
0.13	0.66	8.88169
0.13	0.67	8.8772
0.13	0.68	8.87628
0.13	0.69	8.89546
0.13	0.7	8.87097
0.13	0.71	8.8593
0.13	0.72	8.84475
0.13	0.73	8.84161
0.13	0.74	8.81975
0.13	0.75	8.80149
0.13	0.76	8.77967
0.13	0.77	8.72335
0.13	0.78	8.59872
0.13	0.79	8.502
0.13	0.8	8.28875
0.13	0.81	7.99859
0.13	0.82	8.09305
0.13	0.83	8.05668
0.13	0.84	7.70985
0.13	0.85	7.65004
0.13	0.86	7.87194
0.13	0.87	7.96786
0.13	0.88	7.59786
0.13	0.89	7.47716
0.13	0.9	7.84846
0.13	0.91	8.04634
0.13	0.92	7.49182
0.13	0.93	7.33545
0.13	0.94	7.91184
0.13	0.95	7.93057
0.13	0.96	7.54207
0.13	0.97	7.5537
0.13	0.98	7.5537
0.13	0.99	7.5537


0.14	0	6
0.14	0.01	6
0.14	0.02	6
0.14	0.03	6
0.14	0.04	6
0.14	0.05	6
0.14	0.06	6
0.14	0.07	6
0.14	0.08	6
0.14	0.09	6
0.14	0.1	6
0.14	0.11	6
0.14	0.12	6
0.14	0.13	6
0.14	0.14	6
0.14	0.15	6
0.14	0.16	6
0.14	0.17	6
0.14	0.18	6
0.14	0.19	6
0.14	0.2	6
0.14	0.21	6
0.14	0.22	6
0.14	0.23	6
0.14	0.24	6
0.14	0.25	6
0.14	0.26	6
0.14	0.27	6
0.14	0.28	6
0.14	0.29	6
0.14	0.3	6
0.14	0.31	6
0.14	0.32	6
0.14	0.33	6
0.14	0.34	6
0.14	0.35	6
0.14	0.36	6
0.14	0.37	6
0.14	0.38	6
0.14	0.39	6
0.14	0.4	6
0.14	0.41	6
0.14	0.42	6
0.14	0.43	6
0.14	0.44	6
0.14	0.45	6
0.14	0.46	6
0.14	0.47	6.00004
0.14	0.48	6.00029
0.14	0.49	6.00183
0.14	0.5	6.01299
0.14	0.51	6.05496
0.14	0.52	6.40512
0.14	0.53	7.69481
0.14	0.54	8.93019
0.14	0.55	8.88904
0.14	0.56	8.85892
0.14	0.57	8.88647
0.14	0.58	8.91884
0.14	0.59	8.9351
0.14	0.6	8.9282
0.14	0.61	8.89366
0.14	0.62	8.87966
0.14	0.63	8.87219
0.14	0.64	8.89
0.14	0.65	8.8966
0.14	0.66	8.90173
0.14	0.67	8.88924
0.14	0.68	8.88714
0.14	0.69	8.89589
0.14	0.7	8.90326
0.14	0.71	8.8994
0.14	0.72	8.89249
0.14	0.73	8.88168
0.14	0.74	8.87285
0.14	0.75	8.83863
0.14	0.76	8.8609
0.14	0.77	8.84675
0.14	0.78	8.79983
0.14	0.79	8.72214
0.14	0.8	8.60651
0.14	0.81	8.44553
0.14	0.82	8.3563
0.14	0.83	8.24075
0.14	0.84	7.84285
0.14	0.85	7.89993
0.14	0.86	8.14732
0.14	0.87	7.69806
0.14	0.88	7.55656
0.14	0.89	7.80497
0.14	0.9	8.03762
0.14	0.91	7.67485
0.14	0.92	7.29532
0.14	0.93	7.90769
0.14	0.94	8.12
0.14	0.95	7.5366
0.14	0.96	7.50224
0.14	0.97	7.71991
0.14	0.98	7.71991
0.14	0.99	7.71991


0.15	0	6
0.15	0.01	6
0.15	0.02	6
0.15	0.03	6
0.15	0.04	6
0.15	0.05	6
0.15	0.06	6
0.15	0.07	6
0.15	0.08	6
0.15	0.09	6
0.15	0.1	6
0.15	0.11	6
0.15	0.12	6
0.15	0.13	6
0.15	0.14	6
0.15	0.15	6
0.15	0.16	6
0.15	0.17	6
0.15	0.18	6
0.15	0.19	6
0.15	0.2	6
0.15	0.21	6
0.15	0.22	6
0.15	0.23	6
0.15	0.24	6
0.15	0.25	6
0.15	0.26	6
0.15	0.27	6
0.15	0.28	6
0.15	0.29	6
0.15	0.3	6
0.15	0.31	6
0.15	0.32	6
0.15	0.33	6
0.15	0.34	6
0.15	0.35	6
0.15	0.36	6
0.15	0.37	6
0.15	0.38	6
0.15	0.39	6
0.15	0.4	6
0.15	0.41	6
0.15	0.42	6
0.15	0.43	6
0.15	0.44	6
0.15	0.45	6
0.15	0.46	6
0.15	0.47	6.00002
0.15	0.48	6.00017
0.15	0.49	6.00113
0.15	0.5	6.00738
0.15	0.51	6.04069
0.15	0.52	6.14789
0.15	0.53	7.32694
0.15	0.54	8.92088
0.15	0.55	8.87706
0.15	0.56	8.80122
0.15	0.57	8.79822
0.15	0.58	8.84717
0.15	0.59	8.91558
0.15	0.6	8.91202
0.15	0.61	8.83604
0.15	0.62	8.81558
0.15	0.63	8.88525
0.15	0.64	8.94373
0.15	0.65	8.95157
0.15	0.66	8.89327
0.15	0.67	8.85989
0.15	0.68	8.86494
0.15	0.69	8.90716
0.15	0.7	8.93283
0.15	0.71	8.92766
0.15	0.72	8.91179
0.15	0.73	8.87743
0.15	0.74	8.87559
0.15	0.75	8.84218
0.15	0.76	8.90997
0.15	0.77	8.90564
0.15	0.78	8.89336
0.15	0.79	8.85001
0.15	0.8	8.80625
0.15	0.81	8.75461
0.15	0.82	8.66758
0.15	0.83	8.5556
0.15	0.84	8.36866
0.15	0.85	8.27041
0.15	0.86	8.22633
0.15	0.87	7.87649
0.15	0.88	7.7968
0.15	0.89	7.9723
0.15	0.9	7.84232
0.15	0.91	7.56328
0.15	0.92	7.68853
0.15	0.93	8.02844
0.15	0.94	7.61557
0.15	0.95	7.36041
0.15	0.96	7.86332
0.15	0.97	7.79357
0.15	0.98	7.79357
0.15	0.99	7.79357


0.16	0	6
0.16	0.01	6
0.16	0.02	6
0.16	0.03	6
0.16	0.04	6
0.16	0.05	6
0.16	0.06	6
0.16	0.07	6
0.16	0.08	6
0.16	0.09	6
0.16	0.1	6
0.16	0.11	6
0.16	0.12	6
0.16	0.13	6
0.16	0.14	6
0.16	0.15	6
0.16	0.16	6
0.16	0.17	6
0.16	0.18	6
0.16	0.19	6
0.16	0.2	6
0.16	0.21	6
0.16	0.22	6
0.16	0.23	6
0.16	0.24	6
0.16	0.25	6
0.16	0.26	6
0.16	0.27	6
0.16	0.28	6
0.16	0.29	6
0.16	0.3	6
0.16	0.31	6
0.16	0.32	6
0.16	0.33	6
0.16	0.34	6
0.16	0.35	6
0.16	0.36	6
0.16	0.37	6
0.16	0.38	6
0.16	0.39	6
0.16	0.4	6
0.16	0.41	6
0.16	0.42	6
0.16	0.43	6
0.16	0.44	6
0.16	0.45	6
0.16	0.46	6
0.16	0.47	6.00001
0.16	0.48	6.0001
0.16	0.49	6.00072
0.16	0.5	6.0038
0.16	0.51	6.02663
0.16	0.52	6.11474
0.16	0.53	6.66199
0.16	0.54	8.66034
0.16	0.55	8.91559
0.16	0.56	8.91049
0.16	0.57	8.88775
0.16	0.58	8.88351
0.16	0.59	8.88355
0.16	0.6	8.88833
0.16	0.61	8.8906
0.16	0.62	8.88257
0.16	0.63	8.86703
0.16	0.64	8.87532
0.16	0.65	8.89858
0.16	0.66	8.8957
0.16	0.67	8.80977
0.16	0.68	8.80812
0.16	0.69	8.86547
0.16	0.7	8.90547
0.16	0.71	8.90562
0.16	0.72	8.86098
0.16	0.73	8.83512
0.16	0.74	8.86546
0.16	0.75	8.8958
0.16	0.76	8.96026
0.16	0.77	8.90784
0.16	0.78	8.89301
0.16	0.79	8.87643
0.16	0.8	8.86765
0.16	0.81	8.87837
0.16	0.82	8.84726
0.16	0.83	8.78741
0.16	0.84	8.68546
0.16	0.85	8.58882
0.16	0.86	8.5053
0.16	0.87	8.2841
0.16	0.88	8.16668
0.16	0.89	8.20591
0.16	0.9	7.84699
0.16	0.91	7.70026
0.16	0.92	7.93891
0.16	0.93	7.9324
0.16	0.94	7.61351
0.16	0.95	7.78129
0.16	0.96	7.94662
0.16	0.97	7.69094
0.16	0.98	7.69094
0.16	0.99	7.69094


0.17	0	6
0.17	0.01	6
0.17	0.02	6
0.17	0.03	6
0.17	0.04	6
0.17	0.05	6
0.17	0.06	6
0.17	0.07	6
0.17	0.08	6
0.17	0.09	6
0.17	0.1	6
0.17	0.11	6
0.17	0.12	6
0.17	0.13	6
0.17	0.14	6
0.17	0.15	6
0.17	0.16	6
0.17	0.17	6
0.17	0.18	6
0.17	0.19	6
0.17	0.2	6
0.17	0.21	6
0.17	0.22	6
0.17	0.23	6
0.17	0.24	6
0.17	0.25	6
0.17	0.26	6
0.17	0.27	6
0.17	0.28	6
0.17	0.29	6
0.17	0.3	6
0.17	0.31	6
0.17	0.32	6
0.17	0.33	6
0.17	0.34	6
0.17	0.35	6
0.17	0.36	6
0.17	0.37	6
0.17	0.38	6
0.17	0.39	6
0.17	0.4	6
0.17	0.41	6
0.17	0.42	6
0.17	0.43	6
0.17	0.44	6
0.17	0.45	6
0.17	0.46	6
0.17	0.47	6.00001
0.17	0.48	6.00006
0.17	0.49	6.00041
0.17	0.5	6.00236
0.17	0.51	6.01588
0.17	0.52	6.07219
0.17	0.53	6.42697
0.17	0.54	8.0332
0.17	0.55	8.881
0.17	0.56	8.90839
0.17	0.57	8.91453
0.17	0.58	8.91305
0.17	0.59	8.89998
0.17	0.6	8.89793
0.17	0.61	8.89072
0.17	0.62	8.89131
0.17	0.63	8.89267
0.17	0.64	8.89873
0.17	0.65	8.89328
0.17	0.66	8.88971
0.17	0.67	8.88421
0.17	0.68	8.88832
0.17	0.69	8.89489
0.17	0.7	8.89966
0.17	0.71	8.89326
0.17	0.72	8.89152
0.17	0.73	8.86293
0.17	0.74	8.85169
0.17	0.75	8.83675
0.17	0.76	8.91407
0.17	0.77	8.89831
0.17	0.78	8.83869
0.17	0.79	8.83959
0.17	0.8	8.84335
0.17	0.81	8.88553
0.17	0.82	8.86922
0.17	0.83	8.84886
0.17	0.84	8.80625
0.17	0.85	8.77587
0.17	0.86	8.74576
0.17	0.87	8.66273
0.17	0.88	8.53516
0.17	0.89	8.44837
0.17	0.9	8.15318
0.17	0.91	8.07381
0.17	0.92	8.14174
0.17	0.93	7.8566
0.17	0.94	7.74206
0.17	0.95	7.9021
0.17	0.96	7.92945
0.17	0.97	7.75317
0.17	0.98	7.75317
0.17	0.99	7.75317


0.18	0	6
0.18	0.01	6
0.18	0.02	6
0.18	0.03	6
0.18	0.04	6
0.18	0.05	6
0.18	0.06	6
0.18	0.07	6
0.18	0.08	6
0.18	0.09	6
0.18	0.1	6
0.18	0.11	6
0.18	0.12	6
0.18	0.13	6
0.18	0.14	6
0.18	0.15	6
0.18	0.16	6
0.18	0.17	6
0.18	0.18	6
0.18	0.19	6
0.18	0.2	6
0.18	0.21	6
0.18	0.22	6
0.18	0.23	6
0.18	0.24	6
0.18	0.25	6
0.18	0.26	6
0.18	0.27	6
0.18	0.28	6
0.18	0.29	6
0.18	0.3	6
0.18	0.31	6
0.18	0.32	6
0.18	0.33	6
0.18	0.34	6
0.18	0.35	6
0.18	0.36	6
0.18	0.37	6
0.18	0.38	6
0.18	0.39	6
0.18	0.4	6
0.18	0.41	6
0.18	0.42	6
0.18	0.43	6
0.18	0.44	6
0.18	0.45	6
0.18	0.46	6
0.18	0.47	6.00001
0.18	0.48	6.00004
0.18	0.49	6.00024
0.18	0.5	6.00136
0.18	0.51	6.01077
0.18	0.52	6.03025
0.18	0.53	6.31846
0.18	0.54	7.46854
0.18	0.55	8.76082
0.18	0.56	8.80897
0.18	0.57	8.87806
0.18	0.58	8.92256
0.18	0.59	8.90851
0.18	0.6	8.89645
0.18	0.61	8.8786
0.18	0.62	8.8883
0.18	0.63	8.89704
0.18	0.64	8.9065
0.18	0.65	8.90065
0.18	0.66	8.89485
0.18	0.67	8.89399
0.18	0.68	8.90059
0.18	0.69	8.90262
0.18	0.7	8.91036
0.18	0.71	8.90573
0.18	0.72	8.89625
0.18	0.73	8.89198
0.18	0.74	8.8833
0.18	0.75	8.86295
0.18	0.76	8.90083
0.18	0.77	8.907
0.18	0.78	8.90003
0.18	0.79	8.89352
0.18	0.8	8.87145
0.18	0.81	8.89989
0.18	0.82	8.89163
0.18	0.83	8.872
0.18	0.84	8.85689
0.18	0.85	8.81901
0.18	0.86	8.81822
0.18	0.87	8.78918
0.18	0.88	8.71732
0.18	0.89	8.63699
0.18	0.9	8.48418
0.18	0.91	8.39311
0.18	0.92	8.37217
0.18	0.93	8.08927
0.18	0.94	8.00237
0.18	0.95	8.10564
0.18	0.96	7.87897
0.18	0.97	7.77338
0.18	0.98	7.77338
0.18	0.99	7.77338


0.19	0	6
0.19	0.01	6
0.19	0.02	6
0.19	0.03	6
0.19	0.04	6
0.19	0.05	6
0.19	0.06	6
0.19	0.07	6
0.19	0.08	6
0.19	0.09	6
0.19	0.1	6
0.19	0.11	6
0.19	0.12	6
0.19	0.13	6
0.19	0.14	6
0.19	0.15	6
0.19	0.16	6
0.19	0.17	6
0.19	0.18	6
0.19	0.19	6
0.19	0.2	6
0.19	0.21	6
0.19	0.22	6
0.19	0.23	6
0.19	0.24	6
0.19	0.25	6
0.19	0.26	6
0.19	0.27	6
0.19	0.28	6
0.19	0.29	6
0.19	0.3	6
0.19	0.31	6
0.19	0.32	6
0.19	0.33	6
0.19	0.34	6
0.19	0.35	6
0.19	0.36	6
0.19	0.37	6
0.19	0.38	6
0.19	0.39	6
0.19	0.4	6
0.19	0.41	6
0.19	0.42	6
0.19	0.43	6
0.19	0.44	6
0.19	0.45	6
0.19	0.46	6
0.19	0.47	6
0.19	0.48	6.00002
0.19	0.49	6.00014
0.19	0.5	6.00092
0.19	0.51	6.00479
0.19	0.52	6.03314
0.19	0.53	6.1273
0.19	0.54	6.85176
0.19	0.55	8.84491
0.19	0.56	8.91149
0.19	0.57	8.88084
0.19	0.58	8.86839
0.19	0.59	8.87456
0.19	0.6	8.89781
0.19	0.61	8.89396
0.19	0.62	8.87833
0.19	0.63	8.87118
0.19	0.64	8.86794
0.19	0.65	8.82686
0.19	0.66	8.81784
0.19	0.67	8.81841
0.19	0.68	8.90025
0.19	0.69	8.92052
0.19	0.7	8.90981
0.19	0.71	8.89628
0.19	0.72	8.87324
0.19	0.73	8.88678
0.19	0.74	8.89626
0.19	0.75	8.88758
0.19	0.76	8.90788
0.19	0.77	8.91291
0.19	0.78	8.90777
0.19	0.79	8.8997
0.19	0.8	8.88081
0.19	0.81	8.90318
0.19	0.82	8.90799
0.19	0.83	8.90448
0.19	0.84	8.90031
0.19	0.85	8.8588
0.19	0.86	8.87819
0.19	0.87	8.86914
0.19	0.88	8.83606
0.19	0.89	8.79288
0.19	0.9	8.74925
0.19	0.91	8.6875
0.19	0.92	8.59978
0.19	0.93	8.4393
0.19	0.94	8.34617
0.19	0.95	8.23682
0.19	0.96	8.15423
0.19	0.97	7.94961
0.19	0.98	7.94961
0.19	0.99	7.94961


0.2	0	6
0.2	0.01	6
0.2	0.02	6
0.2	0.03	6
0.2	0.04	6
0.2	0.05	6
0.2	0.06	6
0.2	0.07	6
0.2	0.08	6
0.2	0.09	6
0.2	0.1	6
0.2	0.11	6
0.2	0.12	6
0.2	0.13	6
0.2	0.14	6
0.2	0.15	6
0.2	0.16	6
0.2	0.17	6
0.2	0.18	6
0.2	0.19	6
0.2	0.2	6
0.2	0.21	6
0.2	0.22	6
0.2	0.23	6
0.2	0.24	6
0.2	0.25	6
0.2	0.26	6
0.2	0.27	6
0.2	0.28	6
0.2	0.29	6
0.2	0.3	6
0.2	0.31	6
0.2	0.32	6
0.2	0.33	6
0.2	0.34	6
0.2	0.35	6
0.2	0.36	6
0.2	0.37	6
0.2	0.38	6
0.2	0.39	6
0.2	0.4	6
0.2	0.41	6
0.2	0.42	6
0.2	0.43	6
0.2	0.44	6
0.2	0.45	6
0.2	0.46	6
0.2	0.47	6
0.2	0.48	6.00001
0.2	0.49	6.00009
0.2	0.5	6.00054
0.2	0.51	6.00293
0.2	0.52	6.01953
0.2	0.53	6.08915
0.2	0.54	6.4895
0.2	0.55	8.30612
0.2	0.56	8.90912
0.2	0.57	8.91966
0.2	0.58	8.91394
0.2	0.59	8.90216
0.2	0.6	8.88871
0.2	0.61	8.88058
0.2	0.62	8.88299
0.2	0.63	8.89027
0.2	0.64	8.89162
0.2	0.65	8.89027
0.2	0.66	8.8888
0.2	0.67	8.88216
0.2	0.68	8.87993
0.2	0.69	8.88703
0.2	0.7	8.89943
0.2	0.71	8.89642
0.2	0.72	8.8748
0.2	0.73	8.86033
0.2	0.74	8.85427
0.2	0.75	8.85332
0.2	0.76	8.84777
0.2	0.77	8.85016
0.2	0.78	8.85059
0.2	0.79	8.88868
0.2	0.8	8.89874
0.2	0.81	8.90462
0.2	0.82	8.89431
0.2	0.83	8.89349
0.2	0.84	8.90533
0.2	0.85	8.87413
0.2	0.86	8.91047
0.2	0.87	8.90373
0.2	0.88	8.88825
0.2	0.89	8.84022
0.2	0.9	8.83267
0.2	0.91	8.81621
0.2	0.92	8.77826
0.2	0.93	8.71156
0.2	0.94	8.60727
0.2	0.95	8.55997
0.2	0.96	8.50627
0.2	0.97	8.18385
0.2	0.98	8.18385
0.2	0.99	8.18385


0.21	0	6
0.21	0.01	6
0.21	0.02	6
0.21	0.03	6
0.21	0.04	6
0.21	0.05	6
0.21	0.06	6
0.21	0.07	6
0.21	0.08	6
0.21	0.09	6
0.21	0.1	6
0.21	0.11	6
0.21	0.12	6
0.21	0.13	6
0.21	0.14	6
0.21	0.15	6
0.21	0.16	6
0.21	0.17	6
0.21	0.18	6
0.21	0.19	6
0.21	0.2	6
0.21	0.21	6
0.21	0.22	6
0.21	0.23	6
0.21	0.24	6
0.21	0.25	6
0.21	0.26	6
0.21	0.27	6
0.21	0.28	6
0.21	0.29	6
0.21	0.3	6
0.21	0.31	6
0.21	0.32	6
0.21	0.33	6
0.21	0.34	6
0.21	0.35	6
0.21	0.36	6
0.21	0.37	6
0.21	0.38	6
0.21	0.39	6
0.21	0.4	6
0.21	0.41	6
0.21	0.42	6
0.21	0.43	6
0.21	0.44	6
0.21	0.45	6
0.21	0.46	6
0.21	0.47	6
0.21	0.48	6.00001
0.21	0.49	6.00005
0.21	0.5	6.00031
0.21	0.51	6.00177
0.21	0.52	6.01245
0.21	0.53	6.04269
0.21	0.54	6.42534
0.21	0.55	7.50076
0.21	0.56	8.88587
0.21	0.57	8.9034
0.21	0.58	8.91199
0.21	0.59	8.91471
0.21	0.6	8.90792
0.21	0.61	8.89806
0.21	0.62	8.8864
0.21	0.63	8.89042
0.21	0.64	8.89341
0.21	0.65	8.8996
0.21	0.66	8.89869
0.21	0.67	8.90142
0.21	0.68	8.90509
0.21	0.69	8.90378
0.21	0.7	8.90498
0.21	0.71	8.89544
0.21	0.72	8.89465
0.21	0.73	8.87869
0.21	0.74	8.86967
0.21	0.75	8.87061
0.21	0.76	8.9066
0.21	0.77	8.90374
0.21	0.78	8.8933
0.21	0.79	8.88182
0.21	0.8	8.87369
0.21	0.81	8.89122
0.21	0.82	8.88695
0.21	0.83	8.87731
0.21	0.84	8.87121
0.21	0.85	8.84569
0.21	0.86	8.86046
0.21	0.87	8.85597
0.21	0.88	8.84758
0.21	0.89	8.82505
0.21	0.9	8.86434
0.21	0.91	8.86278
0.21	0.92	8.85239
0.21	0.93	8.81965
0.21	0.94	8.73232
0.21	0.95	8.81251
0.21	0.96	8.7899
0.21	0.97	8.39536
0.21	0.98	8.39536
0.21	0.99	8.39536


0.22	0	6
0.22	0.01	6
0.22	0.02	6
0.22	0.03	6
0.22	0.04	6
0.22	0.05	6
0.22	0.06	6
0.22	0.07	6
0.22	0.08	6
0.22	0.09	6
0.22	0.1	6
0.22	0.11	6
0.22	0.12	6
0.22	0.13	6
0.22	0.14	6
0.22	0.15	6
0.22	0.16	6
0.22	0.17	6
0.22	0.18	6
0.22	0.19	6
0.22	0.2	6
0.22	0.21	6
0.22	0.22	6
0.22	0.23	6
0.22	0.24	6
0.22	0.25	6
0.22	0.26	6
0.22	0.27	6
0.22	0.28	6
0.22	0.29	6
0.22	0.3	6
0.22	0.31	6
0.22	0.32	6
0.22	0.33	6
0.22	0.34	6
0.22	0.35	6
0.22	0.36	6
0.22	0.37	6
0.22	0.38	6
0.22	0.39	6
0.22	0.4	6
0.22	0.41	6
0.22	0.42	6
0.22	0.43	6
0.22	0.44	6
0.22	0.45	6
0.22	0.46	6
0.22	0.47	6
0.22	0.48	6
0.22	0.49	6.00003
0.22	0.5	6.00019
0.22	0.51	6.00112
0.22	0.52	6.00629
0.22	0.53	6.03961
0.22	0.54	6.1364
0.22	0.55	7.16019
0.22	0.56	8.89006
0.22	0.57	8.88886
0.22	0.58	8.90116
0.22	0.59	8.87805
0.22	0.6	8.85512
0.22	0.61	8.8375
0.22	0.62	8.84234
0.22	0.63	8.84647
0.22	0.64	8.84898
0.22	0.65	8.84858
0.22	0.66	8.88206
0.22	0.67	8.89867
0.22	0.68	8.92795
0.22	0.69	8.91924
0.22	0.7	8.91272
0.22	0.71	8.90193
0.22	0.72	8.87927
0.22	0.73	8.88315
0.22	0.74	8.88433
0.22	0.75	8.89165
0.22	0.76	8.91473
0.22	0.77	8.91541
0.22	0.78	8.909
0.22	0.79	8.89111
0.22	0.8	8.89185
0.22	0.81	8.90545
0.22	0.82	8.89961
0.22	0.83	8.89016
0.22	0.84	8.88421
0.22	0.85	8.86723
0.22	0.86	8.8997
0.22	0.87	8.89594
0.22	0.88	8.88556
0.22	0.89	8.84731
0.22	0.9	8.87652
0.22	0.91	8.87206
0.22	0.92	8.86743
0.22	0.93	8.85054
0.22	0.94	8.75084
0.22	0.95	8.91894
0.22	0.96	8.89855
0.22	0.97	8.49799
0.22	0.98	8.49799
0.22	0.99	8.49799


0.23	0	6
0.23	0.01	6
0.23	0.02	6
0.23	0.03	6
0.23	0.04	6
0.23	0.05	6
0.23	0.06	6
0.23	0.07	6
0.23	0.08	6
0.23	0.09	6
0.23	0.1	6
0.23	0.11	6
0.23	0.12	6
0.23	0.13	6
0.23	0.14	6
0.23	0.15	6
0.23	0.16	6
0.23	0.17	6
0.23	0.18	6
0.23	0.19	6
0.23	0.2	6
0.23	0.21	6
0.23	0.22	6
0.23	0.23	6
0.23	0.24	6
0.23	0.25	6
0.23	0.26	6
0.23	0.27	6
0.23	0.28	6
0.23	0.29	6
0.23	0.3	6
0.23	0.31	6
0.23	0.32	6
0.23	0.33	6
0.23	0.34	6
0.23	0.35	6
0.23	0.36	6
0.23	0.37	6
0.23	0.38	6
0.23	0.39	6
0.23	0.4	6
0.23	0.41	6
0.23	0.42	6
0.23	0.43	6
0.23	0.44	6
0.23	0.45	6
0.23	0.46	6
0.23	0.47	6
0.23	0.48	6
0.23	0.49	6.00002
0.23	0.5	6.00011
0.23	0.51	6.00069
0.23	0.52	6.00356
0.23	0.53	6.02422
0.23	0.54	6.10655
0.23	0.55	6.59273
0.23	0.56	8.56064
0.23	0.57	8.91523
0.23	0.58	8.91139
0.23	0.59	8.90264
0.23	0.6	8.87782
0.23	0.61	8.87334
0.23	0.62	8.87688
0.23	0.63	8.89587
0.23	0.64	8.89543
0.23	0.65	8.88124
0.23	0.66	8.87538
0.23	0.67	8.87684
0.23	0.68	8.88743
0.23	0.69	8.90413
0.23	0.7	8.89507
0.23	0.71	8.86575
0.23	0.72	8.83429
0.23	0.73	8.82267
0.23	0.74	8.83414
0.23	0.75	8.85
0.23	0.76	8.87583
0.23	0.77	8.90841
0.23	0.78	8.91969
0.23	0.79	8.91331
0.23	0.8	8.9034
0.23	0.81	8.90018
0.23	0.82	8.90074
0.23	0.83	8.89645
0.23	0.84	8.89161
0.23	0.85	8.88571
0.23	0.86	8.90748
0.23	0.87	8.90667
0.23	0.88	8.8939
0.23	0.89	8.8651
0.23	0.9	8.89535
0.23	0.91	8.89388
0.23	0.92	8.88794
0.23	0.93	8.88335
0.23	0.94	8.80637
0.23	0.95	8.98614
0.23	0.96	8.96729
0.23	0.97	8.60849
0.23	0.98	8.60849
0.23	0.99	8.60849


0.24	0	6
0.24	0.01	6
0.24	0.02	6
0.24	0.03	6
0.24	0.04	6
0.24	0.05	6
0.24	0.06	6
0.24	0.07	6
0.24	0.08	6
0.24	0.09	6
0.24	0.1	6
0.24	0.11	6
0.24	0.12	6
0.24	0.13	6
0.24	0.14	6
0.24	0.15	6
0.24	0.16	6
0.24	0.17	6
0.24	0.18	6
0.24	0.19	6
0.24	0.2	6
0.24	0.21	6
0.24	0.22	6
0.24	0.23	6
0.24	0.24	6
0.24	0.25	6
0.24	0.26	6
0.24	0.27	6
0.24	0.28	6
0.24	0.29	6
0.24	0.3	6
0.24	0.31	6
0.24	0.32	6
0.24	0.33	6
0.24	0.34	6
0.24	0.35	6
0.24	0.36	6
0.24	0.37	6
0.24	0.38	6
0.24	0.39	6
0.24	0.4	6
0.24	0.41	6
0.24	0.42	6
0.24	0.43	6
0.24	0.44	6
0.24	0.45	6
0.24	0.46	6
0.24	0.47	6
0.24	0.48	6
0.24	0.49	6.00001
0.24	0.5	6.00007
0.24	0.51	6.00039
0.24	0.52	6.00221
0.24	0.53	6.01454
0.24	0.54	6.06364
0.24	0.55	6.41268
0.24	0.56	7.87799
0.24	0.57	8.8976
0.24	0.58	8.90276
0.24	0.59	8.91151
0.24	0.6	8.90401
0.24	0.61	8.89985
0.24	0.62	8.88892
0.24	0.63	8.89114
0.24	0.64	8.89217
0.24	0.65	8.89492
0.24	0.66	8.89506
0.24	0.67	8.89993
0.24	0.68	8.90348
0.24	0.69	8.90097
0.24	0.7	8.89948
0.24	0.71	8.88723
0.24	0.72	8.87592
0.24	0.73	8.87964
0.24	0.74	8.87938
0.24	0.75	8.89143
0.24	0.76	8.88817
0.24	0.77	8.88945
0.24	0.78	8.8796
0.24	0.79	8.88441
0.24	0.8	8.88465
0.24	0.81	8.88595
0.24	0.82	8.86027
0.24	0.83	8.84641
0.24	0.84	8.83456
0.24	0.85	8.84518
0.24	0.86	8.865
0.24	0.87	8.88564
0.24	0.88	8.88312
0.24	0.89	8.88502
0.24	0.9	8.9109
0.24	0.91	8.90151
0.24	0.92	8.89134
0.24	0.93	8.88685
0.24	0.94	8.85653
0.24	0.95	9.00211
0.24	0.96	8.96625
0.24	0.97	8.65944
0.24	0.98	8.65944
0.24	0.99	8.65944


0.25	0	6
0.25	0.01	6
0.25	0.02	6
0.25	0.03	6
0.25	0.04	6
0.25	0.05	6
0.25	0.06	6
0.25	0.07	6
0.25	0.08	6
0.25	0.09	6
0.25	0.1	6
0.25	0.11	6
0.25	0.12	6
0.25	0.13	6
0.25	0.14	6
0.25	0.15	6
0.25	0.16	6
0.25	0.17	6
0.25	0.18	6
0.25	0.19	6
0.25	0.2	6
0.25	0.21	6
0.25	0.22	6
0.25	0.23	6
0.25	0.24	6
0.25	0.25	6
0.25	0.26	6
0.25	0.27	6
0.25	0.28	6
0.25	0.29	6
0.25	0.3	6
0.25	0.31	6
0.25	0.32	6
0.25	0.33	6
0.25	0.34	6
0.25	0.35	6
0.25	0.36	6
0.25	0.37	6
0.25	0.38	6
0.25	0.39	6
0.25	0.4	6
0.25	0.41	6
0.25	0.42	6
0.25	0.43	6
0.25	0.44	6
0.25	0.45	6
0.25	0.46	6
0.25	0.47	6
0.25	0.48	6
0.25	0.49	6.00001
0.25	0.5	6.00004
0.25	0.51	6.00023
0.25	0.52	6.0013
0.25	0.53	6.00918
0.25	0.54	6.0364
0.25	0.55	6.20154
0.25	0.56	7.49237
0.25	0.57	8.83013
0.25	0.58	8.82404
0.25	0.59	8.82114
0.25	0.6	8.82965
0.25	0.61	8.84707
0.25	0.62	8.8942
0.25	0.63	8.90158
0.25	0.64	8.89661
0.25	0.65	8.89267
0.25	0.66	8.8966
0.25	0.67	8.90349
0.25	0.68	8.91771
0.25	0.69	8.91491
0.25	0.7	8.91225
0.25	0.71	8.89294
0.25	0.72	8.88156
0.25	0.73	8.88227
0.25	0.74	8.88141
0.25	0.75	8.90927
0.25	0.76	8.9071
0.25	0.77	8.90304
0.25	0.78	8.89614
0.25	0.79	8.90043
0.25	0.8	8.89718
0.25	0.81	8.88967
0.25	0.82	8.88837
0.25	0.83	8.88188
0.25	0.84	8.8877
0.25	0.85	8.88344
0.25	0.86	8.89663
0.25	0.87	8.88152
0.25	0.88	8.86292
0.25	0.89	8.8511
0.25	0.9	8.8826
0.25	0.91	8.87475
0.25	0.92	8.8608
0.25	0.93	8.84787
0.25	0.94	8.83288
0.25	0.95	8.95455
0.25	0.96	8.89795
0.25	0.97	8.65477
0.25	0.98	8.65477
0.25	0.99	8.65477


0.26	0	6
0.26	0.01	6
0.26	0.02	6
0.26	0.03	6
0.26	0.04	6
0.26	0.05	6
0.26	0.06	6
0.26	0.07	6
0.26	0.08	6
0.26	0.09	6
0.26	0.1	6
0.26	0.11	6
0.26	0.12	6
0.26	0.13	6
0.26	0.14	6
0.26	0.15	6
0.26	0.16	6
0.26	0.17	6
0.26	0.18	6
0.26	0.19	6
0.26	0.2	6
0.26	0.21	6
0.26	0.22	6
0.26	0.23	6
0.26	0.24	6
0.26	0.25	6
0.26	0.26	6
0.26	0.27	6
0.26	0.28	6
0.26	0.29	6
0.26	0.3	6
0.26	0.31	6
0.26	0.32	6
0.26	0.33	6
0.26	0.34	6
0.26	0.35	6
0.26	0.36	6
0.26	0.37	6
0.26	0.38	6
0.26	0.39	6
0.26	0.4	6
0.26	0.41	6
0.26	0.42	6
0.26	0.43	6
0.26	0.44	6
0.26	0.45	6
0.26	0.46	6
0.26	0.47	6
0.26	0.48	6
0.26	0.49	6
0.26	0.5	6.00002
0.26	0.51	6.00014
0.26	0.52	6.00086
0.26	0.53	6.00434
0.26	0.54	6.03011
0.26	0.55	6.12164
0.26	0.56	6.75794
0.26	0.57	8.76098
0.26	0.58	8.90865
0.26	0.59	8.90065
0.26	0.6	8.8736
0.26	0.61	8.86905
0.26	0.62	8.87247
0.26	0.63	8.87874
0.26	0.64	8.89044
0.26	0.65	8.89446
0.26	0.66	8.89096
0.26	0.67	8.8778
0.26	0.68	8.8507
0.26	0.69	8.84517
0.26	0.7	8.85201
0.26	0.71	8.84765
0.26	0.72	8.84483
0.26	0.73	8.87367
0.26	0.74	8.88435
0.26	0.75	8.90376
0.26	0.76	8.92296
0.26	0.77	8.91522
0.26	0.78	8.90414
0.26	0.79	8.90858
0.26	0.8	8.90395
0.26	0.81	8.90002
0.26	0.82	8.89268
0.26	0.83	8.89298
0.26	0.84	8.89781
0.26	0.85	8.89525
0.26	0.86	8.90391
0.26	0.87	8.89326
0.26	0.88	8.8728
0.26	0.89	8.87882
0.26	0.9	8.90255
0.26	0.91	8.88837
0.26	0.92	8.86952
0.26	0.93	8.87478
0.26	0.94	8.89407
0.26	0.95	8.98139
0.26	0.96	8.89785
0.26	0.97	8.66849
0.26	0.98	8.66849
0.26	0.99	8.66849


0.27	0	6
0.27	0.01	6
0.27	0.02	6
0.27	0.03	6
0.27	0.04	6
0.27	0.05	6
0.27	0.06	6
0.27	0.07	6
0.27	0.08	6
0.27	0.09	6
0.27	0.1	6
0.27	0.11	6
0.27	0.12	6
0.27	0.13	6
0.27	0.14	6
0.27	0.15	6
0.27	0.16	6
0.27	0.17	6
0.27	0.18	6
0.27	0.19	6
0.27	0.2	6
0.27	0.21	6
0.27	0.22	6
0.27	0.23	6
0.27	0.24	6
0.27	0.25	6
0.27	0.26	6
0.27	0.27	6
0.27	0.28	6
0.27	0.29	6
0.27	0.3	6
0.27	0.31	6
0.27	0.32	6
0.27	0.33	6
0.27	0.34	6
0.27	0.35	6
0.27	0.36	6
0.27	0.37	6
0.27	0.38	6
0.27	0.39	6
0.27	0.4	6
0.27	0.41	6
0.27	0.42	6
0.27	0.43	6
0.27	0.44	6
0.27	0.45	6
0.27	0.46	6
0.27	0.47	6
0.27	0.48	6
0.27	0.49	6
0.27	0.5	6.00001
0.27	0.51	6.00008
0.27	0.52	6.0005
0.27	0.53	6.0027
0.27	0.54	6.01783
0.27	0.55	6.08055
0.27	0.56	6.4587
0.27	0.57	8.18352
0.27	0.58	8.89434
0.27	0.59	8.90982
0.27	0.6	8.90482
0.27	0.61	8.90056
0.27	0.62	8.8943
0.27	0.63	8.88614
0.27	0.64	8.88532
0.27	0.65	8.88771
0.27	0.66	8.89205
0.27	0.67	8.90387
0.27	0.68	8.90066
0.27	0.69	8.89653
0.27	0.7	8.88891
0.27	0.71	8.88398
0.27	0.72	8.87708
0.27	0.73	8.86814
0.27	0.74	8.87172
0.27	0.75	8.87972
0.27	0.76	8.8983
0.27	0.77	8.89506
0.27	0.78	8.87789
0.27	0.79	8.84886
0.27	0.8	8.84478
0.27	0.81	8.84702
0.27	0.82	8.85841
0.27	0.83	8.85608
0.27	0.84	8.88779
0.27	0.85	8.89986
0.27	0.86	8.91355
0.27	0.87	8.90684
0.27	0.88	8.88328
0.27	0.89	8.88756
0.27	0.9	8.9065
0.27	0.91	8.89571
0.27	0.92	8.8804
0.27	0.93	8.8844
0.27	0.94	8.91642
0.27	0.95	8.98277
0.27	0.96	8.87939
0.27	0.97	8.68452
0.27	0.98	8.68452
0.27	0.99	8.68452


0.28	0	6
0.28	0.01	6
0.28	0.02	6
0.28	0.03	6
0.28	0.04	6
0.28	0.05	6
0.28	0.06	6
0.28	0.07	6
0.28	0.08	6
0.28	0.09	6
0.28	0.1	6
0.28	0.11	6
0.28	0.12	6
0.28	0.13	6
0.28	0.14	6
0.28	0.15	6
0.28	0.16	6
0.28	0.17	6
0.28	0.18	6
0.28	0.19	6
0.28	0.2	6
0.28	0.21	6
0.28	0.22	6
0.28	0.23	6
0.28	0.24	6
0.28	0.25	6
0.28	0.26	6
0.28	0.27	6
0.28	0.28	6
0.28	0.29	6
0.28	0.3	6
0.28	0.31	6
0.28	0.32	6
0.28	0.33	6
0.28	0.34	6
0.28	0.35	6
0.28	0.36	6
0.28	0.37	6
0.28	0.38	6
0.28	0.39	6
0.28	0.4	6
0.28	0.41	6
0.28	0.42	6
0.28	0.43	6
0.28	0.44	6
0.28	0.45	6
0.28	0.46	6
0.28	0.47	6
0.28	0.48	6
0.28	0.49	6
0.28	0.5	6.00001
0.28	0.51	6.00005
0.28	0.52	6.00029
0.28	0.53	6.00161
0.28	0.54	6.01159
0.28	0.55	6.03559
0.28	0.56	6.40092
0.28	0.57	7.43006
0.28	0.58	8.84019
0.28	0.59	8.87847
0.28	0.6	8.8854
0.28	0.61	8.89449
0.28	0.62	8.90639
0.28	0.63	8.90466
0.28	0.64	8.89848
0.28	0.65	8.89203
0.28	0.66	8.89398
0.28	0.67	8.89999
0.28	0.68	8.91135
0.28	0.69	8.91104
0.28	0.7	8.9093
0.28	0.71	8.89184
0.28	0.72	8.88259
0.28	0.73	8.88226
0.28	0.74	8.88512
0.28	0.75	8.90195
0.28	0.76	8.90588
0.28	0.77	8.9056
0.28	0.78	8.88747
0.28	0.79	8.88608
0.28	0.8	8.88723
0.28	0.81	8.8945
0.28	0.82	8.89523
0.28	0.83	8.88121
0.28	0.84	8.87156
0.28	0.85	8.87413
0.28	0.86	8.88093
0.28	0.87	8.87734
0.28	0.88	8.86912
0.28	0.89	8.85158
0.28	0.9	8.84287
0.28	0.91	8.84767
0.28	0.92	8.84394
0.28	0.93	8.85318
0.28	0.94	8.89626
0.28	0.95	8.966
0.28	0.96	8.86082
0.28	0.97	8.7011
0.28	0.98	8.7011
0.28	0.99	8.7011


0.29	0	6
0.29	0.01	6
0.29	0.02	6
0.29	0.03	6
0.29	0.04	6
0.29	0.05	6
0.29	0.06	6
0.29	0.07	6
0.29	0.08	6
0.29	0.09	6
0.29	0.1	6
0.29	0.11	6
0.29	0.12	6
0.29	0.13	6
0.29	0.14	6
0.29	0.15	6
0.29	0.16	6
0.29	0.17	6
0.29	0.18	6
0.29	0.19	6
0.29	0.2	6
0.29	0.21	6
0.29	0.22	6
0.29	0.23	6
0.29	0.24	6
0.29	0.25	6
0.29	0.26	6
0.29	0.27	6
0.29	0.28	6
0.29	0.29	6
0.29	0.3	6
0.29	0.31	6
0.29	0.32	6
0.29	0.33	6
0.29	0.34	6
0.29	0.35	6
0.29	0.36	6
0.29	0.37	6
0.29	0.38	6
0.29	0.39	6
0.29	0.4	6
0.29	0.41	6
0.29	0.42	6
0.29	0.43	6
0.29	0.44	6
0.29	0.45	6
0.29	0.46	6
0.29	0.47	6
0.29	0.48	6
0.29	0.49	6
0.29	0.5	6.00001
0.29	0.51	6.00003
0.29	0.52	6.00017
0.29	0.53	6.00105
0.29	0.54	6.0055
0.29	0.55	6.03702
0.29	0.56	6.1314
0.29	0.57	7.01312
0.29	0.58	8.87451
0.29	0.59	8.88556
0.29	0.6	8.86985
0.29	0.61	8.87289
0.29	0.62	8.88739
0.29	0.63	8.89134
0.29	0.64	8.85763
0.29	0.65	8.84512
0.29	0.66	8.84512
0.29	0.67	8.8435
0.29	0.68	8.86091
0.29	0.69	8.88049
0.29	0.7	8.8983
0.29	0.71	8.89638
0.29	0.72	8.88868
0.29	0.73	8.88702
0.29	0.74	8.88983
0.29	0.75	8.90361
0.29	0.76	8.91417
0.29	0.77	8.91314
0.29	0.78	8.89877
0.29	0.79	8.89781
0.29	0.8	8.89862
0.29	0.81	8.90302
0.29	0.82	8.90327
0.29	0.83	8.89661
0.29	0.84	8.88833
0.29	0.85	8.89104
0.29	0.86	8.89488
0.29	0.87	8.88909
0.29	0.88	8.87791
0.29	0.89	8.87598
0.29	0.9	8.87907
0.29	0.91	8.88519
0.29	0.92	8.88176
0.29	0.93	8.8834
0.29	0.94	8.91789
0.29	0.95	8.93418
0.29	0.96	8.80885
0.29	0.97	8.67163
0.29	0.98	8.67163
0.29	0.99	8.67163


0.3	0	6
0.3	0.01	6
0.3	0.02	6
0.3	0.03	6
0.3	0.04	6
0.3	0.05	6
0.3	0.06	6
0.3	0.07	6
0.3	0.08	6
0.3	0.09	6
0.3	0.1	6
0.3	0.11	6
0.3	0.12	6
0.3	0.13	6
0.3	0.14	6
0.3	0.15	6
0.3	0.16	6
0.3	0.17	6
0.3	0.18	6
0.3	0.19	6
0.3	0.2	6
0.3	0.21	6
0.3	0.22	6
0.3	0.23	6
0.3	0.24	6
0.3	0.25	6
0.3	0.26	6
0.3	0.27	6
0.3	0.28	6
0.3	0.29	6
0.3	0.3	6
0.3	0.31	6
0.3	0.32	6
0.3	0.33	6
0.3	0.34	6
0.3	0.35	6
0.3	0.36	6
0.3	0.37	6
0.3	0.38	6
0.3	0.39	6
0.3	0.4	6
0.3	0.41	6
0.3	0.42	6
0.3	0.43	6
0.3	0.44	6
0.3	0.45	6
0.3	0.46	6
0.3	0.47	6
0.3	0.48	6
0.3	0.49	6
0.3	0.5	6
0.3	0.51	6.00002
0.3	0.52	6.0001
0.3	0.53	6.00062
0.3	0.54	6.00327
0.3	0.55	6.02198
0.3	0.56	6.09912
0.3	0.57	6.53773
0.3	0.58	8.45405
0.3	0.59	8.90361
0.3	0.6	8.90202
0.3	0.61	8.89707
0.3	0.62	8.88966
0.3	0.63	8.87872
0.3	0.64	8.87866
0.3	0.65	8.88616
0.3	0.66	8.89497
0.3	0.67	8.90026
0.3	0.68	8.89444
0.3	0.69	8.89074
0.3	0.7	8.88142
0.3	0.71	8.87085
0.3	0.72	8.87497
0.3	0.73	8.87387
0.3	0.74	8.88495
0.3	0.75	8.86864
0.3	0.76	8.85253
0.3	0.77	8.8536
0.3	0.78	8.85165
0.3	0.79	8.85472
0.3	0.8	8.88332
0.3	0.81	8.90218
0.3	0.82	8.90424
0.3	0.83	8.89599
0.3	0.84	8.89385
0.3	0.85	8.89977
0.3	0.86	8.9031
0.3	0.87	8.89693
0.3	0.88	8.88553
0.3	0.89	8.88558
0.3	0.9	8.89081
0.3	0.91	8.89586
0.3	0.92	8.89404
0.3	0.93	8.90214
0.3	0.94	8.93088
0.3	0.95	8.94069
0.3	0.96	8.80748
0.3	0.97	8.68775
0.3	0.98	8.68775
0.3	0.99	8.68775


0.31	0	6
0.31	0.01	6
0.31	0.02	6
0.31	0.03	6
0.31	0.04	6
0.31	0.05	6
0.31	0.06	6
0.31	0.07	6
0.31	0.08	6
0.31	0.09	6
0.31	0.1	6
0.31	0.11	6
0.31	0.12	6
0.31	0.13	6
0.31	0.14	6
0.31	0.15	6
0.31	0.16	6
0.31	0.17	6
0.31	0.18	6
0.31	0.19	6
0.31	0.2	6
0.31	0.21	6
0.31	0.22	6
0.31	0.23	6
0.31	0.24	6
0.31	0.25	6
0.31	0.26	6
0.31	0.27	6
0.31	0.28	6
0.31	0.29	6
0.31	0.3	6
0.31	0.31	6
0.31	0.32	6
0.31	0.33	6
0.31	0.34	6
0.31	0.35	6
0.31	0.36	6
0.31	0.37	6
0.31	0.38	6
0.31	0.39	6
0.31	0.4	6
0.31	0.41	6
0.31	0.42	6
0.31	0.43	6
0.31	0.44	6
0.31	0.45	6
0.31	0.46	6
0.31	0.47	6
0.31	0.48	6
0.31	0.49	6
0.31	0.5	6
0.31	0.51	6.00001
0.31	0.52	6.00006
0.31	0.53	6.00036
0.31	0.54	6.00201
0.31	0.55	6.01352
0.31	0.56	6.05453
0.31	0.57	6.40908
0.31	0.58	7.72454
0.31	0.59	8.87247
0.31	0.6	8.88177
0.31	0.61	8.89939
0.31	0.62	8.9114
0.31	0.63	8.91209
0.31	0.64	8.90041
0.31	0.65	8.89081
0.31	0.66	8.89045
0.31	0.67	8.90471
0.31	0.68	8.9126
0.31	0.69	8.91013
0.31	0.7	8.90193
0.31	0.71	8.88555
0.31	0.72	8.87632
0.31	0.73	8.87652
0.31	0.74	8.88474
0.31	0.75	8.90139
0.31	0.76	8.90156
0.31	0.77	8.8963
0.31	0.78	8.88864
0.31	0.79	8.88418
0.31	0.8	8.88262
0.31	0.81	8.88264
0.31	0.82	8.88023
0.31	0.83	8.87879
0.31	0.84	8.87911
0.31	0.85	8.87847
0.31	0.86	8.85698
0.31	0.87	8.84521
0.31	0.88	8.84068
0.31	0.89	8.84676
0.31	0.9	8.85496
0.31	0.91	8.87581
0.31	0.92	8.89596
0.31	0.93	8.91313
0.31	0.94	8.93884
0.31	0.95	8.93351
0.31	0.96	8.79612
0.31	0.97	8.69735
0.31	0.98	8.69735
0.31	0.99	8.69735


0.32	0	6
0.32	0.01	6
0.32	0.02	6
0.32	0.03	6
0.32	0.04	6
0.32	0.05	6
0.32	0.06	6
0.32	0.07	6
0.32	0.08	6
0.32	0.09	6
0.32	0.1	6
0.32	0.11	6
0.32	0.12	6
0.32	0.13	6
0.32	0.14	6
0.32	0.15	6
0.32	0.16	6
0.32	0.17	6
0.32	0.18	6
0.32	0.19	6
0.32	0.2	6
0.32	0.21	6
0.32	0.22	6
0.32	0.23	6
0.32	0.24	6
0.32	0.25	6
0.32	0.26	6
0.32	0.27	6
0.32	0.28	6
0.32	0.29	6
0.32	0.3	6
0.32	0.31	6
0.32	0.32	6
0.32	0.33	6
0.32	0.34	6
0.32	0.35	6
0.32	0.36	6
0.32	0.37	6
0.32	0.38	6
0.32	0.39	6
0.32	0.4	6
0.32	0.41	6
0.32	0.42	6
0.32	0.43	6
0.32	0.44	6
0.32	0.45	6
0.32	0.46	6
0.32	0.47	6
0.32	0.48	6
0.32	0.49	6
0.32	0.5	6
0.32	0.51	6.00001
0.32	0.52	6.00004
0.32	0.53	6.00021
0.32	0.54	6.00124
0.32	0.55	6.00758
0.32	0.56	6.04171
0.32	0.57	6.15107
0.32	0.58	7.3399
0.32	0.59	8.90518
0.32	0.6	8.85565
0.32	0.61	8.83346
0.32	0.62	8.82522
0.32	0.63	8.83822
0.32	0.64	8.84141
0.32	0.65	8.86436
0.32	0.66	8.89007
0.32	0.67	8.90063
0.32	0.68	8.90662
0.32	0.69	8.90409
0.32	0.7	8.89831
0.32	0.71	8.88718
0.32	0.72	8.88999
0.32	0.73	8.89142
0.32	0.74	8.90329
0.32	0.75	8.90652
0.32	0.76	8.9097
0.32	0.77	8.90534
0.32	0.78	8.90381
0.32	0.79	8.89922
0.32	0.8	8.89976
0.32	0.81	8.89805
0.32	0.82	8.89215
0.32	0.83	8.88922
0.32	0.84	8.88391
0.32	0.85	8.89103
0.32	0.86	8.88727
0.32	0.87	8.88435
0.32	0.88	8.87477
0.32	0.89	8.87578
0.32	0.9	8.87693
0.32	0.91	8.87516
0.32	0.92	8.87469
0.32	0.93	8.89257
0.32	0.94	8.91092
0.32	0.95	8.89519
0.32	0.96	8.76023
0.32	0.97	8.65473
0.32	0.98	8.65473
0.32	0.99	8.65473


0.33	0	6
0.33	0.01	6
0.33	0.02	6
0.33	0.03	6
0.33	0.04	6
0.33	0.05	6
0.33	0.06	6
0.33	0.07	6
0.33	0.08	6
0.33	0.09	6
0.33	0.1	6
0.33	0.11	6
0.33	0.12	6
0.33	0.13	6
0.33	0.14	6
0.33	0.15	6
0.33	0.16	6
0.33	0.17	6
0.33	0.18	6
0.33	0.19	6
0.33	0.2	6
0.33	0.21	6
0.33	0.22	6
0.33	0.23	6
0.33	0.24	6
0.33	0.25	6
0.33	0.26	6
0.33	0.27	6
0.33	0.28	6
0.33	0.29	6
0.33	0.3	6
0.33	0.31	6
0.33	0.32	6
0.33	0.33	6
0.33	0.34	6
0.33	0.35	6
0.33	0.36	6
0.33	0.37	6
0.33	0.38	6
0.33	0.39	6
0.33	0.4	6
0.33	0.41	6
0.33	0.42	6
0.33	0.43	6
0.33	0.44	6
0.33	0.45	6
0.33	0.46	6
0.33	0.47	6
0.33	0.48	6
0.33	0.49	6
0.33	0.5	6
0.33	0.51	6
0.33	0.52	6.00002
0.33	0.53	6.00013
0.33	0.54	6.00078
0.33	0.55	6.00398
0.33	0.56	6.02731
0.33	0.57	6.11606
0.33	0.58	6.67024
0.33	0.59	8.66444
0.33	0.6	8.90439
0.33	0.61	8.89731
0.33	0.62	8.88795
0.33	0.63	8.8766
0.33	0.64	8.87621
0.33	0.65	8.8787
0.33	0.66	8.89138
0.33	0.67	8.89843
0.33	0.68	8.89507
0.33	0.69	8.89029
0.33	0.7	8.88417
0.33	0.71	8.86592
0.33	0.72	8.8364
0.33	0.73	8.83329
0.33	0.74	8.84442
0.33	0.75	8.85561
0.33	0.76	8.87046
0.33	0.77	8.89214
0.33	0.78	8.90717
0.33	0.79	8.90803
0.33	0.8	8.89955
0.33	0.81	8.8975
0.33	0.82	8.89249
0.33	0.83	8.9
0.33	0.84	8.8982
0.33	0.85	8.90522
0.33	0.86	8.90148
0.33	0.87	8.89062
0.33	0.88	8.88706
0.33	0.89	8.88869
0.33	0.9	8.89223
0.33	0.91	8.89297
0.33	0.92	8.89333
0.33	0.93	8.91043
0.33	0.94	8.92198
0.33	0.95	8.88888
0.33	0.96	8.7672
0.33	0.97	8.68851
0.33	0.98	8.68851
0.33	0.99	8.68851


0.34	0	6
0.34	0.01	6
0.34	0.02	6
0.34	0.03	6
0.34	0.04	6
0.34	0.05	6
0.34	0.06	6
0.34	0.07	6
0.34	0.08	6
0.34	0.09	6
0.34	0.1	6
0.34	0.11	6
0.34	0.12	6
0.34	0.13	6
0.34	0.14	6
0.34	0.15	6
0.34	0.16	6
0.34	0.17	6
0.34	0.18	6
0.34	0.19	6
0.34	0.2	6
0.34	0.21	6
0.34	0.22	6
0.34	0.23	6
0.34	0.24	6
0.34	0.25	6
0.34	0.26	6
0.34	0.27	6
0.34	0.28	6
0.34	0.29	6
0.34	0.3	6
0.34	0.31	6
0.34	0.32	6
0.34	0.33	6
0.34	0.34	6
0.34	0.35	6
0.34	0.36	6
0.34	0.37	6
0.34	0.38	6
0.34	0.39	6
0.34	0.4	6
0.34	0.41	6
0.34	0.42	6
0.34	0.43	6
0.34	0.44	6
0.34	0.45	6
0.34	0.46	6
0.34	0.47	6
0.34	0.48	6
0.34	0.49	6
0.34	0.5	6
0.34	0.51	6
0.34	0.52	6.00001
0.34	0.53	6.00008
0.34	0.54	6.00045
0.34	0.55	6.00248
0.34	0.56	6.01624
0.34	0.57	6.07339
0.34	0.58	6.42953
0.34	0.59	8.04399
0.34	0.6	8.87242
0.34	0.61	8.90757
0.34	0.62	8.90795
0.34	0.63	8.90142
0.34	0.64	8.89296
0.34	0.65	8.88919
0.34	0.66	8.89473
0.34	0.67	8.90609
0.34	0.68	8.90823
0.34	0.69	8.90546
0.34	0.7	8.89202
0.34	0.71	8.87757
0.34	0.72	8.87557
0.34	0.73	8.87491
0.34	0.74	8.89573
0.34	0.75	8.90002
0.34	0.76	8.89425
0.34	0.77	8.89038
0.34	0.78	8.8733
0.34	0.79	8.87036
0.34	0.8	8.89443
0.34	0.81	8.8941
0.34	0.82	8.86443
0.34	0.83	8.84357
0.34	0.84	8.84318
0.34	0.85	8.85177
0.34	0.86	8.85557
0.34	0.87	8.8522
0.34	0.88	8.88485
0.34	0.89	8.89938
0.34	0.9	8.89906
0.34	0.91	8.89376
0.34	0.92	8.8923
0.34	0.93	8.92005
0.34	0.94	8.93259
0.34	0.95	8.89048
0.34	0.96	8.76836
0.34	0.97	8.70055
0.34	0.98	8.70055
0.34	0.99	8.70055


0.35	0	6
0.35	0.01	6
0.35	0.02	6
0.35	0.03	6
0.35	0.04	6
0.35	0.05	6
0.35	0.06	6
0.35	0.07	6
0.35	0.08	6
0.35	0.09	6
0.35	0.1	6
0.35	0.11	6
0.35	0.12	6
0.35	0.13	6
0.35	0.14	6
0.35	0.15	6
0.35	0.16	6
0.35	0.17	6
0.35	0.18	6
0.35	0.19	6
0.35	0.2	6
0.35	0.21	6
0.35	0.22	6
0.35	0.23	6
0.35	0.24	6
0.35	0.25	6
0.35	0.26	6
0.35	0.27	6
0.35	0.28	6
0.35	0.29	6
0.35	0.3	6
0.35	0.31	6
0.35	0.32	6
0.35	0.33	6
0.35	0.34	6
0.35	0.35	6
0.35	0.36	6
0.35	0.37	6
0.35	0.38	6
0.35	0.39	6
0.35	0.4	6
0.35	0.41	6
0.35	0.42	6
0.35	0.43	6
0.35	0.44	6
0.35	0.45	6
0.35	0.46	6
0.35	0.47	6
0.35	0.48	6
0.35	0.49	6
0.35	0.5	6
0.35	0.51	6
0.35	0.52	6.00001
0.35	0.53	6.00005
0.35	0.54	6.00027
0.35	0.55	6.00144
0.35	0.56	6.01095
0.35	0.57	6.03106
0.35	0.58	6.3292
0.35	0.59	7.44091
0.35	0.6	8.80851
0.35	0.61	8.80239
0.35	0.62	8.81459
0.35	0.63	8.896
0.35	0.64	8.92357
0.35	0.65	8.92902
0.35	0.66	8.90648
0.35	0.67	8.89895
0.35	0.68	8.89842
0.35	0.69	8.89696
0.35	0.7	8.89472
0.35	0.71	8.89442
0.35	0.72	8.89106
0.35	0.73	8.89148
0.35	0.74	8.89789
0.35	0.75	8.89978
0.35	0.76	8.90468
0.35	0.77	8.90153
0.35	0.78	8.90472
0.35	0.79	8.90414
0.35	0.8	8.89152
0.35	0.81	8.88786
0.35	0.82	8.88598
0.35	0.83	8.88781
0.35	0.84	8.88587
0.35	0.85	8.88572
0.35	0.86	8.88819
0.35	0.87	8.87863
0.35	0.88	8.86592
0.35	0.89	8.86431
0.35	0.9	8.87095
0.35	0.91	8.87623
0.35	0.92	8.88951
0.35	0.93	8.88547
0.35	0.94	8.87265
0.35	0.95	8.83491
0.35	0.96	8.69112
0.35	0.97	8.67393
0.35	0.98	8.67393
0.35	0.99	8.67393


0.36	0	6
0.36	0.01	6
0.36	0.02	6
0.36	0.03	6
0.36	0.04	6
0.36	0.05	6
0.36	0.06	6
0.36	0.07	6
0.36	0.08	6
0.36	0.09	6
0.36	0.1	6
0.36	0.11	6
0.36	0.12	6
0.36	0.13	6
0.36	0.14	6
0.36	0.15	6
0.36	0.16	6
0.36	0.17	6
0.36	0.18	6
0.36	0.19	6
0.36	0.2	6
0.36	0.21	6
0.36	0.22	6
0.36	0.23	6
0.36	0.24	6
0.36	0.25	6
0.36	0.26	6
0.36	0.27	6
0.36	0.28	6
0.36	0.29	6
0.36	0.3	6
0.36	0.31	6
0.36	0.32	6
0.36	0.33	6
0.36	0.34	6
0.36	0.35	6
0.36	0.36	6
0.36	0.37	6
0.36	0.38	6
0.36	0.39	6
0.36	0.4	6
0.36	0.41	6
0.36	0.42	6
0.36	0.43	6
0.36	0.44	6
0.36	0.45	6
0.36	0.46	6
0.36	0.47	6
0.36	0.48	6
0.36	0.49	6
0.36	0.5	6
0.36	0.51	6
0.36	0.52	6
0.36	0.53	6.00003
0.36	0.54	6.00016
0.36	0.55	6.00097
0.36	0.56	6.00493
0.36	0.57	6.03355
0.36	0.58	6.12787
0.36	0.59	6.86207
0.36	0.6	8.84401
0.36	0.61	8.90147
0.36	0.62	8.87257
0.36	0.63	8.85892
0.36	0.64	8.86598
0.36	0.65	8.88996
0.36	0.66	8.92002
0.36	0.67	8.89175
0.36	0.68	8.86251
0.36	0.69	8.84812
0.36	0.7	8.8518
0.36	0.71	8.83563
0.36	0.72	8.8245
0.36	0.73	8.8317
0.36	0.74	8.89619
0.36	0.75	8.93235
0.36	0.76	8.93203
0.36	0.77	8.90447
0.36	0.78	8.89098
0.36	0.79	8.88935
0.36	0.8	8.90283
0.36	0.81	8.90419
0.36	0.82	8.90026
0.36	0.83	8.89538
0.36	0.84	8.89407
0.36	0.85	8.8957
0.36	0.86	8.89056
0.36	0.87	8.88417
0.36	0.88	8.8876
0.36	0.89	8.89253
0.36	0.9	8.89258
0.36	0.91	8.88926
0.36	0.92	8.89342
0.36	0.93	8.90964
0.36	0.94	8.90899
0.36	0.95	8.84511
0.36	0.96	8.74645
0.36	0.97	8.6844
0.36	0.98	8.6844
0.36	0.99	8.6844


0.37	0	6
0.37	0.01	6
0.37	0.02	6
0.37	0.03	6
0.37	0.04	6
0.37	0.05	6
0.37	0.06	6
0.37	0.07	6
0.37	0.08	6
0.37	0.09	6
0.37	0.1	6
0.37	0.11	6
0.37	0.12	6
0.37	0.13	6
0.37	0.14	6
0.37	0.15	6
0.37	0.16	6
0.37	0.17	6
0.37	0.18	6
0.37	0.19	6
0.37	0.2	6
0.37	0.21	6
0.37	0.22	6
0.37	0.23	6
0.37	0.24	6
0.37	0.25	6
0.37	0.26	6
0.37	0.27	6
0.37	0.28	6
0.37	0.29	6
0.37	0.3	6
0.37	0.31	6
0.37	0.32	6
0.37	0.33	6
0.37	0.34	6
0.37	0.35	6
0.37	0.36	6
0.37	0.37	6
0.37	0.38	6
0.37	0.39	6
0.37	0.4	6
0.37	0.41	6
0.37	0.42	6
0.37	0.43	6
0.37	0.44	6
0.37	0.45	6
0.37	0.46	6
0.37	0.47	6
0.37	0.48	6
0.37	0.49	6
0.37	0.5	6
0.37	0.51	6
0.37	0.52	6
0.37	0.53	6.00002
0.37	0.54	6.00009
0.37	0.55	6.00057
0.37	0.56	6.00301
0.37	0.57	6.01981
0.37	0.58	6.08981
0.37	0.59	6.49643
0.37	0.6	8.29922
0.37	0.61	8.90928
0.37	0.62	8.91009
0.37	0.63	8.90509
0.37	0.64	8.89311
0.37	0.65	8.88637
0.37	0.66	8.89426
0.37	0.67	8.8975
0.37	0.68	8.89856
0.37	0.69	8.8946
0.37	0.7	8.88897
0.37	0.71	8.88033
0.37	0.72	8.87255
0.37	0.73	8.87582
0.37	0.74	8.87799
0.37	0.75	8.88215
0.37	0.76	8.90725
0.37	0.77	8.90231
0.37	0.78	8.86781
0.37	0.79	8.85096
0.37	0.8	8.85134
0.37	0.81	8.85787
0.37	0.82	8.8587
0.37	0.83	8.84916
0.37	0.84	8.85167
0.37	0.85	8.88
0.37	0.86	8.91747
0.37	0.87	8.90819
0.37	0.88	8.89435
0.37	0.89	8.88263
0.37	0.9	8.88786
0.37	0.91	8.89522
0.37	0.92	8.91339
0.37	0.93	8.9202
0.37	0.94	8.9136
0.37	0.95	8.84437
0.37	0.96	8.73931
0.37	0.97	8.69773
0.37	0.98	8.69773
0.37	0.99	8.69773


0.38	0	6
0.38	0.01	6
0.38	0.02	6
0.38	0.03	6
0.38	0.04	6
0.38	0.05	6
0.38	0.06	6
0.38	0.07	6
0.38	0.08	6
0.38	0.09	6
0.38	0.1	6
0.38	0.11	6
0.38	0.12	6
0.38	0.13	6
0.38	0.14	6
0.38	0.15	6
0.38	0.16	6
0.38	0.17	6
0.38	0.18	6
0.38	0.19	6
0.38	0.2	6
0.38	0.21	6
0.38	0.22	6
0.38	0.23	6
0.38	0.24	6
0.38	0.25	6
0.38	0.26	6
0.38	0.27	6
0.38	0.28	6
0.38	0.29	6
0.38	0.3	6
0.38	0.31	6
0.38	0.32	6
0.38	0.33	6
0.38	0.34	6
0.38	0.35	6
0.38	0.36	6
0.38	0.37	6
0.38	0.38	6
0.38	0.39	6
0.38	0.4	6
0.38	0.41	6
0.38	0.42	6
0.38	0.43	6
0.38	0.44	6
0.38	0.45	6
0.38	0.46	6
0.38	0.47	6
0.38	0.48	6
0.38	0.49	6
0.38	0.5	6
0.38	0.51	6
0.38	0.52	6
0.38	0.53	6.00001
0.38	0.54	6.00006
0.38	0.55	6.00033
0.38	0.56	6.00182
0.38	0.57	6.01252
0.38	0.58	6.04497
0.38	0.59	6.40835
0.38	0.6	7.55147
0.38	0.61	8.86534
0.38	0.62	8.87262
0.38	0.63	8.90159
0.38	0.64	8.91108
0.38	0.65	8.92356
0.38	0.66	8.90742
0.38	0.67	8.899
0.38	0.68	8.89585
0.38	0.69	8.88712
0.38	0.7	8.89557
0.38	0.71	8.8933
0.38	0.72	8.89465
0.38	0.73	8.89864
0.38	0.74	8.89932
0.38	0.75	8.9006
0.38	0.76	8.89939
0.38	0.77	8.89893
0.38	0.78	8.89621
0.38	0.79	8.89108
0.38	0.8	8.88571
0.38	0.81	8.88475
0.38	0.82	8.8897
0.38	0.83	8.89184
0.38	0.84	8.87316
0.38	0.85	8.87214
0.38	0.86	8.86978
0.38	0.87	8.87941
0.38	0.88	8.874
0.38	0.89	8.86457
0.38	0.9	8.8472
0.38	0.91	8.85135
0.38	0.92	8.86767
0.38	0.93	8.88151
0.38	0.94	8.87732
0.38	0.95	8.79504
0.38	0.96	8.73411
0.38	0.97	8.71386
0.38	0.98	8.71386
0.38	0.99	8.71386


0.39	0	6
0.39	0.01	6
0.39	0.02	6
0.39	0.03	6
0.39	0.04	6
0.39	0.05	6
0.39	0.06	6
0.39	0.07	6
0.39	0.08	6
0.39	0.09	6
0.39	0.1	6
0.39	0.11	6
0.39	0.12	6
0.39	0.13	6
0.39	0.14	6
0.39	0.15	6
0.39	0.16	6
0.39	0.17	6
0.39	0.18	6
0.39	0.19	6
0.39	0.2	6
0.39	0.21	6
0.39	0.22	6
0.39	0.23	6
0.39	0.24	6
0.39	0.25	6
0.39	0.26	6
0.39	0.27	6
0.39	0.28	6
0.39	0.29	6
0.39	0.3	6
0.39	0.31	6
0.39	0.32	6
0.39	0.33	6
0.39	0.34	6
0.39	0.35	6
0.39	0.36	6
0.39	0.37	6
0.39	0.38	6
0.39	0.39	6
0.39	0.4	6
0.39	0.41	6
0.39	0.42	6
0.39	0.43	6
0.39	0.44	6
0.39	0.45	6
0.39	0.46	6
0.39	0.47	6
0.39	0.48	6
0.39	0.49	6
0.39	0.5	6
0.39	0.51	6
0.39	0.52	6
0.39	0.53	6.00001
0.39	0.54	6.00003
0.39	0.55	6.0002
0.39	0.56	6.00115
0.39	0.57	6.00641
0.39	0.58	6.03994
0.39	0.59	6.13702
0.39	0.6	7.166
0.39	0.61	8.88046
0.39	0.62	8.89024
0.39	0.63	8.87539
0.39	0.64	8.87219
0.39	0.65	8.86927
0.39	0.66	8.84878
0.39	0.67	8.85043
0.39	0.68	8.84876
0.39	0.69	8.84768
0.39	0.7	8.86902
0.39	0.71	8.88224
0.39	0.72	8.88739
0.39	0.73	8.89332
0.39	0.74	8.91102
0.39	0.75	8.91597
0.39	0.76	8.91566
0.39	0.77	8.89896
0.39	0.78	8.89232
0.39	0.79	8.89187
0.39	0.8	8.89957
0.39	0.81	8.90256
0.39	0.82	8.9017
0.39	0.83	8.8958
0.39	0.84	8.89524
0.39	0.85	8.8934
0.39	0.86	8.8874
0.39	0.87	8.88522
0.39	0.88	8.88214
0.39	0.89	8.88477
0.39	0.9	8.8879
0.39	0.91	8.88276
0.39	0.92	8.89796
0.39	0.93	8.90575
0.39	0.94	8.89401
0.39	0.95	8.79299
0.39	0.96	8.71292
0.39	0.97	8.68473
0.39	0.98	8.68473
0.39	0.99	8.68473


0.4	0	6
0.4	0.01	6
0.4	0.02	6
0.4	0.03	6
0.4	0.04	6
0.4	0.05	6
0.4	0.06	6
0.4	0.07	6
0.4	0.08	6
0.4	0.09	6
0.4	0.1	6
0.4	0.11	6
0.4	0.12	6
0.4	0.13	6
0.4	0.14	6
0.4	0.15	6
0.4	0.16	6
0.4	0.17	6
0.4	0.18	6
0.4	0.19	6
0.4	0.2	6
0.4	0.21	6
0.4	0.22	6
0.4	0.23	6
0.4	0.24	6
0.4	0.25	6
0.4	0.26	6
0.4	0.27	6
0.4	0.28	6
0.4	0.29	6
0.4	0.3	6
0.4	0.31	6
0.4	0.32	6
0.4	0.33	6
0.4	0.34	6
0.4	0.35	6
0.4	0.36	6
0.4	0.37	6
0.4	0.38	6
0.4	0.39	6
0.4	0.4	6
0.4	0.41	6
0.4	0.42	6
0.4	0.43	6
0.4	0.44	6
0.4	0.45	6
0.4	0.46	6
0.4	0.47	6
0.4	0.48	6
0.4	0.49	6
0.4	0.5	6
0.4	0.51	6
0.4	0.52	6
0.4	0.53	6
0.4	0.54	6.00002
0.4	0.55	6.00012
0.4	0.56	6.00071
0.4	0.57	6.00362
0.4	0.58	6.02441
0.4	0.59	6.10758
0.4	0.6	6.59077
0.4	0.61	8.5642
0.4	0.62	8.90548
0.4	0.63	8.90216
0.4	0.64	8.89434
0.4	0.65	8.87968
0.4	0.66	8.89106
0.4	0.67	8.89562
0.4	0.68	8.89668
0.4	0.69	8.89101
0.4	0.7	8.87289
0.4	0.71	8.87251
0.4	0.72	8.87355
0.4	0.73	8.87634
0.4	0.74	8.89774
0.4	0.75	8.89726
0.4	0.76	8.86971
0.4	0.77	8.84455
0.4	0.78	8.83699
0.4	0.79	8.83948
0.4	0.8	8.85636
0.4	0.81	8.89177
0.4	0.82	8.89983
0.4	0.83	8.89663
0.4	0.84	8.89529
0.4	0.85	8.89582
0.4	0.86	8.89775
0.4	0.87	8.89757
0.4	0.88	8.89013
0.4	0.89	8.88762
0.4	0.9	8.89066
0.4	0.91	8.8952
0.4	0.92	8.91593
0.4	0.93	8.91897
0.4	0.94	8.89571
0.4	0.95	8.80284
0.4	0.96	8.73481
0.4	0.97	8.69507
0.4	0.98	8.69507
0.4	0.99	8.69507


0.41	0	6
0.41	0.01	6
0.41	0.02	6
0.41	0.03	6
0.41	0.04	6
0.41	0.05	6
0.41	0.06	6
0.41	0.07	6
0.41	0.08	6
0.41	0.09	6
0.41	0.1	6
0.41	0.11	6
0.41	0.12	6
0.41	0.13	6
0.41	0.14	6
0.41	0.15	6
0.41	0.16	6
0.41	0.17	6
0.41	0.18	6
0.41	0.19	6
0.41	0.2	6
0.41	0.21	6
0.41	0.22	6
0.41	0.23	6
0.41	0.24	6
0.41	0.25	6
0.41	0.26	6
0.41	0.27	6
0.41	0.28	6
0.41	0.29	6
0.41	0.3	6
0.41	0.31	6
0.41	0.32	6
0.41	0.33	6
0.41	0.34	6
0.41	0.35	6
0.41	0.36	6
0.41	0.37	6
0.41	0.38	6
0.41	0.39	6
0.41	0.4	6
0.41	0.41	6
0.41	0.42	6
0.41	0.43	6
0.41	0.44	6
0.41	0.45	6
0.41	0.46	6
0.41	0.47	6
0.41	0.48	6
0.41	0.49	6
0.41	0.5	6
0.41	0.51	6
0.41	0.52	6
0.41	0.53	6
0.41	0.54	6.00001
0.41	0.55	6.00007
0.41	0.56	6.00041
0.41	0.57	6.00224
0.41	0.58	6.01482
0.41	0.59	6.0624
0.41	0.6	6.4249
0.41	0.61	7.85817
0.41	0.62	8.87037
0.41	0.63	8.89852
0.41	0.64	8.9178
0.41	0.65	8.92317
0.41	0.66	8.91096
0.41	0.67	8.90284
0.41	0.68	8.89684
0.41	0.69	8.88608
0.41	0.7	8.8932
0.41	0.71	8.8912
0.41	0.72	8.89354
0.41	0.73	8.89735
0.41	0.74	8.89788
0.41	0.75	8.89231
0.41	0.76	8.88729
0.41	0.77	8.89409
0.41	0.78	8.89438
0.41	0.79	8.89079
0.41	0.8	8.88514
0.41	0.81	8.88013
0.41	0.82	8.87642
0.41	0.83	8.8755
0.41	0.84	8.88049
0.41	0.85	8.87878
0.41	0.86	8.87192
0.41	0.87	8.85022
0.41	0.88	8.8387
0.41	0.89	8.84128
0.41	0.9	8.84851
0.41	0.91	8.86175
0.41	0.92	8.90721
0.41	0.93	8.91786
0.41	0.94	8.89898
0.41	0.95	8.76223
0.41	0.96	8.76306
0.41	0.97	8.71089
0.41	0.98	8.71089
0.41	0.99	8.71089


0.42	0	6
0.42	0.01	6
0.42	0.02	6
0.42	0.03	6
0.42	0.04	6
0.42	0.05	6
0.42	0.06	6
0.42	0.07	6
0.42	0.08	6
0.42	0.09	6
0.42	0.1	6
0.42	0.11	6
0.42	0.12	6
0.42	0.13	6
0.42	0.14	6
0.42	0.15	6
0.42	0.16	6
0.42	0.17	6
0.42	0.18	6
0.42	0.19	6
0.42	0.2	6
0.42	0.21	6
0.42	0.22	6
0.42	0.23	6
0.42	0.24	6
0.42	0.25	6
0.42	0.26	6
0.42	0.27	6
0.42	0.28	6
0.42	0.29	6
0.42	0.3	6
0.42	0.31	6
0.42	0.32	6
0.42	0.33	6
0.42	0.34	6
0.42	0.35	6
0.42	0.36	6
0.42	0.37	6
0.42	0.38	6
0.42	0.39	6
0.42	0.4	6
0.42	0.41	6
0.42	0.42	6
0.42	0.43	6
0.42	0.44	6
0.42	0.45	6
0.42	0.46	6
0.42	0.47	6
0.42	0.48	6
0.42	0.49	6
0.42	0.5	6
0.42	0.51	6
0.42	0.52	6
0.42	0.53	6
0.42	0.54	6.00001
0.42	0.55	6.00004
0.42	0.56	6.00024
0.42	0.57	6.00133
0.42	0.58	6.00921
0.42	0.59	6.03725
0.42	0.6	6.19829
0.42	0.61	7.49489
0.42	0.62	8.81869
0.42	0.63	8.81273
0.42	0.64	8.81906
0.42	0.65	8.83837
0.42	0.66	8.87921
0.42	0.67	8.89925
0.42	0.68	8.90072
0.42	0.69	8.90456
0.42	0.7	8.88343
0.42	0.71	8.87982
0.42	0.72	8.87927
0.42	0.73	8.90237
0.42	0.74	8.91768
0.42	0.75	8.91788
0.42	0.76	8.91269
0.42	0.77	8.89697
0.42	0.78	8.89367
0.42	0.79	8.89686
0.42	0.8	8.90082
0.42	0.81	8.89952
0.42	0.82	8.89607
0.42	0.83	8.89153
0.42	0.84	8.89019
0.42	0.85	8.88871
0.42	0.86	8.87977
0.42	0.87	8.87644
0.42	0.88	8.87927
0.42	0.89	8.88324
0.42	0.9	8.88481
0.42	0.91	8.89371
0.42	0.92	8.8901
0.42	0.93	8.88974
0.42	0.94	8.859
0.42	0.95	8.75003
0.42	0.96	8.74176
0.42	0.97	8.67076
0.42	0.98	8.67076
0.42	0.99	8.67076


0.43	0	6
0.43	0.01	6
0.43	0.02	6
0.43	0.03	6
0.43	0.04	6
0.43	0.05	6
0.43	0.06	6
0.43	0.07	6
0.43	0.08	6
0.43	0.09	6
0.43	0.1	6
0.43	0.11	6
0.43	0.12	6
0.43	0.13	6
0.43	0.14	6
0.43	0.15	6
0.43	0.16	6
0.43	0.17	6
0.43	0.18	6
0.43	0.19	6
0.43	0.2	6
0.43	0.21	6
0.43	0.22	6
0.43	0.23	6
0.43	0.24	6
0.43	0.25	6
0.43	0.26	6
0.43	0.27	6
0.43	0.28	6
0.43	0.29	6
0.43	0.3	6
0.43	0.31	6
0.43	0.32	6
0.43	0.33	6
0.43	0.34	6
0.43	0.35	6
0.43	0.36	6
0.43	0.37	6
0.43	0.38	6
0.43	0.39	6
0.43	0.4	6
0.43	0.41	6
0.43	0.42	6
0.43	0.43	6
0.43	0.44	6
0.43	0.45	6
0.43	0.46	6
0.43	0.47	6
0.43	0.48	6
0.43	0.49	6
0.43	0.5	6
0.43	0.51	6
0.43	0.52	6
0.43	0.53	6
0.43	0.54	6
0.43	0.55	6.00002
0.43	0.56	6.00014
0.43	0.57	6.00087
0.43	0.58	6.0044
0.43	0.59	6.03024
0.43	0.6	6.12254
0.43	0.61	6.75424
0.43	0.62	8.74358
0.43	0.63	8.91278
0.43	0.64	8.89805
0.43	0.65	8.87895
0.43	0.66	8.88165
0.43	0.67	8.88417
0.43	0.68	8.89079
0.43	0.69	8.8852
0.43	0.7	8.88466
0.43	0.71	8.87885
0.43	0.72	8.86854
0.43	0.73	8.85693
0.43	0.74	8.83943
0.43	0.75	8.84618
0.43	0.76	8.85502
0.43	0.77	8.86505
0.43	0.78	8.88801
0.43	0.79	8.90414
0.43	0.8	8.90433
0.43	0.81	8.89806
0.43	0.82	8.89458
0.43	0.83	8.89175
0.43	0.84	8.89324
0.43	0.85	8.90016
0.43	0.86	8.89901
0.43	0.87	8.89554
0.43	0.88	8.88961
0.43	0.89	8.89141
0.43	0.9	8.8939
0.43	0.91	8.90806
0.43	0.92	8.9096
0.43	0.93	8.90331
0.43	0.94	8.86568
0.43	0.95	8.78972
0.43	0.96	8.67823
0.43	0.97	8.69332
0.43	0.98	8.69332
0.43	0.99	8.69332


0.44	0	6
0.44	0.01	6
0.44	0.02	6
0.44	0.03	6
0.44	0.04	6
0.44	0.05	6
0.44	0.06	6
0.44	0.07	6
0.44	0.08	6
0.44	0.09	6
0.44	0.1	6
0.44	0.11	6
0.44	0.12	6
0.44	0.13	6
0.44	0.14	6
0.44	0.15	6
0.44	0.16	6
0.44	0.17	6
0.44	0.18	6
0.44	0.19	6
0.44	0.2	6
0.44	0.21	6
0.44	0.22	6
0.44	0.23	6
0.44	0.24	6
0.44	0.25	6
0.44	0.26	6
0.44	0.27	6
0.44	0.28	6
0.44	0.29	6
0.44	0.3	6
0.44	0.31	6
0.44	0.32	6
0.44	0.33	6
0.44	0.34	6
0.44	0.35	6
0.44	0.36	6
0.44	0.37	6
0.44	0.38	6
0.44	0.39	6
0.44	0.4	6
0.44	0.41	6
0.44	0.42	6
0.44	0.43	6
0.44	0.44	6
0.44	0.45	6
0.44	0.46	6
0.44	0.47	6
0.44	0.48	6
0.44	0.49	6
0.44	0.5	6
0.44	0.51	6
0.44	0.52	6
0.44	0.53	6
0.44	0.54	6
0.44	0.55	6.00001
0.44	0.56	6.00009
0.44	0.57	6.0005
0.44	0.58	6.00274
0.44	0.59	6.01778
0.44	0.6	6.08233
0.44	0.61	6.4496
0.44	0.62	8.1787
0.44	0.63	8.89935
0.44	0.64	8.90604
0.44	0.65	8.91246
0.44	0.66	8.90609
0.44	0.67	8.89922
0.44	0.68	8.89422
0.44	0.69	8.88962
0.44	0.7	8.88424
0.44	0.71	8.87968
0.44	0.72	8.8853
0.44	0.73	8.89757
0.44	0.74	8.90367
0.44	0.75	8.89188
0.44	0.76	8.88635
0.44	0.77	8.88824
0.44	0.78	8.88799
0.44	0.79	8.88551
0.44	0.8	8.88098
0.44	0.81	8.87795
0.44	0.82	8.87519
0.44	0.83	8.86993
0.44	0.84	8.85072
0.44	0.85	8.84699
0.44	0.86	8.83769
0.44	0.87	8.83751
0.44	0.88	8.85527
0.44	0.89	8.89095
0.44	0.9	8.90462
0.44	0.91	8.91861
0.44	0.92	8.91065
0.44	0.93	8.9008
0.44	0.94	8.87283
0.44	0.95	8.71513
0.44	0.96	8.76805
0.44	0.97	8.72425
0.44	0.98	8.72425
0.44	0.99	8.72425


0.45	0	6
0.45	0.01	6
0.45	0.02	6
0.45	0.03	6
0.45	0.04	6
0.45	0.05	6
0.45	0.06	6
0.45	0.07	6
0.45	0.08	6
0.45	0.09	6
0.45	0.1	6
0.45	0.11	6
0.45	0.12	6
0.45	0.13	6
0.45	0.14	6
0.45	0.15	6
0.45	0.16	6
0.45	0.17	6
0.45	0.18	6
0.45	0.19	6
0.45	0.2	6
0.45	0.21	6
0.45	0.22	6
0.45	0.23	6
0.45	0.24	6
0.45	0.25	6
0.45	0.26	6
0.45	0.27	6
0.45	0.28	6
0.45	0.29	6
0.45	0.3	6
0.45	0.31	6
0.45	0.32	6
0.45	0.33	6
0.45	0.34	6
0.45	0.35	6
0.45	0.36	6
0.45	0.37	6
0.45	0.38	6
0.45	0.39	6
0.45	0.4	6
0.45	0.41	6
0.45	0.42	6
0.45	0.43	6
0.45	0.44	6
0.45	0.45	6
0.45	0.46	6
0.45	0.47	6
0.45	0.48	6
0.45	0.49	6
0.45	0.5	6
0.45	0.51	6
0.45	0.52	6
0.45	0.53	6
0.45	0.54	6
0.45	0.55	6.00001
0.45	0.56	6.00005
0.45	0.57	6.0003
0.45	0.58	6.00161
0.45	0.59	6.01178
0.45	0.6	6.03545
0.45	0.61	6.39439
0.45	0.62	7.43615
0.45	0.63	8.84744
0.45	0.64	8.81959
0.45	0.65	8.86038
0.45	0.66	8.95268
0.45	0.67	8.95527
0.45	0.68	8.93002
0.45	0.69	8.86538
0.45	0.7	8.85308
0.45	0.71	8.87859
0.45	0.72	8.8995
0.45	0.73	8.93616
0.45	0.74	8.91842
0.45	0.75	8.90633
0.45	0.76	8.89164
0.45	0.77	8.88538
0.45	0.78	8.88962
0.45	0.79	8.90449
0.45	0.8	8.90479
0.45	0.81	8.89758
0.45	0.82	8.88127
0.45	0.83	8.87866
0.45	0.84	8.88812
0.45	0.85	8.88813
0.45	0.86	8.88121
0.45	0.87	8.87731
0.45	0.88	8.87377
0.45	0.89	8.87946
0.45	0.9	8.87926
0.45	0.91	8.88817
0.45	0.92	8.88689
0.45	0.93	8.87618
0.45	0.94	8.8039
0.45	0.95	8.77345
0.45	0.96	8.66352
0.45	0.97	8.63666
0.45	0.98	8.63666
0.45	0.99	8.63666


0.46	0	6
0.46	0.01	6
0.46	0.02	6
0.46	0.03	6
0.46	0.04	6
0.46	0.05	6
0.46	0.06	6
0.46	0.07	6
0.46	0.08	6
0.46	0.09	6
0.46	0.1	6
0.46	0.11	6
0.46	0.12	6
0.46	0.13	6
0.46	0.14	6
0.46	0.15	6
0.46	0.16	6
0.46	0.17	6
0.46	0.18	6
0.46	0.19	6
0.46	0.2	6
0.46	0.21	6
0.46	0.22	6
0.46	0.23	6
0.46	0.24	6
0.46	0.25	6
0.46	0.26	6
0.46	0.27	6
0.46	0.28	6
0.46	0.29	6
0.46	0.3	6
0.46	0.31	6
0.46	0.32	6
0.46	0.33	6
0.46	0.34	6
0.46	0.35	6
0.46	0.36	6
0.46	0.37	6
0.46	0.38	6
0.46	0.39	6
0.46	0.4	6
0.46	0.41	6
0.46	0.42	6
0.46	0.43	6
0.46	0.44	6
0.46	0.45	6
0.46	0.46	6
0.46	0.47	6
0.46	0.48	6
0.46	0.49	6
0.46	0.5	6
0.46	0.51	6
0.46	0.52	6
0.46	0.53	6
0.46	0.54	6
0.46	0.55	6.00001
0.46	0.56	6.00003
0.46	0.57	6.00018
0.46	0.58	6.00106
0.46	0.59	6.00554
0.46	0.6	6.03678
0.46	0.61	6.13153
0.46	0.62	6.99174
0.46	0.63	8.89157
0.46	0.64	8.88321
0.46	0.65	8.87442
0.46	0.66	8.87914
0.46	0.67	8.89409
0.46	0.68	8.9066
0.46	0.69	8.88188
0.46	0.7	8.80191
0.46	0.71	8.801
0.46	0.72	8.85936
0.46	0.73	8.894
0.46	0.74	8.88377
0.46	0.75	8.86229
0.46	0.76	8.8627
0.46	0.77	8.92331
0.46	0.78	8.93463
0.46	0.79	8.92241
0.46	0.8	8.88063
0.46	0.81	8.87547
0.46	0.82	8.8877
0.46	0.83	8.90913
0.46	0.84	8.91141
0.46	0.85	8.9075
0.46	0.86	8.88696
0.46	0.87	8.87664
0.46	0.88	8.87899
0.46	0.89	8.88678
0.46	0.9	8.90303
0.46	0.91	8.91266
0.46	0.92	8.90268
0.46	0.93	8.88174
0.46	0.94	8.84468
0.46	0.95	8.70559
0.46	0.96	8.7291
0.46	0.97	8.70796
0.46	0.98	8.70796
0.46	0.99	8.70796


0.47	0	6
0.47	0.01	6
0.47	0.02	6
0.47	0.03	6
0.47	0.04	6
0.47	0.05	6
0.47	0.06	6
0.47	0.07	6
0.47	0.08	6
0.47	0.09	6
0.47	0.1	6
0.47	0.11	6
0.47	0.12	6
0.47	0.13	6
0.47	0.14	6
0.47	0.15	6
0.47	0.16	6
0.47	0.17	6
0.47	0.18	6
0.47	0.19	6
0.47	0.2	6
0.47	0.21	6
0.47	0.22	6
0.47	0.23	6
0.47	0.24	6
0.47	0.25	6
0.47	0.26	6
0.47	0.27	6
0.47	0.28	6
0.47	0.29	6
0.47	0.3	6
0.47	0.31	6
0.47	0.32	6
0.47	0.33	6
0.47	0.34	6
0.47	0.35	6
0.47	0.36	6
0.47	0.37	6
0.47	0.38	6
0.47	0.39	6
0.47	0.4	6
0.47	0.41	6
0.47	0.42	6
0.47	0.43	6
0.47	0.44	6
0.47	0.45	6
0.47	0.46	6
0.47	0.47	6
0.47	0.48	6
0.47	0.49	6
0.47	0.5	6
0.47	0.51	6
0.47	0.52	6
0.47	0.53	6
0.47	0.54	6
0.47	0.55	6
0.47	0.56	6.00002
0.47	0.57	6.0001
0.47	0.58	6.00063
0.47	0.59	6.00329
0.47	0.6	6.02186
0.47	0.61	6.09799
0.47	0.62	6.54235
0.47	0.63	8.4117
0.47	0.64	8.92021
0.47	0.65	8.92549
0.47	0.66	8.91147
0.47	0.67	8.90175
0.47	0.68	8.87603
0.47	0.69	8.87371
0.47	0.7	8.8776
0.47	0.71	8.88429
0.47	0.72	8.8996
0.47	0.73	8.89042
0.47	0.74	8.89486
0.47	0.75	8.89041
0.47	0.76	8.87308
0.47	0.77	8.87348
0.47	0.78	8.89206
0.47	0.79	8.89095
0.47	0.8	8.88079
0.47	0.81	8.81517
0.47	0.82	8.8173
0.47	0.83	8.87387
0.47	0.84	8.88407
0.47	0.85	8.88189
0.47	0.86	8.85458
0.47	0.87	8.86262
0.47	0.88	8.90013
0.47	0.89	8.9185
0.47	0.9	8.92786
0.47	0.91	8.89788
0.47	0.92	8.89416
0.47	0.93	8.88209
0.47	0.94	8.81305
0.47	0.95	8.80296
0.47	0.96	8.73922
0.47	0.97	8.6837
0.47	0.98	8.6837
0.47	0.99	8.6837


0.48	0	6
0.48	0.01	6
0.48	0.02	6
0.48	0.03	6
0.48	0.04	6
0.48	0.05	6
0.48	0.06	6
0.48	0.07	6
0.48	0.08	6
0.48	0.09	6
0.48	0.1	6
0.48	0.11	6
0.48	0.12	6
0.48	0.13	6
0.48	0.14	6
0.48	0.15	6
0.48	0.16	6
0.48	0.17	6
0.48	0.18	6
0.48	0.19	6
0.48	0.2	6
0.48	0.21	6
0.48	0.22	6
0.48	0.23	6
0.48	0.24	6
0.48	0.25	6
0.48	0.26	6
0.48	0.27	6
0.48	0.28	6
0.48	0.29	6
0.48	0.3	6
0.48	0.31	6
0.48	0.32	6
0.48	0.33	6
0.48	0.34	6
0.48	0.35	6
0.48	0.36	6
0.48	0.37	6
0.48	0.38	6
0.48	0.39	6
0.48	0.4	6
0.48	0.41	6
0.48	0.42	6
0.48	0.43	6
0.48	0.44	6
0.48	0.45	6
0.48	0.46	6
0.48	0.47	6
0.48	0.48	6
0.48	0.49	6
0.48	0.5	6
0.48	0.51	6
0.48	0.52	6
0.48	0.53	6
0.48	0.54	6
0.48	0.55	6
0.48	0.56	6.00001
0.48	0.57	6.00006
0.48	0.58	6.00037
0.48	0.59	6.00202
0.48	0.6	6.01347
0.48	0.61	6.05408
0.48	0.62	6.40741
0.48	0.63	7.71037
0.48	0.64	8.88178
0.48	0.65	8.89171
0.48	0.66	8.91269
0.48	0.67	8.91789
0.48	0.68	8.91017
0.48	0.69	8.89225
0.48	0.7	8.88039
0.48	0.71	8.88205
0.48	0.72	8.89068
0.48	0.73	8.91063
0.48	0.74	8.9115
0.48	0.75	8.90717
0.48	0.76	8.90125
0.48	0.77	8.89388
0.48	0.78	8.89179
0.48	0.79	8.8927
0.48	0.8	8.89148
0.48	0.81	8.88917
0.48	0.82	8.88665
0.48	0.83	8.88118
0.48	0.84	8.87923
0.48	0.85	8.88343
0.48	0.86	8.87954
0.48	0.87	8.86298
0.48	0.88	8.85993
0.48	0.89	8.8761
0.48	0.9	8.89745
0.48	0.91	8.86477
0.48	0.92	8.84907
0.48	0.93	8.83048
0.48	0.94	8.76899
0.48	0.95	8.78648
0.48	0.96	8.67599
0.48	0.97	8.66838
0.48	0.98	8.66838
0.48	0.99	8.66838


0.49	0	6
0.49	0.01	6
0.49	0.02	6
0.49	0.03	6
0.49	0.04	6
0.49	0.05	6
0.49	0.06	6
0.49	0.07	6
0.49	0.08	6
0.49	0.09	6
0.49	0.1	6
0.49	0.11	6
0.49	0.12	6
0.49	0.13	6
0.49	0.14	6
0.49	0.15	6
0.49	0.16	6
0.49	0.17	6
0.49	0.18	6
0.49	0.19	6
0.49	0.2	6
0.49	0.21	6
0.49	0.22	6
0.49	0.23	6
0.49	0.24	6
0.49	0.25	6
0.49	0.26	6
0.49	0.27	6
0.49	0.28	6
0.49	0.29	6
0.49	0.3	6
0.49	0.31	6
0.49	0.32	6
0.49	0.33	6
0.49	0.34	6
0.49	0.35	6
0.49	0.36	6
0.49	0.37	6
0.49	0.38	6
0.49	0.39	6
0.49	0.4	6
0.49	0.41	6
0.49	0.42	6
0.49	0.43	6
0.49	0.44	6
0.49	0.45	6
0.49	0.46	6
0.49	0.47	6
0.49	0.48	6
0.49	0.49	6
0.49	0.5	6
0.49	0.51	6
0.49	0.52	6
0.49	0.53	6
0.49	0.54	6
0.49	0.55	6
0.49	0.56	6.00001
0.49	0.57	6.00004
0.49	0.58	6.00022
0.49	0.59	6.00124
0.49	0.6	6.00756
0.49	0.61	6.04122
0.49	0.62	6.14702
0.49	0.63	7.33198
0.49	0.64	8.90093
0.49	0.65	8.89165
0.49	0.66	8.84264
0.49	0.67	8.83597
0.49	0.68	8.84021
0.49	0.69	8.82324
0.49	0.7	8.83116
0.49	0.71	8.88225
0.49	0.72	8.89835
0.49	0.73	8.91692
0.49	0.74	8.90725
0.49	0.75	8.90413
0.49	0.76	8.89991
0.49	0.77	8.89871
0.49	0.78	8.89916
0.49	0.79	8.90395
0.49	0.8	8.89933
0.49	0.81	8.89659
0.49	0.82	8.89427
0.49	0.83	8.89506
0.49	0.84	8.89409
0.49	0.85	8.89268
0.49	0.86	8.88741
0.49	0.87	8.88969
0.49	0.88	8.88666
0.49	0.89	8.89076
0.49	0.9	8.90152
0.49	0.91	8.89789
0.49	0.92	8.89409
0.49	0.93	8.8673
0.49	0.94	8.78465
0.49	0.95	8.77551
0.49	0.96	8.67852
0.49	0.97	8.66346
0.49	0.98	8.66346
0.49	0.99	8.66346


0.5	0	6
0.5	0.01	6
0.5	0.02	6
0.5	0.03	6
0.5	0.04	6
0.5	0.05	6
0.5	0.06	6
0.5	0.07	6
0.5	0.08	6
0.5	0.09	6
0.5	0.1	6
0.5	0.11	6
0.5	0.12	6
0.5	0.13	6
0.5	0.14	6
0.5	0.15	6
0.5	0.16	6
0.5	0.17	6
0.5	0.18	6
0.5	0.19	6
0.5	0.2	6
0.5	0.21	6
0.5	0.22	6
0.5	0.23	6
0.5	0.24	6
0.5	0.25	6
0.5	0.26	6
0.5	0.27	6
0.5	0.28	6
0.5	0.29	6
0.5	0.3	6
0.5	0.31	6
0.5	0.32	6
0.5	0.33	6
0.5	0.34	6
0.5	0.35	6
0.5	0.36	6
0.5	0.37	6
0.5	0.38	6
0.5	0.39	6
0.5	0.4	6
0.5	0.41	6
0.5	0.42	6
0.5	0.43	6
0.5	0.44	6
0.5	0.45	6
0.5	0.46	6
0.5	0.47	6
0.5	0.48	6
0.5	0.49	6
0.5	0.5	6
0.5	0.51	6
0.5	0.52	6
0.5	0.53	6
0.5	0.54	6
0.5	0.55	6
0.5	0.56	6
0.5	0.57	6.00002
0.5	0.58	6.00013
0.5	0.59	6.00079
0.5	0.6	6.00395
0.5	0.61	6.02694
0.5	0.62	6.11422
0.5	0.63	6.66199
0.5	0.64	8.66848
0.5	0.65	8.92053
0.5	0.66	8.90976
0.5	0.67	8.89581
0.5	0.68	8.86673
0.5	0.69	8.87216
0.5	0.7	8.8783
0.5	0.71	8.87831
0.5	0.72	8.88656
0.5	0.73	8.89325
0.5	0.74	8.89386
0.5	0.75	8.8919
0.5	0.76	8.88122
0.5	0.77	8.85196
0.5	0.78	8.84721
0.5	0.79	8.84894
0.5	0.8	8.84354
0.5	0.81	8.83747
0.5	0.82	8.88403
0.5	0.83	8.90221
0.5	0.84	8.90354
0.5	0.85	8.9022
0.5	0.86	8.89107
0.5	0.87	8.88673
0.5	0.88	8.88702
0.5	0.89	8.89464
0.5	0.9	8.91318
0.5	0.91	8.90953
0.5	0.92	8.90515
0.5	0.93	8.86598
0.5	0.94	8.81893
0.5	0.95	8.75431
0.5	0.96	8.66982
0.5	0.97	8.69604
0.5	0.98	8.69604
0.5	0.99	8.69604


