0	0	3
0	0.01	3
0	0.02	3
0	0.03	3
0	0.04	3
0	0.05	3
0	0.06	3
0	0.07	3
0	0.08	3
0	0.09	3
0	0.1	3
0	0.11	3
0	0.12	3
0	0.13	3
0	0.14	3
0	0.15	3
0	0.16	3
0	0.17	3
0	0.18	3
0	0.19	3
0	0.2	3
0	0.21	3
0	0.22	3
0	0.23	3
0	0.24	3
0	0.25	3
0	0.26	3
0	0.27	3
0	0.28	3
0	0.29	3
0	0.3	3
0	0.31	3
0	0.32	3
0	0.33	3
0	0.34	3
0	0.35	3
0	0.36	3
0	0.37	3
0	0.38	3
0	0.39	3
0	0.4	3
0	0.41	3
0	0.42	3
0	0.43	3
0	0.44	3
0	0.45	3
0	0.46	3
0	0.47	3
0	0.48	3
0	0.49	2
0	0.5	2
0	0.51	2
0	0.52	2
0	0.53	2
0	0.54	2
0	0.55	2
0	0.56	2
0	0.57	2
0	0.58	2
0	0.59	2
0	0.6	2
0	0.61	2
0	0.62	2
0	0.63	2
0	0.64	2
0	0.65	2
0	0.66	2
0	0.67	2
0	0.68	2
0	0.69	2
0	0.7	2
0	0.71	2
0	0.72	2
0	0.73	2
0	0.74	2
0	0.75	2
0	0.76	2
0	0.77	2
0	0.78	2
0	0.79	2
0	0.8	2
0	0.81	2
0	0.82	2
0	0.83	2
0	0.84	2
0	0.85	2
0	0.86	2
0	0.87	2
0	0.88	2
0	0.89	2
0	0.9	2
0	0.91	2
0	0.92	2
0	0.93	2
0	0.94	2
0	0.95	2
0	0.96	2
0	0.97	2
0	0.98	2
0	0.99	2


0.01	0	3
0.01	0.01	3
0.01	0.02	3
0.01	0.03	3
0.01	0.04	3
0.01	0.05	3
0.01	0.06	3
0.01	0.07	3
0.01	0.08	3
0.01	0.09	3
0.01	0.1	3
0.01	0.11	3
0.01	0.12	3
0.01	0.13	3
0.01	0.14	3
0.01	0.15	3
0.01	0.16	3
0.01	0.17	3
0.01	0.18	3
0.01	0.19	3
0.01	0.2	3
0.01	0.21	3
0.01	0.22	3
0.01	0.23	3
0.01	0.24	3
0.01	0.25	3
0.01	0.26	3
0.01	0.27	3
0.01	0.28	3
0.01	0.29	3
0.01	0.3	3
0.01	0.31	3
0.01	0.32	3
0.01	0.33	3
0.01	0.34	3
0.01	0.35	3
0.01	0.36	3
0.01	0.37	3
0.01	0.38	3
0.01	0.39	3
0.01	0.4	3
0.01	0.41	3.00001
0.01	0.42	2.99999
0.01	0.43	3.00002
0.01	0.44	3
0.01	0.45	3.00009
0.01	0.46	2.99908
0.01	0.47	3.00279
0.01	0.48	3.00875
0.01	0.49	3.24919
0.01	0.5	3.41357
0.01	0.51	3.44034
0.01	0.52	3.86565
0.01	0.53	4.7262
0.01	0.54	3.37201
0.01	0.55	3.00338
0.01	0.56	4.37548
0.01	0.57	4.10502
0.01	0.58	2.2176
0.01	0.59	2.00878
0.01	0.6	2.00036
0.01	0.61	2.00002
0.01	0.62	2
0.01	0.63	2
0.01	0.64	2
0.01	0.65	2
0.01	0.66	2
0.01	0.67	2
0.01	0.68	2
0.01	0.69	2
0.01	0.7	2
0.01	0.71	2
0.01	0.72	2
0.01	0.73	2
0.01	0.74	2
0.01	0.75	2
0.01	0.76	2
0.01	0.77	2
0.01	0.78	2
0.01	0.79	2
0.01	0.8	2
0.01	0.81	2
0.01	0.82	2
0.01	0.83	2
0.01	0.84	2
0.01	0.85	2
0.01	0.86	2
0.01	0.87	2
0.01	0.88	2
0.01	0.89	2
0.01	0.9	2
0.01	0.91	2
0.01	0.92	2
0.01	0.93	2
0.01	0.94	2
0.01	0.95	2
0.01	0.96	2
0.01	0.97	2
0.01	0.98	2
0.01	0.99	2


0.02	0	3
0.02	0.01	3
0.02	0.02	3
0.02	0.03	3
0.02	0.04	3
0.02	0.05	3
0.02	0.06	3
0.02	0.07	3
0.02	0.08	3
0.02	0.09	3
0.02	0.1	3
0.02	0.11	3
0.02	0.12	3
0.02	0.13	3
0.02	0.14	3
0.02	0.15	3
0.02	0.16	3
0.02	0.17	3
0.02	0.18	3
0.02	0.19	3
0.02	0.2	3
0.02	0.21	3
0.02	0.22	3
0.02	0.23	3
0.02	0.24	3
0.02	0.25	3
0.02	0.26	3
0.02	0.27	3
0.02	0.28	3
0.02	0.29	3
0.02	0.3	3
0.02	0.31	3
0.02	0.32	3
0.02	0.33	3
0.02	0.34	3
0.02	0.35	3
0.02	0.36	3
0.02	0.37	3
0.02	0.38	3
0.02	0.39	3
0.02	0.4	3
0.02	0.41	3
0.02	0.42	3
0.02	0.43	3.00005
0.02	0.44	2.99981
0.02	0.45	3.00033
0.02	0.46	2.99998
0.02	0.47	3.00111
0.02	0.48	2.98132
0.02	0.49	3.26603
0.02	0.5	3.14075
0.02	0.51	3.28529
0.02	0.52	3.485
0.02	0.53	3.66387
0.02	0.54	3.69764
0.02	0.55	3.96498
0.02	0.56	4.08437
0.02	0.57	3.81911
0.02	0.58	3.80191
0.02	0.59	4.02287
0.02	0.6	3.94206
0.02	0.61	3.65126
0.02	0.62	3.85273
0.02	0.63	4.24025
0.02	0.64	3.71169
0.02	0.65	3.60912
0.02	0.66	3.5094
0.02	0.67	2.32414
0.02	0.68	2.02416
0.02	0.69	2.00131
0.02	0.7	2.00006
0.02	0.71	2
0.02	0.72	2
0.02	0.73	2
0.02	0.74	2
0.02	0.75	2
0.02	0.76	2
0.02	0.77	2
0.02	0.78	2
0.02	0.79	2
0.02	0.8	2
0.02	0.81	2
0.02	0.82	2
0.02	0.83	2
0.02	0.84	2
0.02	0.85	2
0.02	0.86	2
0.02	0.87	2
0.02	0.88	2
0.02	0.89	2
0.02	0.9	2
0.02	0.91	2
0.02	0.92	2
0.02	0.93	2
0.02	0.94	2
0.02	0.95	2
0.02	0.96	2
0.02	0.97	2
0.02	0.98	2
0.02	0.99	2


0.03	0	3
0.03	0.01	3
0.03	0.02	3
0.03	0.03	3
0.03	0.04	3
0.03	0.05	3
0.03	0.06	3
0.03	0.07	3
0.03	0.08	3
0.03	0.09	3
0.03	0.1	3
0.03	0.11	3
0.03	0.12	3
0.03	0.13	3
0.03	0.14	3
0.03	0.15	3
0.03	0.16	3
0.03	0.17	3
0.03	0.18	3
0.03	0.19	3
0.03	0.2	3
0.03	0.21	3
0.03	0.22	3
0.03	0.23	3
0.03	0.24	3
0.03	0.25	3
0.03	0.26	3
0.03	0.27	3
0.03	0.28	3
0.03	0.29	3
0.03	0.3	3
0.03	0.31	3
0.03	0.32	3
0.03	0.33	3
0.03	0.34	3
0.03	0.35	3
0.03	0.36	3
0.03	0.37	3
0.03	0.38	3
0.03	0.39	3
0.03	0.4	3
0.03	0.41	3
0.03	0.42	3
0.03	0.43	2.99998
0.03	0.44	3.00002
0.03	0.45	3.00008
0.03	0.46	2.9997
0.03	0.47	3.00038
0.03	0.48	3.00053
0.03	0.49	3.09538
0.03	0.5	3.31698
0.03	0.51	3.23007
0.03	0.52	3.24434
0.03	0.53	3.29226
0.03	0.54	3.39353
0.03	0.55	3.58808
0.03	0.56	3.76306
0.03	0.57	3.76451
0.03	0.58	3.94474
0.03	0.59	4.10567
0.03	0.6	3.88007
0.03	0.61	3.8309
0.03	0.62	4.00267
0.03	0.63	4.00348
0.03	0.64	3.83785
0.03	0.65	3.93556
0.03	0.66	4.09393
0.03	0.67	3.95864
0.03	0.68	3.8574
0.03	0.69	3.84897
0.03	0.7	4.02201
0.03	0.71	4.02064
0.03	0.72	3.75679
0.03	0.73	3.7875
0.03	0.74	3.83517
0.03	0.75	3.05496
0.03	0.76	2.08125
0.03	0.77	2.00441
0.03	0.78	2.00026
0.03	0.79	2.00002
0.03	0.8	2
0.03	0.81	2
0.03	0.82	2
0.03	0.83	2
0.03	0.84	2
0.03	0.85	2
0.03	0.86	2
0.03	0.87	2
0.03	0.88	2
0.03	0.89	2
0.03	0.9	2
0.03	0.91	2
0.03	0.92	2
0.03	0.93	2
0.03	0.94	2
0.03	0.95	2
0.03	0.96	2
0.03	0.97	2
0.03	0.98	2
0.03	0.99	2


0.04	0	3
0.04	0.01	3
0.04	0.02	3
0.04	0.03	3
0.04	0.04	3
0.04	0.05	3
0.04	0.06	3
0.04	0.07	3
0.04	0.08	3
0.04	0.09	3
0.04	0.1	3
0.04	0.11	3
0.04	0.12	3
0.04	0.13	3
0.04	0.14	3
0.04	0.15	3
0.04	0.16	3
0.04	0.17	3
0.04	0.18	3
0.04	0.19	3
0.04	0.2	3
0.04	0.21	3
0.04	0.22	3
0.04	0.23	3
0.04	0.24	3
0.04	0.25	3
0.04	0.26	3
0.04	0.27	3
0.04	0.28	3
0.04	0.29	3
0.04	0.3	3
0.04	0.31	3
0.04	0.32	3
0.04	0.33	3
0.04	0.34	3
0.04	0.35	3
0.04	0.36	3
0.04	0.37	3
0.04	0.38	3
0.04	0.39	3
0.04	0.4	3
0.04	0.41	3
0.04	0.42	3
0.04	0.43	3.00001
0.04	0.44	3
0.04	0.45	3.00001
0.04	0.46	2.99993
0.04	0.47	2.99996
0.04	0.48	3.00379
0.04	0.49	3.04457
0.04	0.5	3.27306
0.04	0.51	3.30001
0.04	0.52	3.27684
0.04	0.53	3.24911
0.04	0.54	3.24787
0.04	0.55	3.29125
0.04	0.56	3.36876
0.04	0.57	3.47488
0.04	0.58	3.68918
0.04	0.59	3.83293
0.04	0.6	3.81465
0.04	0.61	3.94156
0.04	0.62	4.11687
0.04	0.63	3.89815
0.04	0.64	3.80682
0.04	0.65	3.98808
0.04	0.66	4.05847
0.04	0.67	3.92013
0.04	0.68	3.8309
0.04	0.69	4.03177
0.04	0.7	4.11634
0.04	0.71	3.89218
0.04	0.72	3.87339
0.04	0.73	4.05512
0.04	0.74	4.05049
0.04	0.75	3.86945
0.04	0.76	3.97226
0.04	0.77	4.15373
0.04	0.78	3.92863
0.04	0.79	3.87752
0.04	0.8	3.8829
0.04	0.81	3.81006
0.04	0.82	3.81755
0.04	0.83	3.79998
0.04	0.84	2.50281
0.04	0.85	2.03372
0.04	0.86	2.00192
0.04	0.87	2.00011
0.04	0.88	2.00001
0.04	0.89	2
0.04	0.9	2
0.04	0.91	2
0.04	0.92	2
0.04	0.93	2
0.04	0.94	2
0.04	0.95	2
0.04	0.96	2
0.04	0.97	2
0.04	0.98	2
0.04	0.99	2


0.05	0	3
0.05	0.01	3
0.05	0.02	3
0.05	0.03	3
0.05	0.04	3
0.05	0.05	3
0.05	0.06	3
0.05	0.07	3
0.05	0.08	3
0.05	0.09	3
0.05	0.1	3
0.05	0.11	3
0.05	0.12	3
0.05	0.13	3
0.05	0.14	3
0.05	0.15	3
0.05	0.16	3
0.05	0.17	3
0.05	0.18	3
0.05	0.19	3
0.05	0.2	3
0.05	0.21	3
0.05	0.22	3
0.05	0.23	3
0.05	0.24	3
0.05	0.25	3
0.05	0.26	3
0.05	0.27	3
0.05	0.28	3
0.05	0.29	3
0.05	0.3	3
0.05	0.31	3
0.05	0.32	3
0.05	0.33	3
0.05	0.34	3
0.05	0.35	3
0.05	0.36	3
0.05	0.37	3
0.05	0.38	3
0.05	0.39	3
0.05	0.4	3
0.05	0.41	3
0.05	0.42	3
0.05	0.43	3
0.05	0.44	3
0.05	0.45	3
0.05	0.46	2.99994
0.05	0.47	3.00025
0.05	0.48	3.00142
0.05	0.49	3.02361
0.05	0.5	3.24544
0.05	0.51	3.26136
0.05	0.52	3.28591
0.05	0.53	3.28987
0.05	0.54	3.27102
0.05	0.55	3.24491
0.05	0.56	3.24065
0.05	0.57	3.26565
0.05	0.58	3.33034
0.05	0.59	3.43325
0.05	0.6	3.54387
0.05	0.61	3.77677
0.05	0.62	3.87353
0.05	0.63	3.83147
0.05	0.64	3.93337
0.05	0.65	4.08601
0.05	0.66	3.93271
0.05	0.67	3.82627
0.05	0.68	3.92149
0.05	0.69	4.05481
0.05	0.7	4.00737
0.05	0.71	3.82483
0.05	0.72	3.95113
0.05	0.73	4.26141
0.05	0.74	3.89446
0.05	0.75	3.79852
0.05	0.76	4.05888
0.05	0.77	4.10972
0.05	0.78	3.92354
0.05	0.79	3.92942
0.05	0.8	4.05835
0.05	0.81	4.03951
0.05	0.82	3.92107
0.05	0.83	3.86609
0.05	0.84	4.03891
0.05	0.85	4.08553
0.05	0.86	3.91417
0.05	0.87	3.87188
0.05	0.88	4.07678
0.05	0.89	3.97817
0.05	0.9	3.7641
0.05	0.91	3.85461
0.05	0.92	3.44747
0.05	0.93	2.17855
0.05	0.94	2.01181
0.05	0.95	2.00075
0.05	0.96	2.00004
0.05	0.97	2
0.05	0.98	2
0.05	0.99	2


0.06	0	3
0.06	0.01	3
0.06	0.02	3
0.06	0.03	3
0.06	0.04	3
0.06	0.05	3
0.06	0.06	3
0.06	0.07	3
0.06	0.08	3
0.06	0.09	3
0.06	0.1	3
0.06	0.11	3
0.06	0.12	3
0.06	0.13	3
0.06	0.14	3
0.06	0.15	3
0.06	0.16	3
0.06	0.17	3
0.06	0.18	3
0.06	0.19	3
0.06	0.2	3
0.06	0.21	3
0.06	0.22	3
0.06	0.23	3
0.06	0.24	3
0.06	0.25	3
0.06	0.26	3
0.06	0.27	3
0.06	0.28	3
0.06	0.29	3
0.06	0.3	3
0.06	0.31	3
0.06	0.32	3
0.06	0.33	3
0.06	0.34	3
0.06	0.35	3
0.06	0.36	3
0.06	0.37	3
0.06	0.38	3
0.06	0.39	3
0.06	0.4	3
0.06	0.41	3
0.06	0.42	3
0.06	0.43	3
0.06	0.44	3
0.06	0.45	3
0.06	0.46	2.99999
0.06	0.47	3.00007
0.06	0.48	3.00148
0.06	0.49	3.01546
0.06	0.5	3.12273
0.06	0.51	3.30642
0.06	0.52	3.26364
0.06	0.53	3.27595
0.06	0.54	3.28344
0.06	0.55	3.28367
0.06	0.56	3.2711
0.06	0.57	3.26277
0.06	0.58	3.26451
0.06	0.59	3.27926
0.06	0.6	3.32084
0.06	0.61	3.40597
0.06	0.62	3.50866
0.06	0.63	3.62925
0.06	0.64	3.83991
0.06	0.65	3.87741
0.06	0.66	3.83695
0.06	0.67	3.91798
0.06	0.68	4.0091
0.06	0.69	3.97174
0.06	0.7	3.85899
0.06	0.71	3.85443
0.06	0.72	4.04293
0.06	0.73	4.03647
0.06	0.74	3.86196
0.06	0.75	3.89985
0.06	0.76	4.15777
0.06	0.77	4.04715
0.06	0.78	3.72434
0.06	0.79	3.9695
0.06	0.8	4.26627
0.06	0.81	3.96858
0.06	0.82	3.7885
0.06	0.83	4.01847
0.06	0.84	4.22517
0.06	0.85	3.90454
0.06	0.86	3.757
0.06	0.87	4.06369
0.06	0.88	4.17492
0.06	0.89	3.93498
0.06	0.9	3.92031
0.06	0.91	4.00351
0.06	0.92	4.05322
0.06	0.93	3.92937
0.06	0.94	3.94157
0.06	0.95	4.02599
0.06	0.96	3.97146
0.06	0.97	3.94667
0.06	0.98	3.94667
0.06	0.99	3.94667


0.07	0	3
0.07	0.01	3
0.07	0.02	3
0.07	0.03	3
0.07	0.04	3
0.07	0.05	3
0.07	0.06	3
0.07	0.07	3
0.07	0.08	3
0.07	0.09	3
0.07	0.1	3
0.07	0.11	3
0.07	0.12	3
0.07	0.13	3
0.07	0.14	3
0.07	0.15	3
0.07	0.16	3
0.07	0.17	3
0.07	0.18	3
0.07	0.19	3
0.07	0.2	3
0.07	0.21	3
0.07	0.22	3
0.07	0.23	3
0.07	0.24	3
0.07	0.25	3
0.07	0.26	3
0.07	0.27	3
0.07	0.28	3
0.07	0.29	3
0.07	0.3	3
0.07	0.31	3
0.07	0.32	3
0.07	0.33	3
0.07	0.34	3
0.07	0.35	3
0.07	0.36	3
0.07	0.37	3
0.07	0.38	3
0.07	0.39	3
0.07	0.4	3
0.07	0.41	3
0.07	0.42	3
0.07	0.43	3
0.07	0.44	3
0.07	0.45	3
0.07	0.46	3
0.07	0.47	3.00004
0.07	0.48	3.00103
0.07	0.49	3.0101
0.07	0.5	3.0607
0.07	0.51	3.28653
0.07	0.52	3.28474
0.07	0.53	3.2794
0.07	0.54	3.27238
0.07	0.55	3.27866
0.07	0.56	3.28385
0.07	0.57	3.28461
0.07	0.58	3.27875
0.07	0.59	3.27163
0.07	0.6	3.2705
0.07	0.61	3.28172
0.07	0.62	3.31352
0.07	0.63	3.37578
0.07	0.64	3.48528
0.07	0.65	3.58836
0.07	0.66	3.68145
0.07	0.67	3.8873
0.07	0.68	3.90844
0.07	0.69	3.86113
0.07	0.7	3.91825
0.07	0.71	3.98721
0.07	0.72	4.02332
0.07	0.73	3.86465
0.07	0.74	3.84213
0.07	0.75	4.01415
0.07	0.76	4.08933
0.07	0.77	3.86567
0.07	0.78	3.8268
0.07	0.79	4.06479
0.07	0.8	4.15413
0.07	0.81	3.83934
0.07	0.82	3.80831
0.07	0.83	4.13634
0.07	0.84	4.13151
0.07	0.85	3.82891
0.07	0.86	3.85809
0.07	0.87	4.18256
0.07	0.88	4.06061
0.07	0.89	3.70329
0.07	0.9	3.90549
0.07	0.91	4.36054
0.07	0.92	3.98511
0.07	0.93	3.72409
0.07	0.94	4.06685
0.07	0.95	4.13844
0.07	0.96	3.94863
0.07	0.97	3.92755
0.07	0.98	3.92755
0.07	0.99	3.92755


0.08	0	3
0.08	0.01	3
0.08	0.02	3
0.08	0.03	3
0.08	0.04	3
0.08	0.05	3
0.08	0.06	3
0.08	0.07	3
0.08	0.08	3
0.08	0.09	3
0.08	0.1	3
0.08	0.11	3
0.08	0.12	3
0.08	0.13	3
0.08	0.14	3
0.08	0.15	3
0.08	0.16	3
0.08	0.17	3
0.08	0.18	3
0.08	0.19	3
0.08	0.2	3
0.08	0.21	3
0.08	0.22	3
0.08	0.23	3
0.08	0.24	3
0.08	0.25	3
0.08	0.26	3
0.08	0.27	3
0.08	0.28	3
0.08	0.29	3
0.08	0.3	3
0.08	0.31	3
0.08	0.32	3
0.08	0.33	3
0.08	0.34	3
0.08	0.35	3
0.08	0.36	3
0.08	0.37	3
0.08	0.38	3
0.08	0.39	3
0.08	0.4	3
0.08	0.41	3
0.08	0.42	3
0.08	0.43	3
0.08	0.44	3
0.08	0.45	3
0.08	0.46	3
0.08	0.47	3.00004
0.08	0.48	3.00067
0.08	0.49	3.00586
0.08	0.5	3.02991
0.08	0.51	3.25952
0.08	0.52	3.26095
0.08	0.53	3.27469
0.08	0.54	3.27203
0.08	0.55	3.266
0.08	0.56	3.26642
0.08	0.57	3.27397
0.08	0.58	3.28081
0.08	0.59	3.28072
0.08	0.6	3.27797
0.08	0.61	3.27279
0.08	0.62	3.27145
0.08	0.63	3.29017
0.08	0.64	3.30689
0.08	0.65	3.35835
0.08	0.66	3.42901
0.08	0.67	3.56357
0.08	0.68	3.65274
0.08	0.69	3.74699
0.08	0.7	3.91
0.08	0.71	3.92973
0.08	0.72	3.89936
0.08	0.73	3.87372
0.08	0.74	3.99026
0.08	0.75	4.02642
0.08	0.76	3.89696
0.08	0.77	3.84778
0.08	0.78	3.98059
0.08	0.79	4.09531
0.08	0.8	3.95078
0.08	0.81	3.84237
0.08	0.82	3.97479
0.08	0.83	4.25599
0.08	0.84	3.91873
0.08	0.85	3.67254
0.08	0.86	4.04088
0.08	0.87	4.32082
0.08	0.88	3.82624
0.08	0.89	3.71685
0.08	0.9	4.10769
0.08	0.91	4.21496
0.08	0.92	3.7331
0.08	0.93	3.79183
0.08	0.94	4.17689
0.08	0.95	4.06427
0.08	0.96	3.74834
0.08	0.97	4.0085
0.08	0.98	4.0085
0.08	0.99	4.0085


0.09	0	3
0.09	0.01	3
0.09	0.02	3
0.09	0.03	3
0.09	0.04	3
0.09	0.05	3
0.09	0.06	3
0.09	0.07	3
0.09	0.08	3
0.09	0.09	3
0.09	0.1	3
0.09	0.11	3
0.09	0.12	3
0.09	0.13	3
0.09	0.14	3
0.09	0.15	3
0.09	0.16	3
0.09	0.17	3
0.09	0.18	3
0.09	0.19	3
0.09	0.2	3
0.09	0.21	3
0.09	0.22	3
0.09	0.23	3
0.09	0.24	3
0.09	0.25	3
0.09	0.26	3
0.09	0.27	3
0.09	0.28	3
0.09	0.29	3
0.09	0.3	3
0.09	0.31	3
0.09	0.32	3
0.09	0.33	3
0.09	0.34	3
0.09	0.35	3
0.09	0.36	3
0.09	0.37	3
0.09	0.38	3
0.09	0.39	3
0.09	0.4	3
0.09	0.41	3
0.09	0.42	3
0.09	0.43	3
0.09	0.44	3
0.09	0.45	3
0.09	0.46	3
0.09	0.47	3.00003
0.09	0.48	3.00048
0.09	0.49	3.0029
0.09	0.5	3.01971
0.09	0.51	3.16443
0.09	0.52	3.27657
0.09	0.53	3.26627
0.09	0.54	3.2757
0.09	0.55	3.28079
0.09	0.56	3.28326
0.09	0.57	3.27756
0.09	0.58	3.27307
0.09	0.59	3.27557
0.09	0.6	3.27993
0.09	0.61	3.27865
0.09	0.62	3.26981
0.09	0.63	3.26161
0.09	0.64	3.25894
0.09	0.65	3.27142
0.09	0.66	3.29012
0.09	0.67	3.33635
0.09	0.68	3.40343
0.09	0.69	3.4818
0.09	0.7	3.63748
0.09	0.71	3.71123
0.09	0.72	3.78501
0.09	0.73	3.91314
0.09	0.74	3.9549
0.09	0.75	3.89904
0.09	0.76	3.87346
0.09	0.77	3.97476
0.09	0.78	4.06014
0.09	0.79	3.91415
0.09	0.8	3.84268
0.09	0.81	3.97219
0.09	0.82	4.08713
0.09	0.83	3.99732
0.09	0.84	3.88911
0.09	0.85	3.92059
0.09	0.86	4.11488
0.09	0.87	4.08737
0.09	0.88	3.81285
0.09	0.89	3.9022
0.09	0.9	4.18357
0.09	0.91	4.02704
0.09	0.92	3.58097
0.09	0.93	4.1224
0.09	0.94	4.25032
0.09	0.95	3.8725
0.09	0.96	3.8796
0.09	0.97	3.96857
0.09	0.98	3.96857
0.09	0.99	3.96857


0.1	0	3
0.1	0.01	3
0.1	0.02	3
0.1	0.03	3
0.1	0.04	3
0.1	0.05	3
0.1	0.06	3
0.1	0.07	3
0.1	0.08	3
0.1	0.09	3
0.1	0.1	3
0.1	0.11	3
0.1	0.12	3
0.1	0.13	3
0.1	0.14	3
0.1	0.15	3
0.1	0.16	3
0.1	0.17	3
0.1	0.18	3
0.1	0.19	3
0.1	0.2	3
0.1	0.21	3
0.1	0.22	3
0.1	0.23	3
0.1	0.24	3
0.1	0.25	3
0.1	0.26	3
0.1	0.27	3
0.1	0.28	3
0.1	0.29	3
0.1	0.3	3
0.1	0.31	3
0.1	0.32	3
0.1	0.33	3
0.1	0.34	3
0.1	0.35	3
0.1	0.36	3
0.1	0.37	3
0.1	0.38	3
0.1	0.39	3
0.1	0.4	3
0.1	0.41	3
0.1	0.42	3
0.1	0.43	3
0.1	0.44	3
0.1	0.45	3
0.1	0.46	3
0.1	0.47	3.00003
0.1	0.48	3.00024
0.1	0.49	3.00189
0.1	0.5	3.01344
0.1	0.51	3.07706
0.1	0.52	3.29335
0.1	0.53	3.28202
0.1	0.54	3.27656
0.1	0.55	3.27448
0.1	0.56	3.27475
0.1	0.57	3.28151
0.1	0.58	3.28376
0.1	0.59	3.2818
0.1	0.6	3.27904
0.1	0.61	3.27779
0.1	0.62	3.27766
0.1	0.63	3.27729
0.1	0.64	3.27512
0.1	0.65	3.27453
0.1	0.66	3.27396
0.1	0.67	3.28137
0.1	0.68	3.29592
0.1	0.69	3.32767
0.1	0.7	3.38001
0.1	0.71	3.46016
0.1	0.72	3.54148
0.1	0.73	3.69409
0.1	0.74	3.76801
0.1	0.75	3.76913
0.1	0.76	3.88217
0.1	0.77	3.9943
0.1	0.78	3.89738
0.1	0.79	3.85412
0.1	0.8	3.95602
0.1	0.81	4.03726
0.1	0.82	3.94359
0.1	0.83	3.87497
0.1	0.84	3.96033
0.1	0.85	4.02881
0.1	0.86	4.07304
0.1	0.87	3.92018
0.1	0.88	3.8722
0.1	0.89	4.09604
0.1	0.9	4.12661
0.1	0.91	3.84869
0.1	0.92	3.87195
0.1	0.93	4.12351
0.1	0.94	4.0016
0.1	0.95	3.71859
0.1	0.96	4.04292
0.1	0.97	4.11066
0.1	0.98	4.11066
0.1	0.99	4.11066


0.11	0	3
0.11	0.01	3
0.11	0.02	3
0.11	0.03	3
0.11	0.04	3
0.11	0.05	3
0.11	0.06	3
0.11	0.07	3
0.11	0.08	3
0.11	0.09	3
0.11	0.1	3
0.11	0.11	3
0.11	0.12	3
0.11	0.13	3
0.11	0.14	3
0.11	0.15	3
0.11	0.16	3
0.11	0.17	3
0.11	0.18	3
0.11	0.19	3
0.11	0.2	3
0.11	0.21	3
0.11	0.22	3
0.11	0.23	3
0.11	0.24	3
0.11	0.25	3
0.11	0.26	3
0.11	0.27	3
0.11	0.28	3
0.11	0.29	3
0.11	0.3	3
0.11	0.31	3
0.11	0.32	3
0.11	0.33	3
0.11	0.34	3
0.11	0.35	3
0.11	0.36	3
0.11	0.37	3
0.11	0.38	3
0.11	0.39	3
0.11	0.4	3
0.11	0.41	3
0.11	0.42	3
0.11	0.43	3
0.11	0.44	3
0.11	0.45	3
0.11	0.46	3
0.11	0.47	3.00002
0.11	0.48	3.00015
0.11	0.49	3.00111
0.11	0.5	3.00834
0.11	0.51	3.04661
0.11	0.52	3.22615
0.11	0.53	3.28301
0.11	0.54	3.28674
0.11	0.55	3.28292
0.11	0.56	3.27644
0.11	0.57	3.27517
0.11	0.58	3.27616
0.11	0.59	3.28079
0.11	0.6	3.28325
0.11	0.61	3.28298
0.11	0.62	3.28238
0.11	0.63	3.28184
0.11	0.64	3.28038
0.11	0.65	3.27938
0.11	0.66	3.27844
0.11	0.67	3.2781
0.11	0.68	3.27887
0.11	0.69	3.28384
0.11	0.7	3.29399
0.11	0.71	3.32158
0.11	0.72	3.36388
0.11	0.73	3.43919
0.11	0.74	3.51251
0.11	0.75	3.59857
0.11	0.76	3.75479
0.11	0.77	3.81929
0.11	0.78	3.79927
0.11	0.79	3.89084
0.11	0.8	4.0119
0.11	0.81	3.91255
0.11	0.82	3.87239
0.11	0.83	3.92675
0.11	0.84	3.99856
0.11	0.85	3.98035
0.11	0.86	3.90327
0.11	0.87	3.88593
0.11	0.88	4.05186
0.11	0.89	4.06359
0.11	0.9	3.90706
0.11	0.91	3.84944
0.11	0.92	4.07309
0.11	0.93	4.11737
0.11	0.94	3.90141
0.11	0.95	3.92386
0.11	0.96	4.0277
0.11	0.97	3.9853
0.11	0.98	3.9853
0.11	0.99	3.9853


0.12	0	3
0.12	0.01	3
0.12	0.02	3
0.12	0.03	3
0.12	0.04	3
0.12	0.05	3
0.12	0.06	3
0.12	0.07	3
0.12	0.08	3
0.12	0.09	3
0.12	0.1	3
0.12	0.11	3
0.12	0.12	3
0.12	0.13	3
0.12	0.14	3
0.12	0.15	3
0.12	0.16	3
0.12	0.17	3
0.12	0.18	3
0.12	0.19	3
0.12	0.2	3
0.12	0.21	3
0.12	0.22	3
0.12	0.23	3
0.12	0.24	3
0.12	0.25	3
0.12	0.26	3
0.12	0.27	3
0.12	0.28	3
0.12	0.29	3
0.12	0.3	3
0.12	0.31	3
0.12	0.32	3
0.12	0.33	3
0.12	0.34	3
0.12	0.35	3
0.12	0.36	3
0.12	0.37	3
0.12	0.38	3
0.12	0.39	3
0.12	0.4	3
0.12	0.41	3
0.12	0.42	3
0.12	0.43	3
0.12	0.44	3
0.12	0.45	3
0.12	0.46	3
0.12	0.47	3.00001
0.12	0.48	3.00007
0.12	0.49	3.00088
0.12	0.5	3.00363
0.12	0.51	3.02318
0.12	0.52	3.21669
0.12	0.53	3.26076
0.12	0.54	3.26736
0.12	0.55	3.279
0.12	0.56	3.28427
0.12	0.57	3.28328
0.12	0.58	3.27836
0.12	0.59	3.26466
0.12	0.6	3.2605
0.12	0.61	3.26265
0.12	0.62	3.26518
0.12	0.63	3.27061
0.12	0.64	3.27521
0.12	0.65	3.27924
0.12	0.66	3.28026
0.12	0.67	3.27993
0.12	0.68	3.27956
0.12	0.69	3.27851
0.12	0.7	3.2796
0.12	0.71	3.28368
0.12	0.72	3.29482
0.12	0.73	3.31785
0.12	0.74	3.35388
0.12	0.75	3.41116
0.12	0.76	3.4893
0.12	0.77	3.58551
0.12	0.78	3.64154
0.12	0.79	3.79897
0.12	0.8	3.86575
0.12	0.81	3.82817
0.12	0.82	3.88901
0.12	0.83	3.98572
0.12	0.84	3.9449
0.12	0.85	3.88986
0.12	0.86	3.89627
0.12	0.87	3.99624
0.12	0.88	4.02925
0.12	0.89	3.91937
0.12	0.9	3.86127
0.12	0.91	4.04972
0.12	0.92	4.12027
0.12	0.93	3.89278
0.12	0.94	3.87393
0.12	0.95	4.04676
0.12	0.96	4.02728
0.12	0.97	3.95775
0.12	0.98	3.95775
0.12	0.99	3.95775


0.13	0	3
0.13	0.01	3
0.13	0.02	3
0.13	0.03	3
0.13	0.04	3
0.13	0.05	3
0.13	0.06	3
0.13	0.07	3
0.13	0.08	3
0.13	0.09	3
0.13	0.1	3
0.13	0.11	3
0.13	0.12	3
0.13	0.13	3
0.13	0.14	3
0.13	0.15	3
0.13	0.16	3
0.13	0.17	3
0.13	0.18	3
0.13	0.19	3
0.13	0.2	3
0.13	0.21	3
0.13	0.22	3
0.13	0.23	3
0.13	0.24	3
0.13	0.25	3
0.13	0.26	3
0.13	0.27	3
0.13	0.28	3
0.13	0.29	3
0.13	0.3	3
0.13	0.31	3
0.13	0.32	3
0.13	0.33	3
0.13	0.34	3
0.13	0.35	3
0.13	0.36	3
0.13	0.37	3
0.13	0.38	3
0.13	0.39	3
0.13	0.4	3
0.13	0.41	3
0.13	0.42	3
0.13	0.43	3
0.13	0.44	3
0.13	0.45	3
0.13	0.46	3
0.13	0.47	3.00001
0.13	0.48	3.00006
0.13	0.49	3.00041
0.13	0.5	3.00249
0.13	0.51	3.01638
0.13	0.52	3.10369
0.13	0.53	3.29477
0.13	0.54	3.27172
0.13	0.55	3.27312
0.13	0.56	3.27424
0.13	0.57	3.27912
0.13	0.58	3.28151
0.13	0.59	3.28083
0.13	0.6	3.27825
0.13	0.61	3.27663
0.13	0.62	3.27393
0.13	0.63	3.2757
0.13	0.64	3.27672
0.13	0.65	3.27739
0.13	0.66	3.27726
0.13	0.67	3.27773
0.13	0.68	3.2758
0.13	0.69	3.27604
0.13	0.7	3.26648
0.13	0.71	3.26337
0.13	0.72	3.26363
0.13	0.73	3.27352
0.13	0.74	3.28135
0.13	0.75	3.31302
0.13	0.76	3.33833
0.13	0.77	3.38977
0.13	0.78	3.45153
0.13	0.79	3.55186
0.13	0.8	3.63553
0.13	0.81	3.68184
0.13	0.82	3.83196
0.13	0.83	3.90783
0.13	0.84	3.85189
0.13	0.85	3.86309
0.13	0.86	3.95838
0.13	0.87	4.00111
0.13	0.88	3.90339
0.13	0.89	3.8765
0.13	0.9	3.98911
0.13	0.91	4.067
0.13	0.92	3.91617
0.13	0.93	3.86263
0.13	0.94	4.06091
0.13	0.95	4.06504
0.13	0.96	3.95304
0.13	0.97	3.94598
0.13	0.98	3.94598
0.13	0.99	3.94598


0.14	0	3
0.14	0.01	3
0.14	0.02	3
0.14	0.03	3
0.14	0.04	3
0.14	0.05	3
0.14	0.06	3
0.14	0.07	3
0.14	0.08	3
0.14	0.09	3
0.14	0.1	3
0.14	0.11	3
0.14	0.12	3
0.14	0.13	3
0.14	0.14	3
0.14	0.15	3
0.14	0.16	3
0.14	0.17	3
0.14	0.18	3
0.14	0.19	3
0.14	0.2	3
0.14	0.21	3
0.14	0.22	3
0.14	0.23	3
0.14	0.24	3
0.14	0.25	3
0.14	0.26	3
0.14	0.27	3
0.14	0.28	3
0.14	0.29	3
0.14	0.3	3
0.14	0.31	3
0.14	0.32	3
0.14	0.33	3
0.14	0.34	3
0.14	0.35	3
0.14	0.36	3
0.14	0.37	3
0.14	0.38	3
0.14	0.39	3
0.14	0.4	3
0.14	0.41	3
0.14	0.42	3
0.14	0.43	3
0.14	0.44	3
0.14	0.45	3
0.14	0.46	3
0.14	0.47	3
0.14	0.48	3.00004
0.14	0.49	3.00023
0.14	0.5	3.00156
0.14	0.51	3.01013
0.14	0.52	3.05763
0.14	0.53	3.24756
0.14	0.54	3.31402
0.14	0.55	3.28596
0.14	0.56	3.26204
0.14	0.57	3.26351
0.14	0.58	3.27417
0.14	0.59	3.28776
0.14	0.6	3.29038
0.14	0.61	3.28466
0.14	0.62	3.28003
0.14	0.63	3.27384
0.14	0.64	3.27449
0.14	0.65	3.27853
0.14	0.66	3.28152
0.14	0.67	3.28107
0.14	0.68	3.28024
0.14	0.69	3.27819
0.14	0.7	3.27685
0.14	0.71	3.27654
0.14	0.72	3.27629
0.14	0.73	3.27635
0.14	0.74	3.27523
0.14	0.75	3.28624
0.14	0.76	3.28413
0.14	0.77	3.30153
0.14	0.78	3.32684
0.14	0.79	3.36918
0.14	0.8	3.42601
0.14	0.81	3.48532
0.14	0.82	3.58839
0.14	0.83	3.69505
0.14	0.84	3.70566
0.14	0.85	3.80698
0.14	0.86	3.95163
0.14	0.87	3.8667
0.14	0.88	3.8412
0.14	0.89	3.93421
0.14	0.9	4.03125
0.14	0.91	3.93529
0.14	0.92	3.81872
0.14	0.93	4.01437
0.14	0.94	4.10208
0.14	0.95	3.91557
0.14	0.96	3.91907
0.14	0.97	3.99736
0.14	0.98	3.99736
0.14	0.99	3.99736


0.15	0	3
0.15	0.01	3
0.15	0.02	3
0.15	0.03	3
0.15	0.04	3
0.15	0.05	3
0.15	0.06	3
0.15	0.07	3
0.15	0.08	3
0.15	0.09	3
0.15	0.1	3
0.15	0.11	3
0.15	0.12	3
0.15	0.13	3
0.15	0.14	3
0.15	0.15	3
0.15	0.16	3
0.15	0.17	3
0.15	0.18	3
0.15	0.19	3
0.15	0.2	3
0.15	0.21	3
0.15	0.22	3
0.15	0.23	3
0.15	0.24	3
0.15	0.25	3
0.15	0.26	3
0.15	0.27	3
0.15	0.28	3
0.15	0.29	3
0.15	0.3	3
0.15	0.31	3
0.15	0.32	3
0.15	0.33	3
0.15	0.34	3
0.15	0.35	3
0.15	0.36	3
0.15	0.37	3
0.15	0.38	3
0.15	0.39	3
0.15	0.4	3
0.15	0.41	3
0.15	0.42	3
0.15	0.43	3
0.15	0.44	3
0.15	0.45	3
0.15	0.46	3
0.15	0.47	3
0.15	0.48	3.00002
0.15	0.49	3.00013
0.15	0.5	3.00112
0.15	0.51	3.00505
0.15	0.52	3.02732
0.15	0.53	3.2509
0.15	0.54	3.26874
0.15	0.55	3.28589
0.15	0.56	3.26604
0.15	0.57	3.25843
0.15	0.58	3.26142
0.15	0.59	3.27476
0.15	0.6	3.27509
0.15	0.61	3.26026
0.15	0.62	3.26054
0.15	0.63	3.28304
0.15	0.64	3.295
0.15	0.65	3.29569
0.15	0.66	3.2769
0.15	0.67	3.27005
0.15	0.68	3.27119
0.15	0.69	3.28025
0.15	0.7	3.28658
0.15	0.71	3.28657
0.15	0.72	3.28437
0.15	0.73	3.27682
0.15	0.74	3.27466
0.15	0.75	3.27877
0.15	0.76	3.27972
0.15	0.77	3.2814
0.15	0.78	3.28921
0.15	0.79	3.30039
0.15	0.8	3.3301
0.15	0.81	3.35846
0.15	0.82	3.40733
0.15	0.83	3.47474
0.15	0.84	3.54264
0.15	0.85	3.64168
0.15	0.86	3.75478
0.15	0.87	3.75946
0.15	0.88	3.81022
0.15	0.89	3.92181
0.15	0.9	3.91787
0.15	0.91	3.85206
0.15	0.92	3.8998
0.15	0.93	4.03042
0.15	0.94	3.92382
0.15	0.95	3.82872
0.15	0.96	4.00479
0.15	0.97	4.00075
0.15	0.98	4.00075
0.15	0.99	4.00075


0.16	0	3
0.16	0.01	3
0.16	0.02	3
0.16	0.03	3
0.16	0.04	3
0.16	0.05	3
0.16	0.06	3
0.16	0.07	3
0.16	0.08	3
0.16	0.09	3
0.16	0.1	3
0.16	0.11	3
0.16	0.12	3
0.16	0.13	3
0.16	0.14	3
0.16	0.15	3
0.16	0.16	3
0.16	0.17	3
0.16	0.18	3
0.16	0.19	3
0.16	0.2	3
0.16	0.21	3
0.16	0.22	3
0.16	0.23	3
0.16	0.24	3
0.16	0.25	3
0.16	0.26	3
0.16	0.27	3
0.16	0.28	3
0.16	0.29	3
0.16	0.3	3
0.16	0.31	3
0.16	0.32	3
0.16	0.33	3
0.16	0.34	3
0.16	0.35	3
0.16	0.36	3
0.16	0.37	3
0.16	0.38	3
0.16	0.39	3
0.16	0.4	3
0.16	0.41	3
0.16	0.42	3
0.16	0.43	3
0.16	0.44	3
0.16	0.45	3
0.16	0.46	3
0.16	0.47	3
0.16	0.48	3.00001
0.16	0.49	3.00009
0.16	0.5	3.0006
0.16	0.51	3.00307
0.16	0.52	3.01866
0.16	0.53	3.14056
0.16	0.54	3.28988
0.16	0.55	3.26365
0.16	0.56	3.26902
0.16	0.57	3.27974
0.16	0.58	3.28396
0.16	0.59	3.28315
0.16	0.6	3.2779
0.16	0.61	3.27286
0.16	0.62	3.27103
0.16	0.63	3.27054
0.16	0.64	3.27254
0.16	0.65	3.28426
0.16	0.66	3.2825
0.16	0.67	3.25765
0.16	0.68	3.25416
0.16	0.69	3.2652
0.16	0.7	3.27704
0.16	0.71	3.27945
0.16	0.72	3.27193
0.16	0.73	3.26715
0.16	0.74	3.27379
0.16	0.75	3.29103
0.16	0.76	3.29504
0.16	0.77	3.27615
0.16	0.78	3.27293
0.16	0.79	3.27393
0.16	0.8	3.29511
0.16	0.81	3.3048
0.16	0.82	3.32411
0.16	0.83	3.35288
0.16	0.84	3.38892
0.16	0.85	3.45046
0.16	0.86	3.52877
0.16	0.87	3.58951
0.16	0.88	3.67722
0.16	0.89	3.80854
0.16	0.9	3.79627
0.16	0.91	3.80192
0.16	0.92	3.92339
0.16	0.93	3.95245
0.16	0.94	3.86788
0.16	0.95	3.93303
0.16	0.96	4.00076
0.16	0.97	3.94308
0.16	0.98	3.94308
0.16	0.99	3.94308


0.17	0	3
0.17	0.01	3
0.17	0.02	3
0.17	0.03	3
0.17	0.04	3
0.17	0.05	3
0.17	0.06	3
0.17	0.07	3
0.17	0.08	3
0.17	0.09	3
0.17	0.1	3
0.17	0.11	3
0.17	0.12	3
0.17	0.13	3
0.17	0.14	3
0.17	0.15	3
0.17	0.16	3
0.17	0.17	3
0.17	0.18	3
0.17	0.19	3
0.17	0.2	3
0.17	0.21	3
0.17	0.22	3
0.17	0.23	3
0.17	0.24	3
0.17	0.25	3
0.17	0.26	3
0.17	0.27	3
0.17	0.28	3
0.17	0.29	3
0.17	0.3	3
0.17	0.31	3
0.17	0.32	3
0.17	0.33	3
0.17	0.34	3
0.17	0.35	3
0.17	0.36	3
0.17	0.37	3
0.17	0.38	3
0.17	0.39	3
0.17	0.4	3
0.17	0.41	3
0.17	0.42	3
0.17	0.43	3
0.17	0.44	3
0.17	0.45	3
0.17	0.46	3
0.17	0.47	3
0.17	0.48	3.00001
0.17	0.49	3.00006
0.17	0.5	3.00032
0.17	0.51	3.00194
0.17	0.52	3.01255
0.17	0.53	3.06744
0.17	0.54	3.29222
0.17	0.55	3.28552
0.17	0.56	3.2738
0.17	0.57	3.26971
0.17	0.58	3.27162
0.17	0.59	3.27845
0.17	0.6	3.28512
0.17	0.61	3.28775
0.17	0.62	3.28303
0.17	0.63	3.27723
0.17	0.64	3.275
0.17	0.65	3.27556
0.17	0.66	3.27736
0.17	0.67	3.27912
0.17	0.68	3.27884
0.17	0.69	3.27675
0.17	0.7	3.27528
0.17	0.71	3.27453
0.17	0.72	3.27867
0.17	0.73	3.27472
0.17	0.74	3.27162
0.17	0.75	3.27305
0.17	0.76	3.28289
0.17	0.77	3.27535
0.17	0.78	3.2588
0.17	0.79	3.25683
0.17	0.8	3.27155
0.17	0.81	3.27986
0.17	0.82	3.28417
0.17	0.83	3.29535
0.17	0.84	3.3063
0.17	0.85	3.34399
0.17	0.86	3.38098
0.17	0.87	3.43198
0.17	0.88	3.49632
0.17	0.89	3.58865
0.17	0.9	3.62399
0.17	0.91	3.70813
0.17	0.92	3.83443
0.17	0.93	3.82969
0.17	0.94	3.82942
0.17	0.95	3.91487
0.17	0.96	3.94471
0.17	0.97	3.9239
0.17	0.98	3.9239
0.17	0.99	3.9239


0.18	0	3
0.18	0.01	3
0.18	0.02	3
0.18	0.03	3
0.18	0.04	3
0.18	0.05	3
0.18	0.06	3
0.18	0.07	3
0.18	0.08	3
0.18	0.09	3
0.18	0.1	3
0.18	0.11	3
0.18	0.12	3
0.18	0.13	3
0.18	0.14	3
0.18	0.15	3
0.18	0.16	3
0.18	0.17	3
0.18	0.18	3
0.18	0.19	3
0.18	0.2	3
0.18	0.21	3
0.18	0.22	3
0.18	0.23	3
0.18	0.24	3
0.18	0.25	3
0.18	0.26	3
0.18	0.27	3
0.18	0.28	3
0.18	0.29	3
0.18	0.3	3
0.18	0.31	3
0.18	0.32	3
0.18	0.33	3
0.18	0.34	3
0.18	0.35	3
0.18	0.36	3
0.18	0.37	3
0.18	0.38	3
0.18	0.39	3
0.18	0.4	3
0.18	0.41	3
0.18	0.42	3
0.18	0.43	3
0.18	0.44	3
0.18	0.45	3
0.18	0.46	3
0.18	0.47	3
0.18	0.48	3
0.18	0.49	3.00003
0.18	0.5	3.0002
0.18	0.51	3.00111
0.18	0.52	3.00793
0.18	0.53	3.03952
0.18	0.54	3.22916
0.18	0.55	3.26902
0.18	0.56	3.27066
0.18	0.57	3.28123
0.18	0.58	3.28221
0.18	0.59	3.27187
0.18	0.6	3.27004
0.18	0.61	3.2726
0.18	0.62	3.28365
0.18	0.63	3.28751
0.18	0.64	3.28492
0.18	0.65	3.28046
0.18	0.66	3.2766
0.18	0.67	3.27748
0.18	0.68	3.27678
0.18	0.69	3.27936
0.18	0.7	3.28031
0.18	0.71	3.28047
0.18	0.72	3.28045
0.18	0.73	3.28187
0.18	0.74	3.28017
0.18	0.75	3.27784
0.18	0.76	3.2787
0.18	0.77	3.27754
0.18	0.78	3.27737
0.18	0.79	3.27594
0.18	0.8	3.27719
0.18	0.81	3.27717
0.18	0.82	3.27709
0.18	0.83	3.27747
0.18	0.84	3.27967
0.18	0.85	3.29723
0.18	0.86	3.30294
0.18	0.87	3.32483
0.18	0.88	3.35421
0.18	0.89	3.40584
0.18	0.9	3.44629
0.18	0.91	3.51899
0.18	0.92	3.63386
0.18	0.93	3.67339
0.18	0.94	3.73389
0.18	0.95	3.85034
0.18	0.96	3.83809
0.18	0.97	3.866
0.18	0.98	3.866
0.18	0.99	3.866


0.19	0	3
0.19	0.01	3
0.19	0.02	3
0.19	0.03	3
0.19	0.04	3
0.19	0.05	3
0.19	0.06	3
0.19	0.07	3
0.19	0.08	3
0.19	0.09	3
0.19	0.1	3
0.19	0.11	3
0.19	0.12	3
0.19	0.13	3
0.19	0.14	3
0.19	0.15	3
0.19	0.16	3
0.19	0.17	3
0.19	0.18	3
0.19	0.19	3
0.19	0.2	3
0.19	0.21	3
0.19	0.22	3
0.19	0.23	3
0.19	0.24	3
0.19	0.25	3
0.19	0.26	3
0.19	0.27	3
0.19	0.28	3
0.19	0.29	3
0.19	0.3	3
0.19	0.31	3
0.19	0.32	3
0.19	0.33	3
0.19	0.34	3
0.19	0.35	3
0.19	0.36	3
0.19	0.37	3
0.19	0.38	3
0.19	0.39	3
0.19	0.4	3
0.19	0.41	3
0.19	0.42	3
0.19	0.43	3
0.19	0.44	3
0.19	0.45	3
0.19	0.46	3
0.19	0.47	3
0.19	0.48	3
0.19	0.49	3.00002
0.19	0.5	3.00011
0.19	0.51	3.00084
0.19	0.52	3.0036
0.19	0.53	3.02144
0.19	0.54	3.1878
0.19	0.55	3.27024
0.19	0.56	3.26543
0.19	0.57	3.27512
0.19	0.58	3.28068
0.19	0.59	3.28082
0.19	0.6	3.28114
0.19	0.61	3.27372
0.19	0.62	3.26953
0.19	0.63	3.26975
0.19	0.64	3.27289
0.19	0.65	3.26533
0.19	0.66	3.26125
0.19	0.67	3.26044
0.19	0.68	3.2752
0.19	0.69	3.27937
0.19	0.7	3.27751
0.19	0.71	3.27718
0.19	0.72	3.27615
0.19	0.73	3.28181
0.19	0.74	3.28487
0.19	0.75	3.28289
0.19	0.76	3.2791
0.19	0.77	3.27865
0.19	0.78	3.27885
0.19	0.79	3.27913
0.19	0.8	3.28003
0.19	0.81	3.27958
0.19	0.82	3.28028
0.19	0.83	3.28064
0.19	0.84	3.27972
0.19	0.85	3.28552
0.19	0.86	3.28528
0.19	0.87	3.29243
0.19	0.88	3.30453
0.19	0.89	3.32985
0.19	0.9	3.35168
0.19	0.91	3.38965
0.19	0.92	3.44184
0.19	0.93	3.50379
0.19	0.94	3.58224
0.19	0.95	3.63624
0.19	0.96	3.72023
0.19	0.97	3.79561
0.19	0.98	3.79561
0.19	0.99	3.79561


0.2	0	3
0.2	0.01	3
0.2	0.02	3
0.2	0.03	3
0.2	0.04	3
0.2	0.05	3
0.2	0.06	3
0.2	0.07	3
0.2	0.08	3
0.2	0.09	3
0.2	0.1	3
0.2	0.11	3
0.2	0.12	3
0.2	0.13	3
0.2	0.14	3
0.2	0.15	3
0.2	0.16	3
0.2	0.17	3
0.2	0.18	3
0.2	0.19	3
0.2	0.2	3
0.2	0.21	3
0.2	0.22	3
0.2	0.23	3
0.2	0.24	3
0.2	0.25	3
0.2	0.26	3
0.2	0.27	3
0.2	0.28	3
0.2	0.29	3
0.2	0.3	3
0.2	0.31	3
0.2	0.32	3
0.2	0.33	3
0.2	0.34	3
0.2	0.35	3
0.2	0.36	3
0.2	0.37	3
0.2	0.38	3
0.2	0.39	3
0.2	0.4	3
0.2	0.41	3
0.2	0.42	3
0.2	0.43	3
0.2	0.44	3
0.2	0.45	3
0.2	0.46	3
0.2	0.47	3
0.2	0.48	3
0.2	0.49	3.00001
0.2	0.5	3.00007
0.2	0.51	3.00041
0.2	0.52	3.00238
0.2	0.53	3.01511
0.2	0.54	3.08766
0.2	0.55	3.29881
0.2	0.56	3.27665
0.2	0.57	3.27143
0.2	0.58	3.27171
0.2	0.59	3.2766
0.2	0.6	3.28329
0.2	0.61	3.28557
0.2	0.62	3.28089
0.2	0.63	3.27506
0.2	0.64	3.27232
0.2	0.65	3.27455
0.2	0.66	3.27831
0.2	0.67	3.2789
0.2	0.68	3.27672
0.2	0.69	3.27373
0.2	0.7	3.27437
0.2	0.71	3.27509
0.2	0.72	3.27356
0.2	0.73	3.27379
0.2	0.74	3.27324
0.2	0.75	3.27373
0.2	0.76	3.26355
0.2	0.77	3.26039
0.2	0.78	3.26186
0.2	0.79	3.27594
0.2	0.8	3.28336
0.2	0.81	3.28097
0.2	0.82	3.27757
0.2	0.83	3.27808
0.2	0.84	3.28028
0.2	0.85	3.28347
0.2	0.86	3.28259
0.2	0.87	3.28239
0.2	0.88	3.28572
0.2	0.89	3.29936
0.2	0.9	3.30354
0.2	0.91	3.32065
0.2	0.92	3.34655
0.2	0.93	3.37481
0.2	0.94	3.43946
0.2	0.95	3.46876
0.2	0.96	3.55075
0.2	0.97	3.64709
0.2	0.98	3.64709
0.2	0.99	3.64709


0.21	0	3
0.21	0.01	3
0.21	0.02	3
0.21	0.03	3
0.21	0.04	3
0.21	0.05	3
0.21	0.06	3
0.21	0.07	3
0.21	0.08	3
0.21	0.09	3
0.21	0.1	3
0.21	0.11	3
0.21	0.12	3
0.21	0.13	3
0.21	0.14	3
0.21	0.15	3
0.21	0.16	3
0.21	0.17	3
0.21	0.18	3
0.21	0.19	3
0.21	0.2	3
0.21	0.21	3
0.21	0.22	3
0.21	0.23	3
0.21	0.24	3
0.21	0.25	3
0.21	0.26	3
0.21	0.27	3
0.21	0.28	3
0.21	0.29	3
0.21	0.3	3
0.21	0.31	3
0.21	0.32	3
0.21	0.33	3
0.21	0.34	3
0.21	0.35	3
0.21	0.36	3
0.21	0.37	3
0.21	0.38	3
0.21	0.39	3
0.21	0.4	3
0.21	0.41	3
0.21	0.42	3
0.21	0.43	3
0.21	0.44	3
0.21	0.45	3
0.21	0.46	3
0.21	0.47	3
0.21	0.48	3
0.21	0.49	3.00001
0.21	0.5	3.00004
0.21	0.51	3.00024
0.21	0.52	3.00144
0.21	0.53	3.00943
0.21	0.54	3.05196
0.21	0.55	3.23142
0.21	0.56	3.29371
0.21	0.57	3.28926
0.21	0.58	3.28152
0.21	0.59	3.2749
0.21	0.6	3.27305
0.21	0.61	3.27846
0.21	0.62	3.28119
0.21	0.63	3.28506
0.21	0.64	3.28183
0.21	0.65	3.27985
0.21	0.66	3.27711
0.21	0.67	3.27782
0.21	0.68	3.27806
0.21	0.69	3.28044
0.21	0.7	3.27979
0.21	0.71	3.27892
0.21	0.72	3.28098
0.21	0.73	3.27684
0.21	0.74	3.27516
0.21	0.75	3.2748
0.21	0.76	3.28061
0.21	0.77	3.27659
0.21	0.78	3.27529
0.21	0.79	3.27496
0.21	0.8	3.27467
0.21	0.81	3.27691
0.21	0.82	3.27504
0.21	0.83	3.27391
0.21	0.84	3.27236
0.21	0.85	3.27328
0.21	0.86	3.26766
0.21	0.87	3.26501
0.21	0.88	3.2648
0.21	0.89	3.27688
0.21	0.9	3.28066
0.21	0.91	3.29289
0.21	0.92	3.30498
0.21	0.93	3.31536
0.21	0.94	3.35627
0.21	0.95	3.34937
0.21	0.96	3.40779
0.21	0.97	3.49055
0.21	0.98	3.49055
0.21	0.99	3.49055


0.22	0	3
0.22	0.01	3
0.22	0.02	3
0.22	0.03	3
0.22	0.04	3
0.22	0.05	3
0.22	0.06	3
0.22	0.07	3
0.22	0.08	3
0.22	0.09	3
0.22	0.1	3
0.22	0.11	3
0.22	0.12	3
0.22	0.13	3
0.22	0.14	3
0.22	0.15	3
0.22	0.16	3
0.22	0.17	3
0.22	0.18	3
0.22	0.19	3
0.22	0.2	3
0.22	0.21	3
0.22	0.22	3
0.22	0.23	3
0.22	0.24	3
0.22	0.25	3
0.22	0.26	3
0.22	0.27	3
0.22	0.28	3
0.22	0.29	3
0.22	0.3	3
0.22	0.31	3
0.22	0.32	3
0.22	0.33	3
0.22	0.34	3
0.22	0.35	3
0.22	0.36	3
0.22	0.37	3
0.22	0.38	3
0.22	0.39	3
0.22	0.4	3
0.22	0.41	3
0.22	0.42	3
0.22	0.43	3
0.22	0.44	3
0.22	0.45	3
0.22	0.46	3
0.22	0.47	3
0.22	0.48	3
0.22	0.49	3
0.22	0.5	3.00003
0.22	0.51	3.00012
0.22	0.52	3.00112
0.22	0.53	3.00418
0.22	0.54	3.02528
0.22	0.55	3.24006
0.22	0.56	3.25055
0.22	0.57	3.27292
0.22	0.58	3.29081
0.22	0.59	3.28422
0.22	0.6	3.27171
0.22	0.61	3.25968
0.22	0.62	3.25831
0.22	0.63	3.26069
0.22	0.64	3.2671
0.22	0.65	3.27115
0.22	0.66	3.27979
0.22	0.67	3.28131
0.22	0.68	3.28173
0.22	0.69	3.27843
0.22	0.7	3.27943
0.22	0.71	3.28015
0.22	0.72	3.28072
0.22	0.73	3.28154
0.22	0.74	3.28007
0.22	0.75	3.27938
0.22	0.76	3.27928
0.22	0.77	3.27912
0.22	0.78	3.27976
0.22	0.79	3.27845
0.22	0.8	3.27957
0.22	0.81	3.28115
0.22	0.82	3.27833
0.22	0.83	3.27774
0.22	0.84	3.277
0.22	0.85	3.27755
0.22	0.86	3.27887
0.22	0.87	3.27634
0.22	0.88	3.27553
0.22	0.89	3.27802
0.22	0.9	3.27486
0.22	0.91	3.2781
0.22	0.92	3.2823
0.22	0.93	3.2854
0.22	0.94	3.3073
0.22	0.95	3.29298
0.22	0.96	3.31529
0.22	0.97	3.36961
0.22	0.98	3.36961
0.22	0.99	3.36961


0.23	0	3
0.23	0.01	3
0.23	0.02	3
0.23	0.03	3
0.23	0.04	3
0.23	0.05	3
0.23	0.06	3
0.23	0.07	3
0.23	0.08	3
0.23	0.09	3
0.23	0.1	3
0.23	0.11	3
0.23	0.12	3
0.23	0.13	3
0.23	0.14	3
0.23	0.15	3
0.23	0.16	3
0.23	0.17	3
0.23	0.18	3
0.23	0.19	3
0.23	0.2	3
0.23	0.21	3
0.23	0.22	3
0.23	0.23	3
0.23	0.24	3
0.23	0.25	3
0.23	0.26	3
0.23	0.27	3
0.23	0.28	3
0.23	0.29	3
0.23	0.3	3
0.23	0.31	3
0.23	0.32	3
0.23	0.33	3
0.23	0.34	3
0.23	0.35	3
0.23	0.36	3
0.23	0.37	3
0.23	0.38	3
0.23	0.39	3
0.23	0.4	3
0.23	0.41	3
0.23	0.42	3
0.23	0.43	3
0.23	0.44	3
0.23	0.45	3
0.23	0.46	3
0.23	0.47	3
0.23	0.48	3
0.23	0.49	3
0.23	0.5	3.00001
0.23	0.51	3.00009
0.23	0.52	3.00054
0.23	0.53	3.00286
0.23	0.54	3.01776
0.23	0.55	3.11942
0.23	0.56	3.29296
0.23	0.57	3.2701
0.23	0.58	3.26915
0.23	0.59	3.27398
0.23	0.6	3.28141
0.23	0.61	3.28384
0.23	0.62	3.28033
0.23	0.63	3.27699
0.23	0.64	3.27366
0.23	0.65	3.27193
0.23	0.66	3.27351
0.23	0.67	3.27615
0.23	0.68	3.27771
0.23	0.69	3.27833
0.23	0.7	3.27398
0.23	0.71	3.26736
0.23	0.72	3.26255
0.23	0.73	3.26456
0.23	0.74	3.26832
0.23	0.75	3.26982
0.23	0.76	3.26932
0.23	0.77	3.27605
0.23	0.78	3.28215
0.23	0.79	3.28333
0.23	0.8	3.28207
0.23	0.81	3.27994
0.23	0.82	3.27913
0.23	0.83	3.27947
0.23	0.84	3.27978
0.23	0.85	3.28141
0.23	0.86	3.28102
0.23	0.87	3.27962
0.23	0.88	3.27968
0.23	0.89	3.28104
0.23	0.9	3.27942
0.23	0.91	3.27973
0.23	0.92	3.28018
0.23	0.93	3.28026
0.23	0.94	3.28794
0.23	0.95	3.28627
0.23	0.96	3.2881
0.23	0.97	3.32083
0.23	0.98	3.32083
0.23	0.99	3.32083


0.24	0	3
0.24	0.01	3
0.24	0.02	3
0.24	0.03	3
0.24	0.04	3
0.24	0.05	3
0.24	0.06	3
0.24	0.07	3
0.24	0.08	3
0.24	0.09	3
0.24	0.1	3
0.24	0.11	3
0.24	0.12	3
0.24	0.13	3
0.24	0.14	3
0.24	0.15	3
0.24	0.16	3
0.24	0.17	3
0.24	0.18	3
0.24	0.19	3
0.24	0.2	3
0.24	0.21	3
0.24	0.22	3
0.24	0.23	3
0.24	0.24	3
0.24	0.25	3
0.24	0.26	3
0.24	0.27	3
0.24	0.28	3
0.24	0.29	3
0.24	0.3	3
0.24	0.31	3
0.24	0.32	3
0.24	0.33	3
0.24	0.34	3
0.24	0.35	3
0.24	0.36	3
0.24	0.37	3
0.24	0.38	3
0.24	0.39	3
0.24	0.4	3
0.24	0.41	3
0.24	0.42	3
0.24	0.43	3
0.24	0.44	3
0.24	0.45	3
0.24	0.46	3
0.24	0.47	3
0.24	0.48	3
0.24	0.49	3
0.24	0.5	3.00001
0.24	0.51	3.00006
0.24	0.52	3.0003
0.24	0.53	3.00181
0.24	0.54	3.01135
0.24	0.55	3.06103
0.24	0.56	3.27525
0.24	0.57	3.2901
0.24	0.58	3.2811
0.24	0.59	3.27626
0.24	0.6	3.27167
0.24	0.61	3.27707
0.24	0.62	3.28027
0.24	0.63	3.28445
0.24	0.64	3.28344
0.24	0.65	3.27942
0.24	0.66	3.27664
0.24	0.67	3.27576
0.24	0.68	3.27658
0.24	0.69	3.27865
0.24	0.7	3.2785
0.24	0.71	3.27977
0.24	0.72	3.27566
0.24	0.73	3.27597
0.24	0.74	3.27723
0.24	0.75	3.27798
0.24	0.76	3.27588
0.24	0.77	3.27332
0.24	0.78	3.2731
0.24	0.79	3.27458
0.24	0.8	3.2751
0.24	0.81	3.2752
0.24	0.82	3.26729
0.24	0.83	3.2653
0.24	0.84	3.26482
0.24	0.85	3.26925
0.24	0.86	3.26927
0.24	0.87	3.27334
0.24	0.88	3.27788
0.24	0.89	3.28511
0.24	0.9	3.2846
0.24	0.91	3.28152
0.24	0.92	3.2802
0.24	0.93	3.27944
0.24	0.94	3.2823
0.24	0.95	3.2798
0.24	0.96	3.28171
0.24	0.97	3.29998
0.24	0.98	3.29998
0.24	0.99	3.29998


0.25	0	3
0.25	0.01	3
0.25	0.02	3
0.25	0.03	3
0.25	0.04	3
0.25	0.05	3
0.25	0.06	3
0.25	0.07	3
0.25	0.08	3
0.25	0.09	3
0.25	0.1	3
0.25	0.11	3
0.25	0.12	3
0.25	0.13	3
0.25	0.14	3
0.25	0.15	3
0.25	0.16	3
0.25	0.17	3
0.25	0.18	3
0.25	0.19	3
0.25	0.2	3
0.25	0.21	3
0.25	0.22	3
0.25	0.23	3
0.25	0.24	3
0.25	0.25	3
0.25	0.26	3
0.25	0.27	3
0.25	0.28	3
0.25	0.29	3
0.25	0.3	3
0.25	0.31	3
0.25	0.32	3
0.25	0.33	3
0.25	0.34	3
0.25	0.35	3
0.25	0.36	3
0.25	0.37	3
0.25	0.38	3
0.25	0.39	3
0.25	0.4	3
0.25	0.41	3
0.25	0.42	3
0.25	0.43	3
0.25	0.44	3
0.25	0.45	3
0.25	0.46	3
0.25	0.47	3
0.25	0.48	3
0.25	0.49	3
0.25	0.5	3.00001
0.25	0.51	3.00003
0.25	0.52	3.00018
0.25	0.53	3.00112
0.25	0.54	3.00659
0.25	0.55	3.03007
0.25	0.56	3.25867
0.25	0.57	3.26273
0.25	0.58	3.27176
0.25	0.59	3.27028
0.25	0.6	3.26721
0.25	0.61	3.26421
0.25	0.62	3.27034
0.25	0.63	3.27459
0.25	0.64	3.27988
0.25	0.65	3.28354
0.25	0.66	3.28378
0.25	0.67	3.28285
0.25	0.68	3.27876
0.25	0.69	3.278
0.25	0.7	3.27839
0.25	0.71	3.27951
0.25	0.72	3.28225
0.25	0.73	3.28106
0.25	0.74	3.27875
0.25	0.75	3.27943
0.25	0.76	3.27634
0.25	0.77	3.27635
0.25	0.78	3.27942
0.25	0.79	3.28159
0.25	0.8	3.28003
0.25	0.81	3.27545
0.25	0.82	3.27444
0.25	0.83	3.27507
0.25	0.84	3.27842
0.25	0.85	3.27895
0.25	0.86	3.27889
0.25	0.87	3.27339
0.25	0.88	3.27335
0.25	0.89	3.27353
0.25	0.9	3.27749
0.25	0.91	3.2741
0.25	0.92	3.27138
0.25	0.93	3.26918
0.25	0.94	3.26713
0.25	0.95	3.26408
0.25	0.96	3.26737
0.25	0.97	3.28399
0.25	0.98	3.28399
0.25	0.99	3.28399


0.26	0	3
0.26	0.01	3
0.26	0.02	3
0.26	0.03	3
0.26	0.04	3
0.26	0.05	3
0.26	0.06	3
0.26	0.07	3
0.26	0.08	3
0.26	0.09	3
0.26	0.1	3
0.26	0.11	3
0.26	0.12	3
0.26	0.13	3
0.26	0.14	3
0.26	0.15	3
0.26	0.16	3
0.26	0.17	3
0.26	0.18	3
0.26	0.19	3
0.26	0.2	3
0.26	0.21	3
0.26	0.22	3
0.26	0.23	3
0.26	0.24	3
0.26	0.25	3
0.26	0.26	3
0.26	0.27	3
0.26	0.28	3
0.26	0.29	3
0.26	0.3	3
0.26	0.31	3
0.26	0.32	3
0.26	0.33	3
0.26	0.34	3
0.26	0.35	3
0.26	0.36	3
0.26	0.37	3
0.26	0.38	3
0.26	0.39	3
0.26	0.4	3
0.26	0.41	3
0.26	0.42	3
0.26	0.43	3
0.26	0.44	3
0.26	0.45	3
0.26	0.46	3
0.26	0.47	3
0.26	0.48	3
0.26	0.49	3
0.26	0.5	3
0.26	0.51	3.00002
0.26	0.52	3.00011
0.26	0.53	3.00072
0.26	0.54	3.00338
0.26	0.55	3.02022
0.26	0.56	3.16453
0.26	0.57	3.2764
0.26	0.58	3.26629
0.26	0.59	3.27203
0.26	0.6	3.28167
0.26	0.61	3.28365
0.26	0.62	3.27949
0.26	0.63	3.2739
0.26	0.64	3.27151
0.26	0.65	3.27438
0.26	0.66	3.27665
0.26	0.67	3.27546
0.26	0.68	3.26658
0.26	0.69	3.26336
0.26	0.7	3.26286
0.26	0.71	3.26406
0.26	0.72	3.2666
0.26	0.73	3.27772
0.26	0.74	3.281
0.26	0.75	3.28337
0.26	0.76	3.28119
0.26	0.77	3.27788
0.26	0.78	3.27819
0.26	0.79	3.28253
0.26	0.8	3.28253
0.26	0.81	3.28049
0.26	0.82	3.27649
0.26	0.83	3.27944
0.26	0.84	3.28059
0.26	0.85	3.28045
0.26	0.86	3.27963
0.26	0.87	3.27706
0.26	0.88	3.2769
0.26	0.89	3.28087
0.26	0.9	3.28335
0.26	0.91	3.27761
0.26	0.92	3.2747
0.26	0.93	3.27652
0.26	0.94	3.27754
0.26	0.95	3.27437
0.26	0.96	3.27712
0.26	0.97	3.28247
0.26	0.98	3.28247
0.26	0.99	3.28247


0.27	0	3
0.27	0.01	3
0.27	0.02	3
0.27	0.03	3
0.27	0.04	3
0.27	0.05	3
0.27	0.06	3
0.27	0.07	3
0.27	0.08	3
0.27	0.09	3
0.27	0.1	3
0.27	0.11	3
0.27	0.12	3
0.27	0.13	3
0.27	0.14	3
0.27	0.15	3
0.27	0.16	3
0.27	0.17	3
0.27	0.18	3
0.27	0.19	3
0.27	0.2	3
0.27	0.21	3
0.27	0.22	3
0.27	0.23	3
0.27	0.24	3
0.27	0.25	3
0.27	0.26	3
0.27	0.27	3
0.27	0.28	3
0.27	0.29	3
0.27	0.3	3
0.27	0.31	3
0.27	0.32	3
0.27	0.33	3
0.27	0.34	3
0.27	0.35	3
0.27	0.36	3
0.27	0.37	3
0.27	0.38	3
0.27	0.39	3
0.27	0.4	3
0.27	0.41	3
0.27	0.42	3
0.27	0.43	3
0.27	0.44	3
0.27	0.45	3
0.27	0.46	3
0.27	0.47	3
0.27	0.48	3
0.27	0.49	3
0.27	0.5	3
0.27	0.51	3.00001
0.27	0.52	3.00007
0.27	0.53	3.00037
0.27	0.54	3.00218
0.27	0.55	3.01395
0.27	0.56	3.07697
0.27	0.57	3.29472
0.27	0.58	3.27913
0.27	0.59	3.27685
0.27	0.6	3.27365
0.27	0.61	3.27499
0.27	0.62	3.28099
0.27	0.63	3.28354
0.27	0.64	3.2829
0.27	0.65	3.27852
0.27	0.66	3.27552
0.27	0.67	3.27475
0.27	0.68	3.2746
0.27	0.69	3.27667
0.27	0.7	3.27656
0.27	0.71	3.28133
0.27	0.72	3.27636
0.27	0.73	3.27374
0.27	0.74	3.27434
0.27	0.75	3.27161
0.27	0.76	3.27848
0.27	0.77	3.27602
0.27	0.78	3.27231
0.27	0.79	3.26427
0.27	0.8	3.26318
0.27	0.81	3.26405
0.27	0.82	3.26715
0.27	0.83	3.27039
0.27	0.84	3.27945
0.27	0.85	3.28158
0.27	0.86	3.28233
0.27	0.87	3.28034
0.27	0.88	3.27878
0.27	0.89	3.28206
0.27	0.9	3.28503
0.27	0.91	3.28025
0.27	0.92	3.27733
0.27	0.93	3.27898
0.27	0.94	3.27992
0.27	0.95	3.27804
0.27	0.96	3.28129
0.27	0.97	3.28474
0.27	0.98	3.28474
0.27	0.99	3.28474


0.28	0	3
0.28	0.01	3
0.28	0.02	3
0.28	0.03	3
0.28	0.04	3
0.28	0.05	3
0.28	0.06	3
0.28	0.07	3
0.28	0.08	3
0.28	0.09	3
0.28	0.1	3
0.28	0.11	3
0.28	0.12	3
0.28	0.13	3
0.28	0.14	3
0.28	0.15	3
0.28	0.16	3
0.28	0.17	3
0.28	0.18	3
0.28	0.19	3
0.28	0.2	3
0.28	0.21	3
0.28	0.22	3
0.28	0.23	3
0.28	0.24	3
0.28	0.25	3
0.28	0.26	3
0.28	0.27	3
0.28	0.28	3
0.28	0.29	3
0.28	0.3	3
0.28	0.31	3
0.28	0.32	3
0.28	0.33	3
0.28	0.34	3
0.28	0.35	3
0.28	0.36	3
0.28	0.37	3
0.28	0.38	3
0.28	0.39	3
0.28	0.4	3
0.28	0.41	3
0.28	0.42	3
0.28	0.43	3
0.28	0.44	3
0.28	0.45	3
0.28	0.46	3
0.28	0.47	3
0.28	0.48	3
0.28	0.49	3
0.28	0.5	3
0.28	0.51	3.00001
0.28	0.52	3.00004
0.28	0.53	3.00023
0.28	0.54	3.0013
0.28	0.55	3.00862
0.28	0.56	3.0478
0.28	0.57	3.22349
0.28	0.58	3.28487
0.28	0.59	3.28691
0.28	0.6	3.28285
0.28	0.61	3.27709
0.28	0.62	3.27448
0.28	0.63	3.27523
0.28	0.64	3.28042
0.28	0.65	3.28304
0.28	0.66	3.28338
0.28	0.67	3.28189
0.28	0.68	3.27744
0.28	0.69	3.27699
0.28	0.7	3.27715
0.28	0.71	3.28027
0.28	0.72	3.28246
0.28	0.73	3.28073
0.28	0.74	3.27963
0.28	0.75	3.27551
0.28	0.76	3.27634
0.28	0.77	3.27768
0.28	0.78	3.27808
0.28	0.79	3.277
0.28	0.8	3.27614
0.28	0.81	3.2762
0.28	0.82	3.27651
0.28	0.83	3.27518
0.28	0.84	3.27493
0.28	0.85	3.27467
0.28	0.86	3.27484
0.28	0.87	3.27411
0.28	0.88	3.27416
0.28	0.89	3.27087
0.28	0.9	3.266
0.28	0.91	3.267
0.28	0.92	3.26686
0.28	0.93	3.26945
0.28	0.94	3.27093
0.28	0.95	3.27682
0.28	0.96	3.28451
0.28	0.97	3.2886
0.28	0.98	3.2886
0.28	0.99	3.2886


0.29	0	3
0.29	0.01	3
0.29	0.02	3
0.29	0.03	3
0.29	0.04	3
0.29	0.05	3
0.29	0.06	3
0.29	0.07	3
0.29	0.08	3
0.29	0.09	3
0.29	0.1	3
0.29	0.11	3
0.29	0.12	3
0.29	0.13	3
0.29	0.14	3
0.29	0.15	3
0.29	0.16	3
0.29	0.17	3
0.29	0.18	3
0.29	0.19	3
0.29	0.2	3
0.29	0.21	3
0.29	0.22	3
0.29	0.23	3
0.29	0.24	3
0.29	0.25	3
0.29	0.26	3
0.29	0.27	3
0.29	0.28	3
0.29	0.29	3
0.29	0.3	3
0.29	0.31	3
0.29	0.32	3
0.29	0.33	3
0.29	0.34	3
0.29	0.35	3
0.29	0.36	3
0.29	0.37	3
0.29	0.38	3
0.29	0.39	3
0.29	0.4	3
0.29	0.41	3
0.29	0.42	3
0.29	0.43	3
0.29	0.44	3
0.29	0.45	3
0.29	0.46	3
0.29	0.47	3
0.29	0.48	3
0.29	0.49	3
0.29	0.5	3
0.29	0.51	3
0.29	0.52	3.00002
0.29	0.53	3.00012
0.29	0.54	3.00099
0.29	0.55	3.00388
0.29	0.56	3.0234
0.29	0.57	3.21751
0.29	0.58	3.25858
0.29	0.59	3.26679
0.29	0.6	3.28126
0.29	0.61	3.28563
0.29	0.62	3.2832
0.29	0.63	3.27761
0.29	0.64	3.26369
0.29	0.65	3.26052
0.29	0.66	3.26208
0.29	0.67	3.26448
0.29	0.68	3.26959
0.29	0.69	3.27374
0.29	0.7	3.27958
0.29	0.71	3.27745
0.29	0.72	3.27919
0.29	0.73	3.28025
0.29	0.74	3.28063
0.29	0.75	3.28147
0.29	0.76	3.27968
0.29	0.77	3.27883
0.29	0.78	3.27761
0.29	0.79	3.2795
0.29	0.8	3.28033
0.29	0.81	3.2806
0.29	0.82	3.28058
0.29	0.83	3.27894
0.29	0.84	3.27798
0.29	0.85	3.27783
0.29	0.86	3.27805
0.29	0.87	3.27822
0.29	0.88	3.27875
0.29	0.89	3.27762
0.29	0.9	3.27598
0.29	0.91	3.27668
0.29	0.92	3.27685
0.29	0.93	3.27684
0.29	0.94	3.2741
0.29	0.95	3.27172
0.29	0.96	3.27696
0.29	0.97	3.28024
0.29	0.98	3.28024
0.29	0.99	3.28024


0.3	0	3
0.3	0.01	3
0.3	0.02	3
0.3	0.03	3
0.3	0.04	3
0.3	0.05	3
0.3	0.06	3
0.3	0.07	3
0.3	0.08	3
0.3	0.09	3
0.3	0.1	3
0.3	0.11	3
0.3	0.12	3
0.3	0.13	3
0.3	0.14	3
0.3	0.15	3
0.3	0.16	3
0.3	0.17	3
0.3	0.18	3
0.3	0.19	3
0.3	0.2	3
0.3	0.21	3
0.3	0.22	3
0.3	0.23	3
0.3	0.24	3
0.3	0.25	3
0.3	0.26	3
0.3	0.27	3
0.3	0.28	3
0.3	0.29	3
0.3	0.3	3
0.3	0.31	3
0.3	0.32	3
0.3	0.33	3
0.3	0.34	3
0.3	0.35	3
0.3	0.36	3
0.3	0.37	3
0.3	0.38	3
0.3	0.39	3
0.3	0.4	3
0.3	0.41	3
0.3	0.42	3
0.3	0.43	3
0.3	0.44	3
0.3	0.45	3
0.3	0.46	3
0.3	0.47	3
0.3	0.48	3
0.3	0.49	3
0.3	0.5	3
0.3	0.51	3
0.3	0.52	3.00001
0.3	0.53	3.00009
0.3	0.54	3.00048
0.3	0.55	3.00265
0.3	0.56	3.01654
0.3	0.57	3.1037
0.3	0.58	3.29739
0.3	0.59	3.27467
0.3	0.6	3.27146
0.3	0.61	3.27168
0.3	0.62	3.27936
0.3	0.63	3.28212
0.3	0.64	3.28167
0.3	0.65	3.27813
0.3	0.66	3.27605
0.3	0.67	3.27235
0.3	0.68	3.2733
0.3	0.69	3.27484
0.3	0.7	3.27688
0.3	0.71	3.27801
0.3	0.72	3.27694
0.3	0.73	3.27586
0.3	0.74	3.27456
0.3	0.75	3.26866
0.3	0.76	3.26449
0.3	0.77	3.26503
0.3	0.78	3.2653
0.3	0.79	3.26663
0.3	0.8	3.27367
0.3	0.81	3.27964
0.3	0.82	3.28114
0.3	0.83	3.2813
0.3	0.84	3.28002
0.3	0.85	3.27975
0.3	0.86	3.27959
0.3	0.87	3.2796
0.3	0.88	3.28013
0.3	0.89	3.28028
0.3	0.9	3.28041
0.3	0.91	3.28035
0.3	0.92	3.27994
0.3	0.93	3.27984
0.3	0.94	3.27684
0.3	0.95	3.27687
0.3	0.96	3.28173
0.3	0.97	3.2841
0.3	0.98	3.2841
0.3	0.99	3.2841


0.31	0	3
0.31	0.01	3
0.31	0.02	3
0.31	0.03	3
0.31	0.04	3
0.31	0.05	3
0.31	0.06	3
0.31	0.07	3
0.31	0.08	3
0.31	0.09	3
0.31	0.1	3
0.31	0.11	3
0.31	0.12	3
0.31	0.13	3
0.31	0.14	3
0.31	0.15	3
0.31	0.16	3
0.31	0.17	3
0.31	0.18	3
0.31	0.19	3
0.31	0.2	3
0.31	0.21	3
0.31	0.22	3
0.31	0.23	3
0.31	0.24	3
0.31	0.25	3
0.31	0.26	3
0.31	0.27	3
0.31	0.28	3
0.31	0.29	3
0.31	0.3	3
0.31	0.31	3
0.31	0.32	3
0.31	0.33	3
0.31	0.34	3
0.31	0.35	3
0.31	0.36	3
0.31	0.37	3
0.31	0.38	3
0.31	0.39	3
0.31	0.4	3
0.31	0.41	3
0.31	0.42	3
0.31	0.43	3
0.31	0.44	3
0.31	0.45	3
0.31	0.46	3
0.31	0.47	3
0.31	0.48	3
0.31	0.49	3
0.31	0.5	3
0.31	0.51	3
0.31	0.52	3.00001
0.31	0.53	3.00005
0.31	0.54	3.00028
0.31	0.55	3.00164
0.31	0.56	3.01051
0.31	0.57	3.05511
0.31	0.58	3.26273
0.31	0.59	3.28819
0.31	0.6	3.28394
0.31	0.61	3.27715
0.31	0.62	3.27489
0.31	0.63	3.27671
0.31	0.64	3.28025
0.31	0.65	3.28272
0.31	0.66	3.28296
0.31	0.67	3.28073
0.31	0.68	3.27865
0.31	0.69	3.27757
0.31	0.7	3.27701
0.31	0.71	3.27957
0.31	0.72	3.27965
0.31	0.73	3.27914
0.31	0.74	3.27799
0.31	0.75	3.27565
0.31	0.76	3.27582
0.31	0.77	3.27591
0.31	0.78	3.27701
0.31	0.79	3.27593
0.31	0.8	3.27453
0.31	0.81	3.27391
0.31	0.82	3.2736
0.31	0.83	3.27506
0.31	0.84	3.27629
0.31	0.85	3.27525
0.31	0.86	3.26722
0.31	0.87	3.2658
0.31	0.88	3.26679
0.31	0.89	3.26807
0.31	0.9	3.2696
0.31	0.91	3.27506
0.31	0.92	3.28077
0.31	0.93	3.28133
0.31	0.94	3.27947
0.31	0.95	3.27926
0.31	0.96	3.2825
0.31	0.97	3.28592
0.31	0.98	3.28592
0.31	0.99	3.28592


0.32	0	3
0.32	0.01	3
0.32	0.02	3
0.32	0.03	3
0.32	0.04	3
0.32	0.05	3
0.32	0.06	3
0.32	0.07	3
0.32	0.08	3
0.32	0.09	3
0.32	0.1	3
0.32	0.11	3
0.32	0.12	3
0.32	0.13	3
0.32	0.14	3
0.32	0.15	3
0.32	0.16	3
0.32	0.17	3
0.32	0.18	3
0.32	0.19	3
0.32	0.2	3
0.32	0.21	3
0.32	0.22	3
0.32	0.23	3
0.32	0.24	3
0.32	0.25	3
0.32	0.26	3
0.32	0.27	3
0.32	0.28	3
0.32	0.29	3
0.32	0.3	3
0.32	0.31	3
0.32	0.32	3
0.32	0.33	3
0.32	0.34	3
0.32	0.35	3
0.32	0.36	3
0.32	0.37	3
0.32	0.38	3
0.32	0.39	3
0.32	0.4	3
0.32	0.41	3
0.32	0.42	3
0.32	0.43	3
0.32	0.44	3
0.32	0.45	3
0.32	0.46	3
0.32	0.47	3
0.32	0.48	3
0.32	0.49	3
0.32	0.5	3
0.32	0.51	3
0.32	0.52	3
0.32	0.53	3.00003
0.32	0.54	3.00015
0.32	0.55	3.00117
0.32	0.56	3.00514
0.32	0.57	3.02813
0.32	0.58	3.25516
0.32	0.59	3.26284
0.32	0.6	3.27938
0.32	0.61	3.27645
0.32	0.62	3.26787
0.32	0.63	3.26232
0.32	0.64	3.25844
0.32	0.65	3.26426
0.32	0.66	3.273
0.32	0.67	3.28064
0.32	0.68	3.28249
0.32	0.69	3.28153
0.32	0.7	3.28079
0.32	0.71	3.27641
0.32	0.72	3.27942
0.32	0.73	3.28042
0.32	0.74	3.28195
0.32	0.75	3.28168
0.32	0.76	3.27931
0.32	0.77	3.27902
0.32	0.78	3.27922
0.32	0.79	3.27946
0.32	0.8	3.27967
0.32	0.81	3.27871
0.32	0.82	3.27835
0.32	0.83	3.27738
0.32	0.84	3.27707
0.32	0.85	3.27723
0.32	0.86	3.27622
0.32	0.87	3.27833
0.32	0.88	3.27672
0.32	0.89	3.27624
0.32	0.9	3.27477
0.32	0.91	3.27408
0.32	0.92	3.27437
0.32	0.93	3.27411
0.32	0.94	3.27286
0.32	0.95	3.27259
0.32	0.96	3.27719
0.32	0.97	3.27389
0.32	0.98	3.27389
0.32	0.99	3.27389


0.33	0	3
0.33	0.01	3
0.33	0.02	3
0.33	0.03	3
0.33	0.04	3
0.33	0.05	3
0.33	0.06	3
0.33	0.07	3
0.33	0.08	3
0.33	0.09	3
0.33	0.1	3
0.33	0.11	3
0.33	0.12	3
0.33	0.13	3
0.33	0.14	3
0.33	0.15	3
0.33	0.16	3
0.33	0.17	3
0.33	0.18	3
0.33	0.19	3
0.33	0.2	3
0.33	0.21	3
0.33	0.22	3
0.33	0.23	3
0.33	0.24	3
0.33	0.25	3
0.33	0.26	3
0.33	0.27	3
0.33	0.28	3
0.33	0.29	3
0.33	0.3	3
0.33	0.31	3
0.33	0.32	3
0.33	0.33	3
0.33	0.34	3
0.33	0.35	3
0.33	0.36	3
0.33	0.37	3
0.33	0.38	3
0.33	0.39	3
0.33	0.4	3
0.33	0.41	3
0.33	0.42	3
0.33	0.43	3
0.33	0.44	3
0.33	0.45	3
0.33	0.46	3
0.33	0.47	3
0.33	0.48	3
0.33	0.49	3
0.33	0.5	3
0.33	0.51	3
0.33	0.52	3
0.33	0.53	3.00002
0.33	0.54	3.0001
0.33	0.55	3.00063
0.33	0.56	3.00317
0.33	0.57	3.0192
0.33	0.58	3.14145
0.33	0.59	3.28921
0.33	0.6	3.2656
0.33	0.61	3.26831
0.33	0.62	3.27976
0.33	0.63	3.2836
0.33	0.64	3.28228
0.33	0.65	3.27694
0.33	0.66	3.27311
0.33	0.67	3.27034
0.33	0.68	3.27301
0.33	0.69	3.27496
0.33	0.7	3.27989
0.33	0.71	3.27731
0.33	0.72	3.26637
0.33	0.73	3.26439
0.33	0.74	3.26045
0.33	0.75	3.26406
0.33	0.76	3.26904
0.33	0.77	3.27762
0.33	0.78	3.28209
0.33	0.79	3.28167
0.33	0.8	3.27887
0.33	0.81	3.27783
0.33	0.82	3.27876
0.33	0.83	3.28096
0.33	0.84	3.28143
0.33	0.85	3.28084
0.33	0.86	3.27976
0.33	0.87	3.27982
0.33	0.88	3.2803
0.33	0.89	3.2801
0.33	0.9	3.28
0.33	0.91	3.27908
0.33	0.92	3.27836
0.33	0.93	3.27685
0.33	0.94	3.27614
0.33	0.95	3.27715
0.33	0.96	3.28143
0.33	0.97	3.28299
0.33	0.98	3.28299
0.33	0.99	3.28299


0.34	0	3
0.34	0.01	3
0.34	0.02	3
0.34	0.03	3
0.34	0.04	3
0.34	0.05	3
0.34	0.06	3
0.34	0.07	3
0.34	0.08	3
0.34	0.09	3
0.34	0.1	3
0.34	0.11	3
0.34	0.12	3
0.34	0.13	3
0.34	0.14	3
0.34	0.15	3
0.34	0.16	3
0.34	0.17	3
0.34	0.18	3
0.34	0.19	3
0.34	0.2	3
0.34	0.21	3
0.34	0.22	3
0.34	0.23	3
0.34	0.24	3
0.34	0.25	3
0.34	0.26	3
0.34	0.27	3
0.34	0.28	3
0.34	0.29	3
0.34	0.3	3
0.34	0.31	3
0.34	0.32	3
0.34	0.33	3
0.34	0.34	3
0.34	0.35	3
0.34	0.36	3
0.34	0.37	3
0.34	0.38	3
0.34	0.39	3
0.34	0.4	3
0.34	0.41	3
0.34	0.42	3
0.34	0.43	3
0.34	0.44	3
0.34	0.45	3
0.34	0.46	3
0.34	0.47	3
0.34	0.48	3
0.34	0.49	3
0.34	0.5	3
0.34	0.51	3
0.34	0.52	3
0.34	0.53	3.00001
0.34	0.54	3.00006
0.34	0.55	3.00034
0.34	0.56	3.00202
0.34	0.57	3.01272
0.34	0.58	3.06874
0.34	0.59	3.28985
0.34	0.6	3.28584
0.34	0.61	3.27786
0.34	0.62	3.27188
0.34	0.63	3.27211
0.34	0.64	3.27757
0.34	0.65	3.28247
0.34	0.66	3.28491
0.34	0.67	3.2812
0.34	0.68	3.27811
0.34	0.69	3.27619
0.34	0.7	3.27455
0.34	0.71	3.27768
0.34	0.72	3.27897
0.34	0.73	3.27866
0.34	0.74	3.27928
0.34	0.75	3.27554
0.34	0.76	3.27325
0.34	0.77	3.27485
0.34	0.78	3.27277
0.34	0.79	3.27235
0.34	0.8	3.27861
0.34	0.81	3.27751
0.34	0.82	3.27069
0.34	0.83	3.26496
0.34	0.84	3.26554
0.34	0.85	3.26662
0.34	0.86	3.26716
0.34	0.87	3.26877
0.34	0.88	3.27928
0.34	0.89	3.28233
0.34	0.9	3.28179
0.34	0.91	3.27972
0.34	0.92	3.27829
0.34	0.93	3.27898
0.34	0.94	3.27945
0.34	0.95	3.2812
0.34	0.96	3.28458
0.34	0.97	3.28616
0.34	0.98	3.28616
0.34	0.99	3.28616


0.35	0	3
0.35	0.01	3
0.35	0.02	3
0.35	0.03	3
0.35	0.04	3
0.35	0.05	3
0.35	0.06	3
0.35	0.07	3
0.35	0.08	3
0.35	0.09	3
0.35	0.1	3
0.35	0.11	3
0.35	0.12	3
0.35	0.13	3
0.35	0.14	3
0.35	0.15	3
0.35	0.16	3
0.35	0.17	3
0.35	0.18	3
0.35	0.19	3
0.35	0.2	3
0.35	0.21	3
0.35	0.22	3
0.35	0.23	3
0.35	0.24	3
0.35	0.25	3
0.35	0.26	3
0.35	0.27	3
0.35	0.28	3
0.35	0.29	3
0.35	0.3	3
0.35	0.31	3
0.35	0.32	3
0.35	0.33	3
0.35	0.34	3
0.35	0.35	3
0.35	0.36	3
0.35	0.37	3
0.35	0.38	3
0.35	0.39	3
0.35	0.4	3
0.35	0.41	3
0.35	0.42	3
0.35	0.43	3
0.35	0.44	3
0.35	0.45	3
0.35	0.46	3
0.35	0.47	3
0.35	0.48	3
0.35	0.49	3
0.35	0.5	3
0.35	0.51	3
0.35	0.52	3
0.35	0.53	3.00001
0.35	0.54	3.00004
0.35	0.55	3.00021
0.35	0.56	3.00115
0.35	0.57	3.00806
0.35	0.58	3.04081
0.35	0.59	3.22345
0.35	0.6	3.28293
0.35	0.61	3.27154
0.35	0.62	3.26662
0.35	0.63	3.27823
0.35	0.64	3.2801
0.35	0.65	3.28081
0.35	0.66	3.27615
0.35	0.67	3.27951
0.35	0.68	3.28147
0.35	0.69	3.28186
0.35	0.7	3.28143
0.35	0.71	3.27855
0.35	0.72	3.27843
0.35	0.73	3.27828
0.35	0.74	3.27982
0.35	0.75	3.27965
0.35	0.76	3.27882
0.35	0.77	3.27865
0.35	0.78	3.2792
0.35	0.79	3.27996
0.35	0.8	3.27749
0.35	0.81	3.27651
0.35	0.82	3.27756
0.35	0.83	3.27775
0.35	0.84	3.27725
0.35	0.85	3.27633
0.35	0.86	3.27644
0.35	0.87	3.27673
0.35	0.88	3.27393
0.35	0.89	3.2725
0.35	0.9	3.27308
0.35	0.91	3.27454
0.35	0.92	3.27553
0.35	0.93	3.27093
0.35	0.94	3.26427
0.35	0.95	3.26949
0.35	0.96	3.26584
0.35	0.97	3.27809
0.35	0.98	3.27809
0.35	0.99	3.27809


0.36	0	3
0.36	0.01	3
0.36	0.02	3
0.36	0.03	3
0.36	0.04	3
0.36	0.05	3
0.36	0.06	3
0.36	0.07	3
0.36	0.08	3
0.36	0.09	3
0.36	0.1	3
0.36	0.11	3
0.36	0.12	3
0.36	0.13	3
0.36	0.14	3
0.36	0.15	3
0.36	0.16	3
0.36	0.17	3
0.36	0.18	3
0.36	0.19	3
0.36	0.2	3
0.36	0.21	3
0.36	0.22	3
0.36	0.23	3
0.36	0.24	3
0.36	0.25	3
0.36	0.26	3
0.36	0.27	3
0.36	0.28	3
0.36	0.29	3
0.36	0.3	3
0.36	0.31	3
0.36	0.32	3
0.36	0.33	3
0.36	0.34	3
0.36	0.35	3
0.36	0.36	3
0.36	0.37	3
0.36	0.38	3
0.36	0.39	3
0.36	0.4	3
0.36	0.41	3
0.36	0.42	3
0.36	0.43	3
0.36	0.44	3
0.36	0.45	3
0.36	0.46	3
0.36	0.47	3
0.36	0.48	3
0.36	0.49	3
0.36	0.5	3
0.36	0.51	3
0.36	0.52	3
0.36	0.53	3
0.36	0.54	3.00002
0.36	0.55	3.00011
0.36	0.56	3.00087
0.36	0.57	3.00365
0.36	0.58	3.02162
0.36	0.59	3.18993
0.36	0.6	3.2698
0.36	0.61	3.26547
0.36	0.62	3.27556
0.36	0.63	3.28127
0.36	0.64	3.28117
0.36	0.65	3.27957
0.36	0.66	3.27904
0.36	0.67	3.26806
0.36	0.68	3.26353
0.36	0.69	3.2635
0.36	0.7	3.27299
0.36	0.71	3.2702
0.36	0.72	3.26325
0.36	0.73	3.26221
0.36	0.74	3.27302
0.36	0.75	3.28492
0.36	0.76	3.28613
0.36	0.77	3.28276
0.36	0.78	3.27816
0.36	0.79	3.2761
0.36	0.8	3.27929
0.36	0.81	3.27987
0.36	0.82	3.28074
0.36	0.83	3.28022
0.36	0.84	3.27992
0.36	0.85	3.27957
0.36	0.86	3.27789
0.36	0.87	3.27813
0.36	0.88	3.28001
0.36	0.89	3.28029
0.36	0.9	3.27929
0.36	0.91	3.27752
0.36	0.92	3.2759
0.36	0.93	3.27651
0.36	0.94	3.27627
0.36	0.95	3.27834
0.36	0.96	3.28184
0.36	0.97	3.28109
0.36	0.98	3.28109
0.36	0.99	3.28109


0.37	0	3
0.37	0.01	3
0.37	0.02	3
0.37	0.03	3
0.37	0.04	3
0.37	0.05	3
0.37	0.06	3
0.37	0.07	3
0.37	0.08	3
0.37	0.09	3
0.37	0.1	3
0.37	0.11	3
0.37	0.12	3
0.37	0.13	3
0.37	0.14	3
0.37	0.15	3
0.37	0.16	3
0.37	0.17	3
0.37	0.18	3
0.37	0.19	3
0.37	0.2	3
0.37	0.21	3
0.37	0.22	3
0.37	0.23	3
0.37	0.24	3
0.37	0.25	3
0.37	0.26	3
0.37	0.27	3
0.37	0.28	3
0.37	0.29	3
0.37	0.3	3
0.37	0.31	3
0.37	0.32	3
0.37	0.33	3
0.37	0.34	3
0.37	0.35	3
0.37	0.36	3
0.37	0.37	3
0.37	0.38	3
0.37	0.39	3
0.37	0.4	3
0.37	0.41	3
0.37	0.42	3
0.37	0.43	3
0.37	0.44	3
0.37	0.45	3
0.37	0.46	3
0.37	0.47	3
0.37	0.48	3
0.37	0.49	3
0.37	0.5	3
0.37	0.51	3
0.37	0.52	3
0.37	0.53	3
0.37	0.54	3.00001
0.37	0.55	3.00008
0.37	0.56	3.00043
0.37	0.57	3.00242
0.37	0.58	3.01525
0.37	0.59	3.08911
0.37	0.6	3.29651
0.37	0.61	3.27857
0.37	0.62	3.27155
0.37	0.63	3.27164
0.37	0.64	3.27748
0.37	0.65	3.2818
0.37	0.66	3.28501
0.37	0.67	3.27993
0.37	0.68	3.27562
0.37	0.69	3.27358
0.37	0.7	3.27375
0.37	0.71	3.27833
0.37	0.72	3.27822
0.37	0.73	3.27766
0.37	0.74	3.27417
0.37	0.75	3.27145
0.37	0.76	3.27665
0.37	0.77	3.27788
0.37	0.78	3.27134
0.37	0.79	3.26721
0.37	0.8	3.26677
0.37	0.81	3.26765
0.37	0.82	3.26858
0.37	0.83	3.26636
0.37	0.84	3.26712
0.37	0.85	3.27469
0.37	0.86	3.28587
0.37	0.87	3.28559
0.37	0.88	3.28225
0.37	0.89	3.27749
0.37	0.9	3.2778
0.37	0.91	3.27905
0.37	0.92	3.28041
0.37	0.93	3.2796
0.37	0.94	3.27906
0.37	0.95	3.28174
0.37	0.96	3.28257
0.37	0.97	3.28457
0.37	0.98	3.28457
0.37	0.99	3.28457


0.38	0	3
0.38	0.01	3
0.38	0.02	3
0.38	0.03	3
0.38	0.04	3
0.38	0.05	3
0.38	0.06	3
0.38	0.07	3
0.38	0.08	3
0.38	0.09	3
0.38	0.1	3
0.38	0.11	3
0.38	0.12	3
0.38	0.13	3
0.38	0.14	3
0.38	0.15	3
0.38	0.16	3
0.38	0.17	3
0.38	0.18	3
0.38	0.19	3
0.38	0.2	3
0.38	0.21	3
0.38	0.22	3
0.38	0.23	3
0.38	0.24	3
0.38	0.25	3
0.38	0.26	3
0.38	0.27	3
0.38	0.28	3
0.38	0.29	3
0.38	0.3	3
0.38	0.31	3
0.38	0.32	3
0.38	0.33	3
0.38	0.34	3
0.38	0.35	3
0.38	0.36	3
0.38	0.37	3
0.38	0.38	3
0.38	0.39	3
0.38	0.4	3
0.38	0.41	3
0.38	0.42	3
0.38	0.43	3
0.38	0.44	3
0.38	0.45	3
0.38	0.46	3
0.38	0.47	3
0.38	0.48	3
0.38	0.49	3
0.38	0.5	3
0.38	0.51	3
0.38	0.52	3
0.38	0.53	3
0.38	0.54	3.00001
0.38	0.55	3.00005
0.38	0.56	3.00025
0.38	0.57	3.00148
0.38	0.58	3.0095
0.38	0.59	3.05158
0.38	0.6	3.24011
0.38	0.61	3.29063
0.38	0.62	3.28408
0.38	0.63	3.28059
0.38	0.64	3.27656
0.38	0.65	3.27584
0.38	0.66	3.2751
0.38	0.67	3.2807
0.38	0.68	3.2822
0.38	0.69	3.2821
0.38	0.7	3.28196
0.38	0.71	3.27801
0.38	0.72	3.27822
0.38	0.73	3.27792
0.38	0.74	3.27974
0.38	0.75	3.2799
0.38	0.76	3.27916
0.38	0.77	3.2786
0.38	0.78	3.27682
0.38	0.79	3.27589
0.38	0.8	3.27577
0.38	0.81	3.27602
0.38	0.82	3.27858
0.38	0.83	3.27913
0.38	0.84	3.27287
0.38	0.85	3.27237
0.38	0.86	3.27232
0.38	0.87	3.27705
0.38	0.88	3.27667
0.38	0.89	3.2728
0.38	0.9	3.26628
0.38	0.91	3.2667
0.38	0.92	3.26711
0.38	0.93	3.26854
0.38	0.94	3.27053
0.38	0.95	3.27269
0.38	0.96	3.28188
0.38	0.97	3.28905
0.38	0.98	3.28905
0.38	0.99	3.28905


0.39	0	3
0.39	0.01	3
0.39	0.02	3
0.39	0.03	3
0.39	0.04	3
0.39	0.05	3
0.39	0.06	3
0.39	0.07	3
0.39	0.08	3
0.39	0.09	3
0.39	0.1	3
0.39	0.11	3
0.39	0.12	3
0.39	0.13	3
0.39	0.14	3
0.39	0.15	3
0.39	0.16	3
0.39	0.17	3
0.39	0.18	3
0.39	0.19	3
0.39	0.2	3
0.39	0.21	3
0.39	0.22	3
0.39	0.23	3
0.39	0.24	3
0.39	0.25	3
0.39	0.26	3
0.39	0.27	3
0.39	0.28	3
0.39	0.29	3
0.39	0.3	3
0.39	0.31	3
0.39	0.32	3
0.39	0.33	3
0.39	0.34	3
0.39	0.35	3
0.39	0.36	3
0.39	0.37	3
0.39	0.38	3
0.39	0.39	3
0.39	0.4	3
0.39	0.41	3
0.39	0.42	3
0.39	0.43	3
0.39	0.44	3
0.39	0.45	3
0.39	0.46	3
0.39	0.47	3
0.39	0.48	3
0.39	0.49	3
0.39	0.5	3
0.39	0.51	3
0.39	0.52	3
0.39	0.53	3
0.39	0.54	3
0.39	0.55	3.00003
0.39	0.56	3.00013
0.39	0.57	3.00113
0.39	0.58	3.00428
0.39	0.59	3.02546
0.39	0.6	3.2406
0.39	0.61	3.24978
0.39	0.62	3.27633
0.39	0.63	3.28784
0.39	0.64	3.28432
0.39	0.65	3.27409
0.39	0.66	3.25658
0.39	0.67	3.25497
0.39	0.68	3.25901
0.39	0.69	3.26528
0.39	0.7	3.28029
0.39	0.71	3.28362
0.39	0.72	3.2817
0.39	0.73	3.27589
0.39	0.74	3.27643
0.39	0.75	3.2803
0.39	0.76	3.28207
0.39	0.77	3.28167
0.39	0.78	3.27927
0.39	0.79	3.27747
0.39	0.8	3.27844
0.39	0.81	3.27964
0.39	0.82	3.28066
0.39	0.83	3.28046
0.39	0.84	3.27997
0.39	0.85	3.27864
0.39	0.86	3.27817
0.39	0.87	3.27817
0.39	0.88	3.27839
0.39	0.89	3.27786
0.39	0.9	3.27769
0.39	0.91	3.27553
0.39	0.92	3.27525
0.39	0.93	3.27598
0.39	0.94	3.2767
0.39	0.95	3.27774
0.39	0.96	3.27578
0.39	0.97	3.28098
0.39	0.98	3.28098
0.39	0.99	3.28098


0.4	0	3
0.4	0.01	3
0.4	0.02	3
0.4	0.03	3
0.4	0.04	3
0.4	0.05	3
0.4	0.06	3
0.4	0.07	3
0.4	0.08	3
0.4	0.09	3
0.4	0.1	3
0.4	0.11	3
0.4	0.12	3
0.4	0.13	3
0.4	0.14	3
0.4	0.15	3
0.4	0.16	3
0.4	0.17	3
0.4	0.18	3
0.4	0.19	3
0.4	0.2	3
0.4	0.21	3
0.4	0.22	3
0.4	0.23	3
0.4	0.24	3
0.4	0.25	3
0.4	0.26	3
0.4	0.27	3
0.4	0.28	3
0.4	0.29	3
0.4	0.3	3
0.4	0.31	3
0.4	0.32	3
0.4	0.33	3
0.4	0.34	3
0.4	0.35	3
0.4	0.36	3
0.4	0.37	3
0.4	0.38	3
0.4	0.39	3
0.4	0.4	3
0.4	0.41	3
0.4	0.42	3
0.4	0.43	3
0.4	0.44	3
0.4	0.45	3
0.4	0.46	3
0.4	0.47	3
0.4	0.48	3
0.4	0.49	3
0.4	0.5	3
0.4	0.51	3
0.4	0.52	3
0.4	0.53	3
0.4	0.54	3
0.4	0.55	3.00002
0.4	0.56	3.0001
0.4	0.57	3.00055
0.4	0.58	3.00291
0.4	0.59	3.01785
0.4	0.6	3.11962
0.4	0.61	3.29556
0.4	0.62	3.26963
0.4	0.63	3.26914
0.4	0.64	3.27412
0.4	0.65	3.27935
0.4	0.66	3.28378
0.4	0.67	3.28055
0.4	0.68	3.27537
0.4	0.69	3.27236
0.4	0.7	3.26968
0.4	0.71	3.275
0.4	0.72	3.27896
0.4	0.73	3.27861
0.4	0.74	3.27877
0.4	0.75	3.27528
0.4	0.76	3.26624
0.4	0.77	3.26193
0.4	0.78	3.26217
0.4	0.79	3.26412
0.4	0.8	3.26873
0.4	0.81	3.27839
0.4	0.82	3.28007
0.4	0.83	3.2793
0.4	0.84	3.279
0.4	0.85	3.27921
0.4	0.86	3.28162
0.4	0.87	3.28245
0.4	0.88	3.28061
0.4	0.89	3.27842
0.4	0.9	3.27789
0.4	0.91	3.27797
0.4	0.92	3.28034
0.4	0.93	3.2805
0.4	0.94	3.27933
0.4	0.95	3.28402
0.4	0.96	3.2846
0.4	0.97	3.28303
0.4	0.98	3.28303
0.4	0.99	3.28303


0.41	0	3
0.41	0.01	3
0.41	0.02	3
0.41	0.03	3
0.41	0.04	3
0.41	0.05	3
0.41	0.06	3
0.41	0.07	3
0.41	0.08	3
0.41	0.09	3
0.41	0.1	3
0.41	0.11	3
0.41	0.12	3
0.41	0.13	3
0.41	0.14	3
0.41	0.15	3
0.41	0.16	3
0.41	0.17	3
0.41	0.18	3
0.41	0.19	3
0.41	0.2	3
0.41	0.21	3
0.41	0.22	3
0.41	0.23	3
0.41	0.24	3
0.41	0.25	3
0.41	0.26	3
0.41	0.27	3
0.41	0.28	3
0.41	0.29	3
0.41	0.3	3
0.41	0.31	3
0.41	0.32	3
0.41	0.33	3
0.41	0.34	3
0.41	0.35	3
0.41	0.36	3
0.41	0.37	3
0.41	0.38	3
0.41	0.39	3
0.41	0.4	3
0.41	0.41	3
0.41	0.42	3
0.41	0.43	3
0.41	0.44	3
0.41	0.45	3
0.41	0.46	3
0.41	0.47	3
0.41	0.48	3
0.41	0.49	3
0.41	0.5	3
0.41	0.51	3
0.41	0.52	3
0.41	0.53	3
0.41	0.54	3
0.41	0.55	3.00001
0.41	0.56	3.00006
0.41	0.57	3.00031
0.41	0.58	3.00182
0.41	0.59	3.01157
0.41	0.6	3.06085
0.41	0.61	3.27514
0.41	0.62	3.28454
0.41	0.63	3.28239
0.41	0.64	3.27869
0.41	0.65	3.27396
0.41	0.66	3.27443
0.41	0.67	3.2809
0.41	0.68	3.28287
0.41	0.69	3.28462
0.41	0.7	3.28092
0.41	0.71	3.27682
0.41	0.72	3.27622
0.41	0.73	3.27535
0.41	0.74	3.27996
0.41	0.75	3.27848
0.41	0.76	3.27729
0.41	0.77	3.27715
0.41	0.78	3.27572
0.41	0.79	3.27531
0.41	0.8	3.2753
0.41	0.81	3.27546
0.41	0.82	3.27571
0.41	0.83	3.27487
0.41	0.84	3.275
0.41	0.85	3.27388
0.41	0.86	3.2737
0.41	0.87	3.26917
0.41	0.88	3.26653
0.41	0.89	3.26555
0.41	0.9	3.26611
0.41	0.91	3.26743
0.41	0.92	3.27786
0.41	0.93	3.28054
0.41	0.94	3.28326
0.41	0.95	3.27413
0.41	0.96	3.29498
0.41	0.97	3.28811
0.41	0.98	3.28811
0.41	0.99	3.28811


0.42	0	3
0.42	0.01	3
0.42	0.02	3
0.42	0.03	3
0.42	0.04	3
0.42	0.05	3
0.42	0.06	3
0.42	0.07	3
0.42	0.08	3
0.42	0.09	3
0.42	0.1	3
0.42	0.11	3
0.42	0.12	3
0.42	0.13	3
0.42	0.14	3
0.42	0.15	3
0.42	0.16	3
0.42	0.17	3
0.42	0.18	3
0.42	0.19	3
0.42	0.2	3
0.42	0.21	3
0.42	0.22	3
0.42	0.23	3
0.42	0.24	3
0.42	0.25	3
0.42	0.26	3
0.42	0.27	3
0.42	0.28	3
0.42	0.29	3
0.42	0.3	3
0.42	0.31	3
0.42	0.32	3
0.42	0.33	3
0.42	0.34	3
0.42	0.35	3
0.42	0.36	3
0.42	0.37	3
0.42	0.38	3
0.42	0.39	3
0.42	0.4	3
0.42	0.41	3
0.42	0.42	3
0.42	0.43	3
0.42	0.44	3
0.42	0.45	3
0.42	0.46	3
0.42	0.47	3
0.42	0.48	3
0.42	0.49	3
0.42	0.5	3
0.42	0.51	3
0.42	0.52	3
0.42	0.53	3
0.42	0.54	3
0.42	0.55	3.00001
0.42	0.56	3.00003
0.42	0.57	3.00019
0.42	0.58	3.00113
0.42	0.59	3.00665
0.42	0.6	3.03003
0.42	0.61	3.26082
0.42	0.62	3.25942
0.42	0.63	3.274
0.42	0.64	3.27045
0.42	0.65	3.26492
0.42	0.66	3.26501
0.42	0.67	3.26934
0.42	0.68	3.27256
0.42	0.69	3.28285
0.42	0.7	3.28472
0.42	0.71	3.28249
0.42	0.72	3.27926
0.42	0.73	3.27537
0.42	0.74	3.27719
0.42	0.75	3.28036
0.42	0.76	3.28255
0.42	0.77	3.28211
0.42	0.78	3.28034
0.42	0.79	3.27881
0.42	0.8	3.27877
0.42	0.81	3.27856
0.42	0.82	3.27891
0.42	0.83	3.2792
0.42	0.84	3.27918
0.42	0.85	3.27766
0.42	0.86	3.27724
0.42	0.87	3.27551
0.42	0.88	3.27711
0.42	0.89	3.27698
0.42	0.9	3.27647
0.42	0.91	3.27587
0.42	0.92	3.27361
0.42	0.93	3.2732
0.42	0.94	3.27633
0.42	0.95	3.27013
0.42	0.96	3.29081
0.42	0.97	3.27762
0.42	0.98	3.27762
0.42	0.99	3.27762


0.43	0	3
0.43	0.01	3
0.43	0.02	3
0.43	0.03	3
0.43	0.04	3
0.43	0.05	3
0.43	0.06	3
0.43	0.07	3
0.43	0.08	3
0.43	0.09	3
0.43	0.1	3
0.43	0.11	3
0.43	0.12	3
0.43	0.13	3
0.43	0.14	3
0.43	0.15	3
0.43	0.16	3
0.43	0.17	3
0.43	0.18	3
0.43	0.19	3
0.43	0.2	3
0.43	0.21	3
0.43	0.22	3
0.43	0.23	3
0.43	0.24	3
0.43	0.25	3
0.43	0.26	3
0.43	0.27	3
0.43	0.28	3
0.43	0.29	3
0.43	0.3	3
0.43	0.31	3
0.43	0.32	3
0.43	0.33	3
0.43	0.34	3
0.43	0.35	3
0.43	0.36	3
0.43	0.37	3
0.43	0.38	3
0.43	0.39	3
0.43	0.4	3
0.43	0.41	3
0.43	0.42	3
0.43	0.43	3
0.43	0.44	3
0.43	0.45	3
0.43	0.46	3
0.43	0.47	3
0.43	0.48	3
0.43	0.49	3
0.43	0.5	3
0.43	0.51	3
0.43	0.52	3
0.43	0.53	3
0.43	0.54	3
0.43	0.55	3
0.43	0.56	3.00002
0.43	0.57	3.00011
0.43	0.58	3.00073
0.43	0.59	3.00343
0.43	0.6	3.02039
0.43	0.61	3.16342
0.43	0.62	3.27776
0.43	0.63	3.26639
0.43	0.64	3.27245
0.43	0.65	3.28003
0.43	0.66	3.28189
0.43	0.67	3.27854
0.43	0.68	3.27585
0.43	0.69	3.2701
0.43	0.7	3.27357
0.43	0.71	3.27694
0.43	0.72	3.27631
0.43	0.73	3.27214
0.43	0.74	3.26194
0.43	0.75	3.25978
0.43	0.76	3.26172
0.43	0.77	3.26744
0.43	0.78	3.27642
0.43	0.79	3.28295
0.43	0.8	3.28303
0.43	0.81	3.28121
0.43	0.82	3.27847
0.43	0.83	3.27731
0.43	0.84	3.27812
0.43	0.85	3.28028
0.43	0.86	3.28322
0.43	0.87	3.28257
0.43	0.88	3.28046
0.43	0.89	3.27857
0.43	0.9	3.27842
0.43	0.91	3.27916
0.43	0.92	3.27892
0.43	0.93	3.27851
0.43	0.94	3.27799
0.43	0.95	3.29016
0.43	0.96	3.2716
0.43	0.97	3.2822
0.43	0.98	3.2822
0.43	0.99	3.2822


0.44	0	3
0.44	0.01	3
0.44	0.02	3
0.44	0.03	3
0.44	0.04	3
0.44	0.05	3
0.44	0.06	3
0.44	0.07	3
0.44	0.08	3
0.44	0.09	3
0.44	0.1	3
0.44	0.11	3
0.44	0.12	3
0.44	0.13	3
0.44	0.14	3
0.44	0.15	3
0.44	0.16	3
0.44	0.17	3
0.44	0.18	3
0.44	0.19	3
0.44	0.2	3
0.44	0.21	3
0.44	0.22	3
0.44	0.23	3
0.44	0.24	3
0.44	0.25	3
0.44	0.26	3
0.44	0.27	3
0.44	0.28	3
0.44	0.29	3
0.44	0.3	3
0.44	0.31	3
0.44	0.32	3
0.44	0.33	3
0.44	0.34	3
0.44	0.35	3
0.44	0.36	3
0.44	0.37	3
0.44	0.38	3
0.44	0.39	3
0.44	0.4	3
0.44	0.41	3
0.44	0.42	3
0.44	0.43	3
0.44	0.44	3
0.44	0.45	3
0.44	0.46	3
0.44	0.47	3
0.44	0.48	3
0.44	0.49	3
0.44	0.5	3
0.44	0.51	3
0.44	0.52	3
0.44	0.53	3
0.44	0.54	3
0.44	0.55	3
0.44	0.56	3.00001
0.44	0.57	3.00007
0.44	0.58	3.00038
0.44	0.59	3.00222
0.44	0.6	3.01388
0.44	0.61	3.07708
0.44	0.62	3.29705
0.44	0.63	3.28671
0.44	0.64	3.27251
0.44	0.65	3.26772
0.44	0.66	3.27196
0.44	0.67	3.27967
0.44	0.68	3.28487
0.44	0.69	3.28763
0.44	0.7	3.2788
0.44	0.71	3.27357
0.44	0.72	3.27217
0.44	0.73	3.27494
0.44	0.74	3.28081
0.44	0.75	3.27868
0.44	0.76	3.27736
0.44	0.77	3.27469
0.44	0.78	3.27328
0.44	0.79	3.27333
0.44	0.8	3.2742
0.44	0.81	3.27562
0.44	0.82	3.27596
0.44	0.83	3.27392
0.44	0.84	3.2668
0.44	0.85	3.26503
0.44	0.86	3.26413
0.44	0.87	3.26515
0.44	0.88	3.271
0.44	0.89	3.27928
0.44	0.9	3.28154
0.44	0.91	3.28218
0.44	0.92	3.27894
0.44	0.93	3.27833
0.44	0.94	3.28347
0.44	0.95	3.26964
0.44	0.96	3.30035
0.44	0.97	3.29114
0.44	0.98	3.29114
0.44	0.99	3.29114


0.45	0	3
0.45	0.01	3
0.45	0.02	3
0.45	0.03	3
0.45	0.04	3
0.45	0.05	3
0.45	0.06	3
0.45	0.07	3
0.45	0.08	3
0.45	0.09	3
0.45	0.1	3
0.45	0.11	3
0.45	0.12	3
0.45	0.13	3
0.45	0.14	3
0.45	0.15	3
0.45	0.16	3
0.45	0.17	3
0.45	0.18	3
0.45	0.19	3
0.45	0.2	3
0.45	0.21	3
0.45	0.22	3
0.45	0.23	3
0.45	0.24	3
0.45	0.25	3
0.45	0.26	3
0.45	0.27	3
0.45	0.28	3
0.45	0.29	3
0.45	0.3	3
0.45	0.31	3
0.45	0.32	3
0.45	0.33	3
0.45	0.34	3
0.45	0.35	3
0.45	0.36	3
0.45	0.37	3
0.45	0.38	3
0.45	0.39	3
0.45	0.4	3
0.45	0.41	3
0.45	0.42	3
0.45	0.43	3
0.45	0.44	3
0.45	0.45	3
0.45	0.46	3
0.45	0.47	3
0.45	0.48	3
0.45	0.49	3
0.45	0.5	3
0.45	0.51	3
0.45	0.52	3
0.45	0.53	3
0.45	0.54	3
0.45	0.55	3
0.45	0.56	3.00001
0.45	0.57	3.00004
0.45	0.58	3.00024
0.45	0.59	3.00127
0.45	0.6	3.00893
0.45	0.61	3.04656
0.45	0.62	3.22228
0.45	0.63	3.2934
0.45	0.64	3.27237
0.45	0.65	3.27033
0.45	0.66	3.28608
0.45	0.67	3.28418
0.45	0.68	3.28038
0.45	0.69	3.27352
0.45	0.7	3.27572
0.45	0.71	3.28266
0.45	0.72	3.28418
0.45	0.73	3.28473
0.45	0.74	3.2778
0.45	0.75	3.27691
0.45	0.76	3.27739
0.45	0.77	3.27819
0.45	0.78	3.27869
0.45	0.79	3.28049
0.45	0.8	3.27939
0.45	0.81	3.27778
0.45	0.82	3.27486
0.45	0.83	3.27565
0.45	0.84	3.27904
0.45	0.85	3.27868
0.45	0.86	3.27778
0.45	0.87	3.27556
0.45	0.88	3.27505
0.45	0.89	3.27532
0.45	0.9	3.27365
0.45	0.91	3.27461
0.45	0.92	3.27299
0.45	0.93	3.27291
0.45	0.94	3.26709
0.45	0.95	3.28577
0.45	0.96	3.27324
0.45	0.97	3.26722
0.45	0.98	3.26722
0.45	0.99	3.26722


0.46	0	3
0.46	0.01	3
0.46	0.02	3
0.46	0.03	3
0.46	0.04	3
0.46	0.05	3
0.46	0.06	3
0.46	0.07	3
0.46	0.08	3
0.46	0.09	3
0.46	0.1	3
0.46	0.11	3
0.46	0.12	3
0.46	0.13	3
0.46	0.14	3
0.46	0.15	3
0.46	0.16	3
0.46	0.17	3
0.46	0.18	3
0.46	0.19	3
0.46	0.2	3
0.46	0.21	3
0.46	0.22	3
0.46	0.23	3
0.46	0.24	3
0.46	0.25	3
0.46	0.26	3
0.46	0.27	3
0.46	0.28	3
0.46	0.29	3
0.46	0.3	3
0.46	0.31	3
0.46	0.32	3
0.46	0.33	3
0.46	0.34	3
0.46	0.35	3
0.46	0.36	3
0.46	0.37	3
0.46	0.38	3
0.46	0.39	3
0.46	0.4	3
0.46	0.41	3
0.46	0.42	3
0.46	0.43	3
0.46	0.44	3
0.46	0.45	3
0.46	0.46	3
0.46	0.47	3
0.46	0.48	3
0.46	0.49	3
0.46	0.5	3
0.46	0.51	3
0.46	0.52	3
0.46	0.53	3
0.46	0.54	3
0.46	0.55	3
0.46	0.56	3
0.46	0.57	3.00003
0.46	0.58	3.00012
0.46	0.59	3.00101
0.46	0.6	3.00387
0.46	0.61	3.02323
0.46	0.62	3.21451
0.46	0.63	3.26354
0.46	0.64	3.26445
0.46	0.65	3.27927
0.46	0.66	3.28317
0.46	0.67	3.28313
0.46	0.68	3.28112
0.46	0.69	3.27047
0.46	0.7	3.25056
0.46	0.71	3.25257
0.46	0.72	3.27198
0.46	0.73	3.28149
0.46	0.74	3.2757
0.46	0.75	3.26563
0.46	0.76	3.26478
0.46	0.77	3.28316
0.46	0.78	3.28939
0.46	0.79	3.28787
0.46	0.8	3.27684
0.46	0.81	3.27404
0.46	0.82	3.27581
0.46	0.83	3.28148
0.46	0.84	3.28344
0.46	0.85	3.28298
0.46	0.86	3.2805
0.46	0.87	3.27728
0.46	0.88	3.27738
0.46	0.89	3.27727
0.46	0.9	3.27854
0.46	0.91	3.28063
0.46	0.92	3.27768
0.46	0.93	3.27637
0.46	0.94	3.28148
0.46	0.95	3.2707
0.46	0.96	3.28814
0.46	0.97	3.28737
0.46	0.98	3.28737
0.46	0.99	3.28737


0.47	0	3
0.47	0.01	3
0.47	0.02	3
0.47	0.03	3
0.47	0.04	3
0.47	0.05	3
0.47	0.06	3
0.47	0.07	3
0.47	0.08	3
0.47	0.09	3
0.47	0.1	3
0.47	0.11	3
0.47	0.12	3
0.47	0.13	3
0.47	0.14	3
0.47	0.15	3
0.47	0.16	3
0.47	0.17	3
0.47	0.18	3
0.47	0.19	3
0.47	0.2	3
0.47	0.21	3
0.47	0.22	3
0.47	0.23	3
0.47	0.24	3
0.47	0.25	3
0.47	0.26	3
0.47	0.27	3
0.47	0.28	3
0.47	0.29	3
0.47	0.3	3
0.47	0.31	3
0.47	0.32	3
0.47	0.33	3
0.47	0.34	3
0.47	0.35	3
0.47	0.36	3
0.47	0.37	3
0.47	0.38	3
0.47	0.39	3
0.47	0.4	3
0.47	0.41	3
0.47	0.42	3
0.47	0.43	3
0.47	0.44	3
0.47	0.45	3
0.47	0.46	3
0.47	0.47	3
0.47	0.48	3
0.47	0.49	3
0.47	0.5	3
0.47	0.51	3
0.47	0.52	3
0.47	0.53	3
0.47	0.54	3
0.47	0.55	3
0.47	0.56	3
0.47	0.57	3.00001
0.47	0.58	3.00009
0.47	0.59	3.00048
0.47	0.6	3.00264
0.47	0.61	3.01649
0.47	0.62	3.10266
0.47	0.63	3.29673
0.47	0.64	3.2736
0.47	0.65	3.26899
0.47	0.66	3.2726
0.47	0.67	3.28081
0.47	0.68	3.28331
0.47	0.69	3.28418
0.47	0.7	3.27718
0.47	0.71	3.27457
0.47	0.72	3.27445
0.47	0.73	3.27172
0.47	0.74	3.27758
0.47	0.75	3.27891
0.47	0.76	3.27466
0.47	0.77	3.2715
0.47	0.78	3.27485
0.47	0.79	3.27475
0.47	0.8	3.2744
0.47	0.81	3.25842
0.47	0.82	3.25929
0.47	0.83	3.2737
0.47	0.84	3.2758
0.47	0.85	3.27454
0.47	0.86	3.26929
0.47	0.87	3.27131
0.47	0.88	3.28372
0.47	0.89	3.28682
0.47	0.9	3.28716
0.47	0.91	3.27657
0.47	0.92	3.27465
0.47	0.93	3.27708
0.47	0.94	3.27561
0.47	0.95	3.29971
0.47	0.96	3.29353
0.47	0.97	3.27947
0.47	0.98	3.27947
0.47	0.99	3.27947


0.48	0	3
0.48	0.01	3
0.48	0.02	3
0.48	0.03	3
0.48	0.04	3
0.48	0.05	3
0.48	0.06	3
0.48	0.07	3
0.48	0.08	3
0.48	0.09	3
0.48	0.1	3
0.48	0.11	3
0.48	0.12	3
0.48	0.13	3
0.48	0.14	3
0.48	0.15	3
0.48	0.16	3
0.48	0.17	3
0.48	0.18	3
0.48	0.19	3
0.48	0.2	3
0.48	0.21	3
0.48	0.22	3
0.48	0.23	3
0.48	0.24	3
0.48	0.25	3
0.48	0.26	3
0.48	0.27	3
0.48	0.28	3
0.48	0.29	3
0.48	0.3	3
0.48	0.31	3
0.48	0.32	3
0.48	0.33	3
0.48	0.34	3
0.48	0.35	3
0.48	0.36	3
0.48	0.37	3
0.48	0.38	3
0.48	0.39	3
0.48	0.4	3
0.48	0.41	3
0.48	0.42	3
0.48	0.43	3
0.48	0.44	3
0.48	0.45	3
0.48	0.46	3
0.48	0.47	3
0.48	0.48	3
0.48	0.49	3
0.48	0.5	3
0.48	0.51	3
0.48	0.52	3
0.48	0.53	3
0.48	0.54	3
0.48	0.55	3
0.48	0.56	3
0.48	0.57	3.00001
0.48	0.58	3.00005
0.48	0.59	3.00028
0.48	0.6	3.00164
0.48	0.61	3.01033
0.48	0.62	3.05641
0.48	0.63	3.25564
0.48	0.64	3.29598
0.48	0.65	3.28073
0.48	0.66	3.27485
0.48	0.67	3.27341
0.48	0.68	3.27362
0.48	0.69	3.28213
0.48	0.7	3.28395
0.48	0.71	3.28377
0.48	0.72	3.28157
0.48	0.73	3.27671
0.48	0.74	3.27603
0.48	0.75	3.27656
0.48	0.76	3.28005
0.48	0.77	3.28086
0.48	0.78	3.27964
0.48	0.79	3.27803
0.48	0.8	3.27624
0.48	0.81	3.27539
0.48	0.82	3.27667
0.48	0.83	3.2763
0.48	0.84	3.27636
0.48	0.85	3.27726
0.48	0.86	3.27665
0.48	0.87	3.27127
0.48	0.88	3.27067
0.48	0.89	3.27246
0.48	0.9	3.27826
0.48	0.91	3.26884
0.48	0.92	3.26331
0.48	0.93	3.26453
0.48	0.94	3.26499
0.48	0.95	3.29637
0.48	0.96	3.27741
0.48	0.97	3.2756
0.48	0.98	3.2756
0.48	0.99	3.2756


0.49	0	3
0.49	0.01	3
0.49	0.02	3
0.49	0.03	3
0.49	0.04	3
0.49	0.05	3
0.49	0.06	3
0.49	0.07	3
0.49	0.08	3
0.49	0.09	3
0.49	0.1	3
0.49	0.11	3
0.49	0.12	3
0.49	0.13	3
0.49	0.14	3
0.49	0.15	3
0.49	0.16	3
0.49	0.17	3
0.49	0.18	3
0.49	0.19	3
0.49	0.2	3
0.49	0.21	3
0.49	0.22	3
0.49	0.23	3
0.49	0.24	3
0.49	0.25	3
0.49	0.26	3
0.49	0.27	3
0.49	0.28	3
0.49	0.29	3
0.49	0.3	3
0.49	0.31	3
0.49	0.32	3
0.49	0.33	3
0.49	0.34	3
0.49	0.35	3
0.49	0.36	3
0.49	0.37	3
0.49	0.38	3
0.49	0.39	3
0.49	0.4	3
0.49	0.41	3
0.49	0.42	3
0.49	0.43	3
0.49	0.44	3
0.49	0.45	3
0.49	0.46	3
0.49	0.47	3
0.49	0.48	3
0.49	0.49	3
0.49	0.5	3
0.49	0.51	3
0.49	0.52	3
0.49	0.53	3
0.49	0.54	3
0.49	0.55	3
0.49	0.56	3
0.49	0.57	3.00001
0.49	0.58	3.00003
0.49	0.59	3.00015
0.49	0.6	3.00118
0.49	0.61	3.00511
0.49	0.62	3.02718
0.49	0.63	3.25475
0.49	0.64	3.2562
0.49	0.65	3.28484
0.49	0.66	3.2774
0.49	0.67	3.2699
0.49	0.68	3.26324
0.49	0.69	3.25449
0.49	0.7	3.25568
0.49	0.71	3.27449
0.49	0.72	3.28186
0.49	0.73	3.28758
0.49	0.74	3.28286
0.49	0.75	3.27931
0.49	0.76	3.2756
0.49	0.77	3.27628
0.49	0.78	3.27889
0.49	0.79	3.28216
0.49	0.8	3.28229
0.49	0.81	3.28086
0.49	0.82	3.27818
0.49	0.83	3.27806
0.49	0.84	3.27878
0.49	0.85	3.27947
0.49	0.86	3.27992
0.49	0.87	3.27987
0.49	0.88	3.27909
0.49	0.89	3.27639
0.49	0.9	3.2772
0.49	0.91	3.27679
0.49	0.92	3.27664
0.49	0.93	3.27667
0.49	0.94	3.27466
0.49	0.95	3.29425
0.49	0.96	3.27719
0.49	0.97	3.27427
0.49	0.98	3.27427
0.49	0.99	3.27427


0.5	0	3
0.5	0.01	3
0.5	0.02	3
0.5	0.03	3
0.5	0.04	3
0.5	0.05	3
0.5	0.06	3
0.5	0.07	3
0.5	0.08	3
0.5	0.09	3
0.5	0.1	3
0.5	0.11	3
0.5	0.12	3
0.5	0.13	3
0.5	0.14	3
0.5	0.15	3
0.5	0.16	3
0.5	0.17	3
0.5	0.18	3
0.5	0.19	3
0.5	0.2	3
0.5	0.21	3
0.5	0.22	3
0.5	0.23	3
0.5	0.24	3
0.5	0.25	3
0.5	0.26	3
0.5	0.27	3
0.5	0.28	3
0.5	0.29	3
0.5	0.3	3
0.5	0.31	3
0.5	0.32	3
0.5	0.33	3
0.5	0.34	3
0.5	0.35	3
0.5	0.36	3
0.5	0.37	3
0.5	0.38	3
0.5	0.39	3
0.5	0.4	3
0.5	0.41	3
0.5	0.42	3
0.5	0.43	3
0.5	0.44	3
0.5	0.45	3
0.5	0.46	3
0.5	0.47	3
0.5	0.48	3
0.5	0.49	3
0.5	0.5	3
0.5	0.51	3
0.5	0.52	3
0.5	0.53	3
0.5	0.54	3
0.5	0.55	3
0.5	0.56	3
0.5	0.57	3
0.5	0.58	3.00002
0.5	0.59	3.0001
0.5	0.6	3.00063
0.5	0.61	3.00313
0.5	0.62	3.01883
0.5	0.63	3.1399
0.5	0.64	3.28459
0.5	0.65	3.26678
0.5	0.66	3.26919
0.5	0.67	3.27822
0.5	0.68	3.28351
0.5	0.69	3.28568
0.5	0.7	3.2782
0.5	0.71	3.2726
0.5	0.72	3.26781
0.5	0.73	3.272
0.5	0.74	3.27619
0.5	0.75	3.28007
0.5	0.76	3.27832
0.5	0.77	3.26668
0.5	0.78	3.26226
0.5	0.79	3.26295
0.5	0.8	3.26359
0.5	0.81	3.26393
0.5	0.82	3.27795
0.5	0.83	3.28238
0.5	0.84	3.2821
0.5	0.85	3.28118
0.5	0.86	3.2794
0.5	0.87	3.27853
0.5	0.88	3.27886
0.5	0.89	3.27887
0.5	0.9	3.2813
0.5	0.91	3.27962
0.5	0.92	3.27942
0.5	0.93	3.27616
0.5	0.94	3.28684
0.5	0.95	3.29299
0.5	0.96	3.27398
0.5	0.97	3.28297
0.5	0.98	3.28297
0.5	0.99	3.28297


