0	0	1
0	0.01	1
0	0.02	1
0	0.03	1
0	0.04	1
0	0.05	1
0	0.06	1
0	0.07	1
0	0.08	1
0	0.09	1
0	0.1	1
0	0.11	1
0	0.12	1
0	0.13	1
0	0.14	1
0	0.15	1
0	0.16	1
0	0.17	1
0	0.18	1
0	0.19	1
0	0.2	1
0	0.21	1
0	0.22	1
0	0.23	1
0	0.24	1
0	0.25	1
0	0.26	1
0	0.27	1
0	0.28	1
0	0.29	1
0	0.3	1
0	0.31	1
0	0.32	1
0	0.33	1
0	0.34	1
0	0.35	1
0	0.36	1
0	0.37	1
0	0.38	1
0	0.39	1
0	0.4	1
0	0.41	1
0	0.42	1
0	0.43	1
0	0.44	1
0	0.45	1
0	0.46	1
0	0.47	1
0	0.48	1
0	0.49	1
0	0.5	1
0	0.51	1
0	0.52	1
0	0.53	1
0	0.54	1
0	0.55	1
0	0.56	1
0	0.57	1
0	0.58	1
0	0.59	1
0	0.6	1
0	0.61	1
0	0.62	1
0	0.63	1
0	0.64	1
0	0.65	1
0	0.66	1
0	0.67	1
0	0.68	1
0	0.69	1
0	0.7	1
0	0.71	1
0	0.72	1
0	0.73	1
0	0.74	1
0	0.75	1
0	0.76	1
0	0.77	1
0	0.78	1
0	0.79	1
0	0.8	1
0	0.81	1
0	0.82	1
0	0.83	1
0	0.84	1
0	0.85	1
0	0.86	1
0	0.87	1
0	0.88	1
0	0.89	1
0	0.9	1
0	0.91	1
0	0.92	1
0	0.93	1
0	0.94	1
0	0.95	1
0	0.96	1
0	0.97	1
0	0.98	1
0	0.99	1


0.01	0	1
0.01	0.01	1
0.01	0.02	1
0.01	0.03	1
0.01	0.04	1
0.01	0.05	1
0.01	0.06	1
0.01	0.07	1
0.01	0.08	1
0.01	0.09	1
0.01	0.1	1
0.01	0.11	1
0.01	0.12	1
0.01	0.13	1
0.01	0.14	1
0.01	0.15	1
0.01	0.16	1
0.01	0.17	1
0.01	0.18	1
0.01	0.19	1
0.01	0.2	1
0.01	0.21	1
0.01	0.22	1
0.01	0.23	1
0.01	0.24	1
0.01	0.25	1
0.01	0.26	1
0.01	0.27	1
0.01	0.28	1
0.01	0.29	1
0.01	0.3	1
0.01	0.31	1
0.01	0.32	1
0.01	0.33	1
0.01	0.34	1
0.01	0.35	1
0.01	0.36	1
0.01	0.37	1
0.01	0.38	1
0.01	0.39	0.999996
0.01	0.4	1.00001
0.01	0.41	0.999963
0.01	0.42	1.00006
0.01	0.43	1.00003
0.01	0.44	0.999394
0.01	0.45	1.00152
0.01	0.46	1.00195
0.01	0.47	0.986425
0.01	0.48	1.13526
0.01	0.49	3.34098
0.01	0.5	3.24807
0.01	0.51	2.86787
0.01	0.52	3.00032
0.01	0.53	3.56603
0.01	0.54	2.14236
0.01	0.55	1.90172
0.01	0.56	3.25997
0.01	0.57	2.88829
0.01	0.58	1.15401
0.01	0.59	1.00554
0.01	0.6	1.00023
0.01	0.61	1.00001
0.01	0.62	1
0.01	0.63	1
0.01	0.64	1
0.01	0.65	1
0.01	0.66	1
0.01	0.67	1
0.01	0.68	1
0.01	0.69	1
0.01	0.7	1
0.01	0.71	1
0.01	0.72	1
0.01	0.73	1
0.01	0.74	1
0.01	0.75	1
0.01	0.76	1
0.01	0.77	1
0.01	0.78	1
0.01	0.79	1
0.01	0.8	1
0.01	0.81	1
0.01	0.82	1
0.01	0.83	1
0.01	0.84	1
0.01	0.85	1
0.01	0.86	1
0.01	0.87	1
0.01	0.88	1
0.01	0.89	1
0.01	0.9	1
0.01	0.91	1
0.01	0.92	1
0.01	0.93	1
0.01	0.94	1
0.01	0.95	1
0.01	0.96	1
0.01	0.97	1
0.01	0.98	1
0.01	0.99	1


0.02	0	1
0.02	0.01	1
0.02	0.02	1
0.02	0.03	1
0.02	0.04	1
0.02	0.05	1
0.02	0.06	1
0.02	0.07	1
0.02	0.08	1
0.02	0.09	1
0.02	0.1	1
0.02	0.11	1
0.02	0.12	1
0.02	0.13	1
0.02	0.14	1
0.02	0.15	1
0.02	0.16	1
0.02	0.17	1
0.02	0.18	1
0.02	0.19	1
0.02	0.2	1
0.02	0.21	1
0.02	0.22	1
0.02	0.23	1
0.02	0.24	1
0.02	0.25	1
0.02	0.26	1
0.02	0.27	1
0.02	0.28	1
0.02	0.29	1
0.02	0.3	1
0.02	0.31	1
0.02	0.32	1
0.02	0.33	1
0.02	0.34	1
0.02	0.35	1
0.02	0.36	1
0.02	0.37	1
0.02	0.38	0.999999
0.02	0.39	1
0.02	0.4	0.999992
0.02	0.41	1.00002
0.02	0.42	0.999996
0.02	0.43	0.999763
0.02	0.44	1.00134
0.02	0.45	0.996953
0.02	0.46	1.00013
0.02	0.47	1.02151
0.02	0.48	0.967248
0.02	0.49	2.3901
0.02	0.5	4.11634
0.02	0.51	3.97673
0.02	0.52	3.73321
0.02	0.53	3.38327
0.02	0.54	2.93333
0.02	0.55	2.88256
0.02	0.56	2.89642
0.02	0.57	2.62799
0.02	0.58	2.66329
0.02	0.59	2.92672
0.02	0.6	2.82272
0.02	0.61	2.54599
0.02	0.62	2.75154
0.02	0.63	3.05975
0.02	0.64	2.47406
0.02	0.65	2.37026
0.02	0.66	2.22627
0.02	0.67	1.2162
0.02	0.68	1.01542
0.02	0.69	1.00082
0.02	0.7	1.00004
0.02	0.71	1
0.02	0.72	1
0.02	0.73	1
0.02	0.74	1
0.02	0.75	1
0.02	0.76	1
0.02	0.77	1
0.02	0.78	1
0.02	0.79	1
0.02	0.8	1
0.02	0.81	1
0.02	0.82	1
0.02	0.83	1
0.02	0.84	1
0.02	0.85	1
0.02	0.86	1
0.02	0.87	1
0.02	0.88	1
0.02	0.89	1
0.02	0.9	1
0.02	0.91	1
0.02	0.92	1
0.02	0.93	1
0.02	0.94	1
0.02	0.95	1
0.02	0.96	1
0.02	0.97	1
0.02	0.98	1
0.02	0.99	1


0.03	0	1
0.03	0.01	1
0.03	0.02	1
0.03	0.03	1
0.03	0.04	1
0.03	0.05	1
0.03	0.06	1
0.03	0.07	1
0.03	0.08	1
0.03	0.09	1
0.03	0.1	1
0.03	0.11	1
0.03	0.12	1
0.03	0.13	1
0.03	0.14	1
0.03	0.15	1
0.03	0.16	1
0.03	0.17	1
0.03	0.18	1
0.03	0.19	1
0.03	0.2	1
0.03	0.21	1
0.03	0.22	1
0.03	0.23	1
0.03	0.24	1
0.03	0.25	1
0.03	0.26	1
0.03	0.27	1
0.03	0.28	1
0.03	0.29	1
0.03	0.3	1
0.03	0.31	1
0.03	0.32	1
0.03	0.33	1
0.03	0.34	1
0.03	0.35	1
0.03	0.36	1
0.03	0.37	1
0.03	0.38	1
0.03	0.39	0.999998
0.03	0.4	1.00001
0.03	0.41	0.99999
0.03	0.42	0.999999
0.03	0.43	1.00007
0.03	0.44	0.99976
0.03	0.45	1.00051
0.03	0.46	0.998752
0.03	0.47	1.00605
0.03	0.48	1.07519
0.03	0.49	1.55507
0.03	0.5	3.65143
0.03	0.51	4.17662
0.03	0.52	4.15176
0.03	0.53	4.06748
0.03	0.54	3.83671
0.03	0.55	3.55633
0.03	0.56	3.21938
0.03	0.57	2.85864
0.03	0.58	2.85641
0.03	0.59	2.93219
0.03	0.6	2.72108
0.03	0.61	2.69096
0.03	0.62	2.90009
0.03	0.63	2.88658
0.03	0.64	2.72149
0.03	0.65	2.79963
0.03	0.66	2.91048
0.03	0.67	2.72765
0.03	0.68	2.59975
0.03	0.69	2.60125
0.03	0.7	2.72818
0.03	0.71	2.71636
0.03	0.72	2.50293
0.03	0.73	2.56026
0.03	0.74	2.59296
0.03	0.75	1.84155
0.03	0.76	1.05351
0.03	0.77	1.00278
0.03	0.78	1.00016
0.03	0.79	1.00001
0.03	0.8	1
0.03	0.81	1
0.03	0.82	1
0.03	0.83	1
0.03	0.84	1
0.03	0.85	1
0.03	0.86	1
0.03	0.87	1
0.03	0.88	1
0.03	0.89	1
0.03	0.9	1
0.03	0.91	1
0.03	0.92	1
0.03	0.93	1
0.03	0.94	1
0.03	0.95	1
0.03	0.96	1
0.03	0.97	1
0.03	0.98	1
0.03	0.99	1


0.04	0	1
0.04	0.01	1
0.04	0.02	1
0.04	0.03	1
0.04	0.04	1
0.04	0.05	1
0.04	0.06	1
0.04	0.07	1
0.04	0.08	1
0.04	0.09	1
0.04	0.1	1
0.04	0.11	1
0.04	0.12	1
0.04	0.13	1
0.04	0.14	1
0.04	0.15	1
0.04	0.16	1
0.04	0.17	1
0.04	0.18	1
0.04	0.19	1
0.04	0.2	1
0.04	0.21	1
0.04	0.22	1
0.04	0.23	1
0.04	0.24	1
0.04	0.25	1
0.04	0.26	1
0.04	0.27	1
0.04	0.28	1
0.04	0.29	1
0.04	0.3	1
0.04	0.31	1
0.04	0.32	1
0.04	0.33	1
0.04	0.34	1
0.04	0.35	1
0.04	0.36	1
0.04	0.37	1
0.04	0.38	1
0.04	0.39	1
0.04	0.4	0.999999
0.04	0.41	1
0.04	0.42	0.99999
0.04	0.43	1.00001
0.04	0.44	1.00003
0.04	0.45	0.999931
0.04	0.46	0.999614
0.04	0.47	1.00485
0.04	0.48	1.04353
0.04	0.49	1.45299
0.04	0.5	2.80439
0.04	0.51	4.05661
0.04	0.52	4.09784
0.04	0.53	4.15513
0.04	0.54	4.13604
0.04	0.55	4.05549
0.04	0.56	3.92643
0.04	0.57	3.66483
0.04	0.58	3.41097
0.04	0.59	3.11248
0.04	0.6	2.81967
0.04	0.61	2.83911
0.04	0.62	2.97221
0.04	0.63	2.72981
0.04	0.64	2.68521
0.04	0.65	2.90211
0.04	0.66	2.93857
0.04	0.67	2.76905
0.04	0.68	2.66578
0.04	0.69	2.85493
0.04	0.7	2.8921
0.04	0.71	2.60599
0.04	0.72	2.58668
0.04	0.73	2.76636
0.04	0.74	2.78302
0.04	0.75	2.62762
0.04	0.76	2.76903
0.04	0.77	2.92189
0.04	0.78	2.657
0.04	0.79	2.61715
0.04	0.8	2.62786
0.04	0.81	2.56942
0.04	0.82	2.58177
0.04	0.83	2.5194
0.04	0.84	1.35423
0.04	0.85	1.02161
0.04	0.86	1.0012
0.04	0.87	1.00007
0.04	0.88	1
0.04	0.89	1
0.04	0.9	1
0.04	0.91	1
0.04	0.92	1
0.04	0.93	1
0.04	0.94	1
0.04	0.95	1
0.04	0.96	1
0.04	0.97	1
0.04	0.98	1
0.04	0.99	1


0.05	0	1
0.05	0.01	1
0.05	0.02	1
0.05	0.03	1
0.05	0.04	1
0.05	0.05	1
0.05	0.06	1
0.05	0.07	1
0.05	0.08	1
0.05	0.09	1
0.05	0.1	1
0.05	0.11	1
0.05	0.12	1
0.05	0.13	1
0.05	0.14	1
0.05	0.15	1
0.05	0.16	1
0.05	0.17	1
0.05	0.18	1
0.05	0.19	1
0.05	0.2	1
0.05	0.21	1
0.05	0.22	1
0.05	0.23	1
0.05	0.24	1
0.05	0.25	1
0.05	0.26	1
0.05	0.27	1
0.05	0.28	1
0.05	0.29	1
0.05	0.3	1
0.05	0.31	1
0.05	0.32	1
0.05	0.33	1
0.05	0.34	1
0.05	0.35	1
0.05	0.36	1
0.05	0.37	1
0.05	0.38	1
0.05	0.39	1
0.05	0.4	1
0.05	0.41	1
0.05	0.42	0.999998
0.05	0.43	1.00001
0.05	0.44	1.00001
0.05	0.45	0.999917
0.05	0.46	0.999958
0.05	0.47	1.00269
0.05	0.48	1.03671
0.05	0.49	1.20934
0.05	0.5	2.24894
0.05	0.51	4.08047
0.05	0.52	4.05036
0.05	0.53	4.06804
0.05	0.54	4.08536
0.05	0.55	4.08376
0.05	0.56	4.09705
0.05	0.57	4.05835
0.05	0.58	3.95323
0.05	0.59	3.7769
0.05	0.6	3.47981
0.05	0.61	3.27522
0.05	0.62	3.00621
0.05	0.63	2.78226
0.05	0.64	2.83784
0.05	0.65	2.95501
0.05	0.66	2.79436
0.05	0.67	2.70514
0.05	0.68	2.81508
0.05	0.69	2.92167
0.05	0.7	2.8531
0.05	0.71	2.64067
0.05	0.72	2.75712
0.05	0.73	3.0038
0.05	0.74	2.59793
0.05	0.75	2.5294
0.05	0.76	2.80171
0.05	0.77	2.87208
0.05	0.78	2.67835
0.05	0.79	2.69851
0.05	0.8	2.80921
0.05	0.81	2.78143
0.05	0.82	2.67122
0.05	0.83	2.64479
0.05	0.84	2.77384
0.05	0.85	2.81463
0.05	0.86	2.64582
0.05	0.87	2.63195
0.05	0.88	2.84914
0.05	0.89	2.71905
0.05	0.9	2.51641
0.05	0.91	2.5797
0.05	0.92	2.17663
0.05	0.93	1.12181
0.05	0.94	1.00748
0.05	0.95	1.00047
0.05	0.96	1.00003
0.05	0.97	1
0.05	0.98	1
0.05	0.99	1


0.06	0	1
0.06	0.01	1
0.06	0.02	1
0.06	0.03	1
0.06	0.04	1
0.06	0.05	1
0.06	0.06	1
0.06	0.07	1
0.06	0.08	1
0.06	0.09	1
0.06	0.1	1
0.06	0.11	1
0.06	0.12	1
0.06	0.13	1
0.06	0.14	1
0.06	0.15	1
0.06	0.16	1
0.06	0.17	1
0.06	0.18	1
0.06	0.19	1
0.06	0.2	1
0.06	0.21	1
0.06	0.22	1
0.06	0.23	1
0.06	0.24	1
0.06	0.25	1
0.06	0.26	1
0.06	0.27	1
0.06	0.28	1
0.06	0.29	1
0.06	0.3	1
0.06	0.31	1
0.06	0.32	1
0.06	0.33	1
0.06	0.34	1
0.06	0.35	1
0.06	0.36	1
0.06	0.37	1
0.06	0.38	1
0.06	0.39	1
0.06	0.4	1
0.06	0.41	1
0.06	0.42	0.999998
0.06	0.43	1
0.06	0.44	1
0.06	0.45	0.999961
0.06	0.46	1.00004
0.06	0.47	1.0016
0.06	0.48	1.02409
0.06	0.49	1.14562
0.06	0.5	1.68651
0.06	0.51	3.7633
0.06	0.52	4.10551
0.06	0.53	4.09776
0.06	0.54	4.06434
0.06	0.55	4.05102
0.06	0.56	4.0839
0.06	0.57	4.11216
0.06	0.58	4.1064
0.06	0.59	4.08153
0.06	0.6	3.99023
0.06	0.61	3.85176
0.06	0.62	3.60871
0.06	0.63	3.31601
0.06	0.64	3.1651
0.06	0.65	2.93093
0.06	0.66	2.77235
0.06	0.67	2.81929
0.06	0.68	2.88751
0.06	0.69	2.85328
0.06	0.7	2.74169
0.06	0.71	2.72873
0.06	0.72	2.88281
0.06	0.73	2.85447
0.06	0.74	2.66395
0.06	0.75	2.6869
0.06	0.76	2.90044
0.06	0.77	2.76087
0.06	0.78	2.46623
0.06	0.79	2.74075
0.06	0.8	3.02694
0.06	0.81	2.69962
0.06	0.82	2.54437
0.06	0.83	2.80198
0.06	0.84	2.98095
0.06	0.85	2.62912
0.06	0.86	2.50739
0.06	0.87	2.82235
0.06	0.88	2.91113
0.06	0.89	2.67438
0.06	0.9	2.69142
0.06	0.91	2.74833
0.06	0.92	2.81184
0.06	0.93	2.6552
0.06	0.94	2.72172
0.06	0.95	2.74252
0.06	0.96	2.69764
0.06	0.97	2.79263
0.06	0.98	2.79263
0.06	0.99	2.79263


0.07	0	1
0.07	0.01	1
0.07	0.02	1
0.07	0.03	1
0.07	0.04	1
0.07	0.05	1
0.07	0.06	1
0.07	0.07	1
0.07	0.08	1
0.07	0.09	1
0.07	0.1	1
0.07	0.11	1
0.07	0.12	1
0.07	0.13	1
0.07	0.14	1
0.07	0.15	1
0.07	0.16	1
0.07	0.17	1
0.07	0.18	1
0.07	0.19	1
0.07	0.2	1
0.07	0.21	1
0.07	0.22	1
0.07	0.23	1
0.07	0.24	1
0.07	0.25	1
0.07	0.26	1
0.07	0.27	1
0.07	0.28	1
0.07	0.29	1
0.07	0.3	1
0.07	0.31	1
0.07	0.32	1
0.07	0.33	1
0.07	0.34	1
0.07	0.35	1
0.07	0.36	1
0.07	0.37	1
0.07	0.38	1
0.07	0.39	1
0.07	0.4	1
0.07	0.41	0.999999
0.07	0.42	0.999999
0.07	0.43	1
0.07	0.44	0.999999
0.07	0.45	0.999986
0.07	0.46	1.00004
0.07	0.47	1.00121
0.07	0.48	1.01489
0.07	0.49	1.08365
0.07	0.5	1.48624
0.07	0.51	3.09814
0.07	0.52	4.06598
0.07	0.53	4.09247
0.07	0.54	4.09115
0.07	0.55	4.07361
0.07	0.56	4.07941
0.07	0.57	4.08469
0.07	0.58	4.09549
0.07	0.59	4.11337
0.07	0.6	4.10268
0.07	0.61	4.07861
0.07	0.62	4.00821
0.07	0.63	3.87151
0.07	0.64	3.74155
0.07	0.65	3.46697
0.07	0.66	3.18862
0.07	0.67	3.08218
0.07	0.68	2.91002
0.07	0.69	2.79839
0.07	0.7	2.83318
0.07	0.71	2.87908
0.07	0.72	2.89923
0.07	0.73	2.71513
0.07	0.74	2.67433
0.07	0.75	2.85439
0.07	0.76	2.91638
0.07	0.77	2.65261
0.07	0.78	2.60103
0.07	0.79	2.80068
0.07	0.8	2.89748
0.07	0.81	2.56982
0.07	0.82	2.55688
0.07	0.83	2.89931
0.07	0.84	2.87086
0.07	0.85	2.5835
0.07	0.86	2.63295
0.07	0.87	2.93252
0.07	0.88	2.78396
0.07	0.89	2.46214
0.07	0.9	2.69739
0.07	0.91	3.09968
0.07	0.92	2.69626
0.07	0.93	2.48241
0.07	0.94	2.8427
0.07	0.95	2.92308
0.07	0.96	2.62699
0.07	0.97	2.76009
0.07	0.98	2.76009
0.07	0.99	2.76009


0.08	0	1
0.08	0.01	1
0.08	0.02	1
0.08	0.03	1
0.08	0.04	1
0.08	0.05	1
0.08	0.06	1
0.08	0.07	1
0.08	0.08	1
0.08	0.09	1
0.08	0.1	1
0.08	0.11	1
0.08	0.12	1
0.08	0.13	1
0.08	0.14	1
0.08	0.15	1
0.08	0.16	1
0.08	0.17	1
0.08	0.18	1
0.08	0.19	1
0.08	0.2	1
0.08	0.21	1
0.08	0.22	1
0.08	0.23	1
0.08	0.24	1
0.08	0.25	1
0.08	0.26	1
0.08	0.27	1
0.08	0.28	1
0.08	0.29	1
0.08	0.3	1
0.08	0.31	1
0.08	0.32	1
0.08	0.33	1
0.08	0.34	1
0.08	0.35	1
0.08	0.36	1
0.08	0.37	1
0.08	0.38	1
0.08	0.39	1
0.08	0.4	1
0.08	0.41	1
0.08	0.42	1
0.08	0.43	1
0.08	0.44	0.999999
0.08	0.45	0.999993
0.08	0.46	1.00004
0.08	0.47	1.00077
0.08	0.48	1.00959
0.08	0.49	1.04586
0.08	0.5	1.27758
0.08	0.51	2.54784
0.08	0.52	4.05328
0.08	0.53	4.04192
0.08	0.54	4.03668
0.08	0.55	4.04594
0.08	0.56	4.08334
0.08	0.57	4.0855
0.08	0.58	4.08434
0.08	0.59	4.08884
0.08	0.6	4.09224
0.08	0.61	4.10231
0.08	0.62	4.09368
0.08	0.63	4.0509
0.08	0.64	4.03032
0.08	0.65	3.93236
0.08	0.66	3.78661
0.08	0.67	3.60627
0.08	0.68	3.32723
0.08	0.69	3.10919
0.08	0.7	3.03568
0.08	0.71	2.92159
0.08	0.72	2.82909
0.08	0.73	2.76841
0.08	0.74	2.85845
0.08	0.75	2.87651
0.08	0.76	2.74325
0.08	0.77	2.70418
0.08	0.78	2.83742
0.08	0.79	2.89666
0.08	0.8	2.7072
0.08	0.81	2.59313
0.08	0.82	2.7402
0.08	0.83	2.98351
0.08	0.84	2.62277
0.08	0.85	2.41115
0.08	0.86	2.82478
0.08	0.87	3.07318
0.08	0.88	2.5603
0.08	0.89	2.47115
0.08	0.9	2.8787
0.08	0.91	2.9613
0.08	0.92	2.4566
0.08	0.93	2.56095
0.08	0.94	2.92514
0.08	0.95	2.83766
0.08	0.96	2.48686
0.08	0.97	2.82729
0.08	0.98	2.82729
0.08	0.99	2.82729


0.09	0	1
0.09	0.01	1
0.09	0.02	1
0.09	0.03	1
0.09	0.04	1
0.09	0.05	1
0.09	0.06	1
0.09	0.07	1
0.09	0.08	1
0.09	0.09	1
0.09	0.1	1
0.09	0.11	1
0.09	0.12	1
0.09	0.13	1
0.09	0.14	1
0.09	0.15	1
0.09	0.16	1
0.09	0.17	1
0.09	0.18	1
0.09	0.19	1
0.09	0.2	1
0.09	0.21	1
0.09	0.22	1
0.09	0.23	1
0.09	0.24	1
0.09	0.25	1
0.09	0.26	1
0.09	0.27	1
0.09	0.28	1
0.09	0.29	1
0.09	0.3	1
0.09	0.31	1
0.09	0.32	1
0.09	0.33	1
0.09	0.34	1
0.09	0.35	1
0.09	0.36	1
0.09	0.37	1
0.09	0.38	1
0.09	0.39	1
0.09	0.4	1
0.09	0.41	1
0.09	0.42	1
0.09	0.43	1
0.09	0.44	0.999999
0.09	0.45	0.999997
0.09	0.46	1.00003
0.09	0.47	1.00061
0.09	0.48	1.00439
0.09	0.49	1.0359
0.09	0.5	1.1767
0.09	0.51	1.83355
0.09	0.52	3.95582
0.09	0.53	4.09901
0.09	0.54	4.08149
0.09	0.55	4.05907
0.09	0.56	4.0697
0.09	0.57	4.07613
0.09	0.58	4.08173
0.09	0.59	4.09044
0.09	0.6	4.08346
0.09	0.61	4.08527
0.09	0.62	4.08335
0.09	0.63	4.0442
0.09	0.64	4.07196
0.09	0.65	4.05127
0.09	0.66	4.02363
0.09	0.67	3.94631
0.09	0.68	3.83081
0.09	0.69	3.65673
0.09	0.7	3.51083
0.09	0.71	3.23026
0.09	0.72	3.02304
0.09	0.73	2.96552
0.09	0.74	2.92532
0.09	0.75	2.80547
0.09	0.76	2.76048
0.09	0.77	2.85912
0.09	0.78	2.92726
0.09	0.79	2.75826
0.09	0.8	2.68748
0.09	0.81	2.80145
0.09	0.82	2.87509
0.09	0.83	2.74668
0.09	0.84	2.6301
0.09	0.85	2.65544
0.09	0.86	2.84037
0.09	0.87	2.8141
0.09	0.88	2.57478
0.09	0.89	2.66679
0.09	0.9	2.92705
0.09	0.91	2.72911
0.09	0.92	2.31232
0.09	0.93	2.94246
0.09	0.94	2.95738
0.09	0.95	2.6718
0.09	0.96	2.61459
0.09	0.97	2.77439
0.09	0.98	2.77439
0.09	0.99	2.77439


0.1	0	1
0.1	0.01	1
0.1	0.02	1
0.1	0.03	1
0.1	0.04	1
0.1	0.05	1
0.1	0.06	1
0.1	0.07	1
0.1	0.08	1
0.1	0.09	1
0.1	0.1	1
0.1	0.11	1
0.1	0.12	1
0.1	0.13	1
0.1	0.14	1
0.1	0.15	1
0.1	0.16	1
0.1	0.17	1
0.1	0.18	1
0.1	0.19	1
0.1	0.2	1
0.1	0.21	1
0.1	0.22	1
0.1	0.23	1
0.1	0.24	1
0.1	0.25	1
0.1	0.26	1
0.1	0.27	1
0.1	0.28	1
0.1	0.29	1
0.1	0.3	1
0.1	0.31	1
0.1	0.32	1
0.1	0.33	1
0.1	0.34	1
0.1	0.35	1
0.1	0.36	1
0.1	0.37	1
0.1	0.38	1
0.1	0.39	1
0.1	0.4	1
0.1	0.41	1
0.1	0.42	1
0.1	0.43	1
0.1	0.44	0.999999
0.1	0.45	0.999999
0.1	0.46	1.00003
0.1	0.47	1.00035
0.1	0.48	1.00276
0.1	0.49	1.0216
0.1	0.5	1.1099
0.1	0.51	1.53826
0.1	0.52	3.38915
0.1	0.53	4.08224
0.1	0.54	4.084
0.1	0.55	4.0879
0.1	0.56	4.09295
0.1	0.57	4.08336
0.1	0.58	4.07994
0.1	0.59	4.08497
0.1	0.6	4.08421
0.1	0.61	4.08381
0.1	0.62	4.07982
0.1	0.63	4.06017
0.1	0.64	4.09041
0.1	0.65	4.08089
0.1	0.66	4.08335
0.1	0.67	4.06199
0.1	0.68	4.03134
0.1	0.69	3.97856
0.1	0.7	3.8953
0.1	0.71	3.74661
0.1	0.72	3.53312
0.1	0.73	3.35951
0.1	0.74	3.11629
0.1	0.75	2.91205
0.1	0.76	2.92317
0.1	0.77	2.96153
0.1	0.78	2.8077
0.1	0.79	2.74123
0.1	0.8	2.83048
0.1	0.81	2.89874
0.1	0.82	2.78492
0.1	0.83	2.70386
0.1	0.84	2.76285
0.1	0.85	2.79451
0.1	0.86	2.82468
0.1	0.87	2.6619
0.1	0.88	2.60229
0.1	0.89	2.84364
0.1	0.9	2.85519
0.1	0.91	2.59289
0.1	0.92	2.56801
0.1	0.93	2.90271
0.1	0.94	2.72879
0.1	0.95	2.51633
0.1	0.96	2.8153
0.1	0.97	2.88384
0.1	0.98	2.88384
0.1	0.99	2.88384


0.11	0	1
0.11	0.01	1
0.11	0.02	1
0.11	0.03	1
0.11	0.04	1
0.11	0.05	1
0.11	0.06	1
0.11	0.07	1
0.11	0.08	1
0.11	0.09	1
0.11	0.1	1
0.11	0.11	1
0.11	0.12	1
0.11	0.13	1
0.11	0.14	1
0.11	0.15	1
0.11	0.16	1
0.11	0.17	1
0.11	0.18	1
0.11	0.19	1
0.11	0.2	1
0.11	0.21	1
0.11	0.22	1
0.11	0.23	1
0.11	0.24	1
0.11	0.25	1
0.11	0.26	1
0.11	0.27	1
0.11	0.28	1
0.11	0.29	1
0.11	0.3	1
0.11	0.31	1
0.11	0.32	1
0.11	0.33	1
0.11	0.34	1
0.11	0.35	1
0.11	0.36	1
0.11	0.37	1
0.11	0.38	1
0.11	0.39	1
0.11	0.4	1
0.11	0.41	1
0.11	0.42	1
0.11	0.43	1
0.11	0.44	0.999999
0.11	0.45	1
0.11	0.46	1.00002
0.11	0.47	1.00021
0.11	0.48	1.00166
0.11	0.49	1.01384
0.11	0.5	1.05351
0.11	0.51	1.42079
0.11	0.52	2.68176
0.11	0.53	4.04065
0.11	0.54	4.05769
0.11	0.55	4.07024
0.11	0.56	4.09401
0.11	0.57	4.09741
0.11	0.58	4.09527
0.11	0.59	4.09039
0.11	0.6	4.08254
0.11	0.61	4.08247
0.11	0.62	4.07753
0.11	0.63	4.0664
0.11	0.64	4.08891
0.11	0.65	4.08353
0.11	0.66	4.0894
0.11	0.67	4.07904
0.11	0.68	4.07737
0.11	0.69	4.07612
0.11	0.7	4.06505
0.11	0.71	4.00804
0.11	0.72	3.91668
0.11	0.73	3.79238
0.11	0.74	3.60011
0.11	0.75	3.39816
0.11	0.76	3.2768
0.11	0.77	3.08965
0.11	0.78	2.9036
0.11	0.79	2.90579
0.11	0.8	2.96039
0.11	0.81	2.81287
0.11	0.82	2.75636
0.11	0.83	2.7949
0.11	0.84	2.84582
0.11	0.85	2.80373
0.11	0.86	2.72036
0.11	0.87	2.67926
0.11	0.88	2.81946
0.11	0.89	2.81296
0.11	0.9	2.62051
0.11	0.91	2.61082
0.11	0.92	2.7739
0.11	0.93	2.86872
0.11	0.94	2.6318
0.11	0.95	2.71026
0.11	0.96	2.77072
0.11	0.97	2.76208
0.11	0.98	2.76208
0.11	0.99	2.76208


0.12	0	1
0.12	0.01	1
0.12	0.02	1
0.12	0.03	1
0.12	0.04	1
0.12	0.05	1
0.12	0.06	1
0.12	0.07	1
0.12	0.08	1
0.12	0.09	1
0.12	0.1	1
0.12	0.11	1
0.12	0.12	1
0.12	0.13	1
0.12	0.14	1
0.12	0.15	1
0.12	0.16	1
0.12	0.17	1
0.12	0.18	1
0.12	0.19	1
0.12	0.2	1
0.12	0.21	1
0.12	0.22	1
0.12	0.23	1
0.12	0.24	1
0.12	0.25	1
0.12	0.26	1
0.12	0.27	1
0.12	0.28	1
0.12	0.29	1
0.12	0.3	1
0.12	0.31	1
0.12	0.32	1
0.12	0.33	1
0.12	0.34	1
0.12	0.35	1
0.12	0.36	1
0.12	0.37	1
0.12	0.38	1
0.12	0.39	1
0.12	0.4	1
0.12	0.41	1
0.12	0.42	1
0.12	0.43	1
0.12	0.44	1
0.12	0.45	1
0.12	0.46	1.00001
0.12	0.47	1.00013
0.12	0.48	1.00113
0.12	0.49	1.00664
0.12	0.5	1.04512
0.12	0.51	1.20396
0.12	0.52	2.06336
0.12	0.53	4.06432
0.12	0.54	4.07943
0.12	0.55	4.06493
0.12	0.56	4.07106
0.12	0.57	4.08016
0.12	0.58	4.08957
0.12	0.59	4.082
0.12	0.6	4.07001
0.12	0.61	4.06489
0.12	0.62	4.05238
0.12	0.63	4.04848
0.12	0.64	4.07478
0.12	0.65	4.07792
0.12	0.66	4.08553
0.12	0.67	4.07832
0.12	0.68	4.08053
0.12	0.69	4.09051
0.12	0.7	4.10155
0.12	0.71	4.08616
0.12	0.72	4.06052
0.12	0.73	4.00677
0.12	0.74	3.9243
0.12	0.75	3.81181
0.12	0.76	3.70532
0.12	0.77	3.54731
0.12	0.78	3.30522
0.12	0.79	3.1861
0.12	0.8	3.04892
0.12	0.81	2.8906
0.12	0.82	2.88807
0.12	0.83	2.9223
0.12	0.84	2.83445
0.12	0.85	2.75962
0.12	0.86	2.75839
0.12	0.87	2.83662
0.12	0.88	2.86094
0.12	0.89	2.71155
0.12	0.9	2.6334
0.12	0.91	2.82913
0.12	0.92	2.82411
0.12	0.93	2.6283
0.12	0.94	2.6189
0.12	0.95	2.82872
0.12	0.96	2.76289
0.12	0.97	2.7209
0.12	0.98	2.7209
0.12	0.99	2.7209


0.13	0	1
0.13	0.01	1
0.13	0.02	1
0.13	0.03	1
0.13	0.04	1
0.13	0.05	1
0.13	0.06	1
0.13	0.07	1
0.13	0.08	1
0.13	0.09	1
0.13	0.1	1
0.13	0.11	1
0.13	0.12	1
0.13	0.13	1
0.13	0.14	1
0.13	0.15	1
0.13	0.16	1
0.13	0.17	1
0.13	0.18	1
0.13	0.19	1
0.13	0.2	1
0.13	0.21	1
0.13	0.22	1
0.13	0.23	1
0.13	0.24	1
0.13	0.25	1
0.13	0.26	1
0.13	0.27	1
0.13	0.28	1
0.13	0.29	1
0.13	0.3	1
0.13	0.31	1
0.13	0.32	1
0.13	0.33	1
0.13	0.34	1
0.13	0.35	1
0.13	0.36	1
0.13	0.37	1
0.13	0.38	1
0.13	0.39	1
0.13	0.4	1
0.13	0.41	1
0.13	0.42	1
0.13	0.43	1
0.13	0.44	1
0.13	0.45	1
0.13	0.46	1.00001
0.13	0.47	1.00008
0.13	0.48	1.00066
0.13	0.49	1.00393
0.13	0.5	1.02778
0.13	0.51	1.13602
0.13	0.52	1.63664
0.13	0.53	3.6169
0.13	0.54	4.07981
0.13	0.55	4.1045
0.13	0.56	4.10252
0.13	0.57	4.08272
0.13	0.58	4.07674
0.13	0.59	4.07786
0.13	0.6	4.08325
0.13	0.61	4.08522
0.13	0.62	4.08063
0.13	0.63	4.0672
0.13	0.64	4.0769
0.13	0.65	4.07258
0.13	0.66	4.07559
0.13	0.67	4.07041
0.13	0.68	4.0715
0.13	0.69	4.08773
0.13	0.7	4.08329
0.13	0.71	4.07687
0.13	0.72	4.06668
0.13	0.73	4.05037
0.13	0.74	4.03131
0.13	0.75	3.98556
0.13	0.76	3.96337
0.13	0.77	3.8915
0.13	0.78	3.76536
0.13	0.79	3.61595
0.13	0.8	3.41463
0.13	0.81	3.20157
0.13	0.82	3.12708
0.13	0.83	3.03769
0.13	0.84	2.87715
0.13	0.85	2.82872
0.13	0.86	2.88112
0.13	0.87	2.90261
0.13	0.88	2.76585
0.13	0.89	2.71271
0.13	0.9	2.8304
0.13	0.91	2.8914
0.13	0.92	2.68113
0.13	0.93	2.63833
0.13	0.94	2.81071
0.13	0.95	2.84059
0.13	0.96	2.6944
0.13	0.97	2.7082
0.13	0.98	2.7082
0.13	0.99	2.7082


0.14	0	1
0.14	0.01	1
0.14	0.02	1
0.14	0.03	1
0.14	0.04	1
0.14	0.05	1
0.14	0.06	1
0.14	0.07	1
0.14	0.08	1
0.14	0.09	1
0.14	0.1	1
0.14	0.11	1
0.14	0.12	1
0.14	0.13	1
0.14	0.14	1
0.14	0.15	1
0.14	0.16	1
0.14	0.17	1
0.14	0.18	1
0.14	0.19	1
0.14	0.2	1
0.14	0.21	1
0.14	0.22	1
0.14	0.23	1
0.14	0.24	1
0.14	0.25	1
0.14	0.26	1
0.14	0.27	1
0.14	0.28	1
0.14	0.29	1
0.14	0.3	1
0.14	0.31	1
0.14	0.32	1
0.14	0.33	1
0.14	0.34	1
0.14	0.35	1
0.14	0.36	1
0.14	0.37	1
0.14	0.38	1
0.14	0.39	1
0.14	0.4	1
0.14	0.41	1
0.14	0.42	1
0.14	0.43	1
0.14	0.44	1
0.14	0.45	1
0.14	0.46	1.00001
0.14	0.47	1.00005
0.14	0.48	1.00038
0.14	0.49	1.00242
0.14	0.5	1.01695
0.14	0.51	1.07771
0.14	0.52	1.45553
0.14	0.53	2.95241
0.14	0.54	4.06915
0.14	0.55	4.07312
0.14	0.56	4.07655
0.14	0.57	4.09147
0.14	0.58	4.10269
0.14	0.59	4.10102
0.14	0.6	4.09455
0.14	0.61	4.07684
0.14	0.62	4.0701
0.14	0.63	4.06943
0.14	0.64	4.08305
0.14	0.65	4.08296
0.14	0.66	4.08386
0.14	0.67	4.07504
0.14	0.68	4.07514
0.14	0.69	4.08643
0.14	0.7	4.09415
0.14	0.71	4.09047
0.14	0.72	4.08462
0.14	0.73	4.07286
0.14	0.74	4.06973
0.14	0.75	4.027
0.14	0.76	4.05905
0.14	0.77	4.03951
0.14	0.78	3.9909
0.14	0.79	3.90426
0.14	0.8	3.78355
0.14	0.81	3.64115
0.14	0.82	3.49718
0.14	0.83	3.3361
0.14	0.84	3.08402
0.14	0.85	3.02605
0.14	0.86	3.05318
0.14	0.87	2.86098
0.14	0.88	2.79381
0.14	0.89	2.8549
0.14	0.9	2.90991
0.14	0.91	2.78769
0.14	0.92	2.64989
0.14	0.93	2.84465
0.14	0.94	2.90019
0.14	0.95	2.73396
0.14	0.96	2.69814
0.14	0.97	2.76317
0.14	0.98	2.76317
0.14	0.99	2.76317


0.15	0	1
0.15	0.01	1
0.15	0.02	1
0.15	0.03	1
0.15	0.04	1
0.15	0.05	1
0.15	0.06	1
0.15	0.07	1
0.15	0.08	1
0.15	0.09	1
0.15	0.1	1
0.15	0.11	1
0.15	0.12	1
0.15	0.13	1
0.15	0.14	1
0.15	0.15	1
0.15	0.16	1
0.15	0.17	1
0.15	0.18	1
0.15	0.19	1
0.15	0.2	1
0.15	0.21	1
0.15	0.22	1
0.15	0.23	1
0.15	0.24	1
0.15	0.25	1
0.15	0.26	1
0.15	0.27	1
0.15	0.28	1
0.15	0.29	1
0.15	0.3	1
0.15	0.31	1
0.15	0.32	1
0.15	0.33	1
0.15	0.34	1
0.15	0.35	1
0.15	0.36	1
0.15	0.37	1
0.15	0.38	1
0.15	0.39	1
0.15	0.4	1
0.15	0.41	1
0.15	0.42	1
0.15	0.43	1
0.15	0.44	1
0.15	0.45	1
0.15	0.46	1
0.15	0.47	1.00003
0.15	0.48	1.00022
0.15	0.49	1.00149
0.15	0.5	1.00981
0.15	0.51	1.05056
0.15	0.52	1.23334
0.15	0.53	2.37693
0.15	0.54	4.09613
0.15	0.55	4.06496
0.15	0.56	4.03844
0.15	0.57	4.04247
0.15	0.58	4.07006
0.15	0.59	4.09989
0.15	0.6	4.09708
0.15	0.61	4.06159
0.15	0.62	4.04647
0.15	0.63	4.06989
0.15	0.64	4.09902
0.15	0.65	4.10234
0.15	0.66	4.08271
0.15	0.67	4.06611
0.15	0.68	4.06968
0.15	0.69	4.09151
0.15	0.7	4.10411
0.15	0.71	4.09927
0.15	0.72	4.08871
0.15	0.73	4.07014
0.15	0.74	4.07105
0.15	0.75	4.03601
0.15	0.76	4.09312
0.15	0.77	4.09241
0.15	0.78	4.07823
0.15	0.79	4.04079
0.15	0.8	3.98231
0.15	0.81	3.93373
0.15	0.82	3.83983
0.15	0.83	3.71396
0.15	0.84	3.54217
0.15	0.85	3.39396
0.15	0.86	3.27479
0.15	0.87	3.06108
0.15	0.88	2.96319
0.15	0.89	2.96987
0.15	0.9	2.89672
0.15	0.91	2.78815
0.15	0.92	2.81246
0.15	0.93	2.90696
0.15	0.94	2.75869
0.15	0.95	2.69727
0.15	0.96	2.84355
0.15	0.97	2.80325
0.15	0.98	2.80325
0.15	0.99	2.80325


0.16	0	1
0.16	0.01	1
0.16	0.02	1
0.16	0.03	1
0.16	0.04	1
0.16	0.05	1
0.16	0.06	1
0.16	0.07	1
0.16	0.08	1
0.16	0.09	1
0.16	0.1	1
0.16	0.11	1
0.16	0.12	1
0.16	0.13	1
0.16	0.14	1
0.16	0.15	1
0.16	0.16	1
0.16	0.17	1
0.16	0.18	1
0.16	0.19	1
0.16	0.2	1
0.16	0.21	1
0.16	0.22	1
0.16	0.23	1
0.16	0.24	1
0.16	0.25	1
0.16	0.26	1
0.16	0.27	1
0.16	0.28	1
0.16	0.29	1
0.16	0.3	1
0.16	0.31	1
0.16	0.32	1
0.16	0.33	1
0.16	0.34	1
0.16	0.35	1
0.16	0.36	1
0.16	0.37	1
0.16	0.38	1
0.16	0.39	1
0.16	0.4	1
0.16	0.41	1
0.16	0.42	1
0.16	0.43	1
0.16	0.44	1
0.16	0.45	1
0.16	0.46	1
0.16	0.47	1.00002
0.16	0.48	1.00013
0.16	0.49	1.00095
0.16	0.5	1.00506
0.16	0.51	1.03404
0.16	0.52	1.16525
0.16	0.53	1.74922
0.16	0.54	3.84336
0.16	0.55	4.10801
0.16	0.56	4.10164
0.16	0.57	4.07879
0.16	0.58	4.07384
0.16	0.59	4.07377
0.16	0.6	4.08031
0.16	0.61	4.0842
0.16	0.62	4.0787
0.16	0.63	4.06951
0.16	0.64	4.07565
0.16	0.65	4.07941
0.16	0.66	4.07935
0.16	0.67	4.04621
0.16	0.68	4.04955
0.16	0.69	4.07889
0.16	0.7	4.09494
0.16	0.71	4.09175
0.16	0.72	4.06743
0.16	0.73	4.05183
0.16	0.74	4.06443
0.16	0.75	4.06049
0.16	0.76	4.11164
0.16	0.77	4.0983
0.16	0.78	4.09163
0.16	0.79	4.07999
0.16	0.8	4.04574
0.16	0.81	4.05313
0.16	0.82	4.01758
0.16	0.83	3.95599
0.16	0.84	3.86401
0.16	0.85	3.75012
0.16	0.86	3.63861
0.16	0.87	3.4547
0.16	0.88	3.30238
0.16	0.89	3.20968
0.16	0.9	3.00651
0.16	0.91	2.91207
0.16	0.92	2.946
0.16	0.93	2.91891
0.16	0.94	2.80264
0.16	0.95	2.85543
0.16	0.96	2.90228
0.16	0.97	2.79062
0.16	0.98	2.79062
0.16	0.99	2.79062


0.17	0	1
0.17	0.01	1
0.17	0.02	1
0.17	0.03	1
0.17	0.04	1
0.17	0.05	1
0.17	0.06	1
0.17	0.07	1
0.17	0.08	1
0.17	0.09	1
0.17	0.1	1
0.17	0.11	1
0.17	0.12	1
0.17	0.13	1
0.17	0.14	1
0.17	0.15	1
0.17	0.16	1
0.17	0.17	1
0.17	0.18	1
0.17	0.19	1
0.17	0.2	1
0.17	0.21	1
0.17	0.22	1
0.17	0.23	1
0.17	0.24	1
0.17	0.25	1
0.17	0.26	1
0.17	0.27	1
0.17	0.28	1
0.17	0.29	1
0.17	0.3	1
0.17	0.31	1
0.17	0.32	1
0.17	0.33	1
0.17	0.34	1
0.17	0.35	1
0.17	0.36	1
0.17	0.37	1
0.17	0.38	1
0.17	0.39	1
0.17	0.4	1
0.17	0.41	1
0.17	0.42	1
0.17	0.43	1
0.17	0.44	1
0.17	0.45	1
0.17	0.46	1
0.17	0.47	1.00001
0.17	0.48	1.00008
0.17	0.49	1.00054
0.17	0.5	1.00312
0.17	0.51	1.02077
0.17	0.52	1.09952
0.17	0.53	1.50923
0.17	0.54	3.22975
0.17	0.55	4.06874
0.17	0.56	4.09744
0.17	0.57	4.10362
0.17	0.58	4.10143
0.17	0.59	4.08676
0.17	0.6	4.08019
0.17	0.61	4.07125
0.17	0.62	4.07464
0.17	0.63	4.08017
0.17	0.64	4.08796
0.17	0.65	4.08315
0.17	0.66	4.07932
0.17	0.67	4.07381
0.17	0.68	4.0787
0.17	0.69	4.08771
0.17	0.7	4.09283
0.17	0.71	4.08809
0.17	0.72	4.07954
0.17	0.73	4.06211
0.17	0.74	4.05742
0.17	0.75	4.04193
0.17	0.76	4.09302
0.17	0.77	4.09371
0.17	0.78	4.06973
0.17	0.79	4.07142
0.17	0.8	4.05043
0.17	0.81	4.0778
0.17	0.82	4.06449
0.17	0.83	4.03999
0.17	0.84	4.00798
0.17	0.85	3.94974
0.17	0.86	3.90849
0.17	0.87	3.81764
0.17	0.88	3.68173
0.17	0.89	3.54695
0.17	0.9	3.34013
0.17	0.91	3.21733
0.17	0.92	3.14942
0.17	0.93	2.97909
0.17	0.94	2.91222
0.17	0.95	2.94414
0.17	0.96	2.94274
0.17	0.97	2.84333
0.17	0.98	2.84333
0.17	0.99	2.84333


0.18	0	1
0.18	0.01	1
0.18	0.02	1
0.18	0.03	1
0.18	0.04	1
0.18	0.05	1
0.18	0.06	1
0.18	0.07	1
0.18	0.08	1
0.18	0.09	1
0.18	0.1	1
0.18	0.11	1
0.18	0.12	1
0.18	0.13	1
0.18	0.14	1
0.18	0.15	1
0.18	0.16	1
0.18	0.17	1
0.18	0.18	1
0.18	0.19	1
0.18	0.2	1
0.18	0.21	1
0.18	0.22	1
0.18	0.23	1
0.18	0.24	1
0.18	0.25	1
0.18	0.26	1
0.18	0.27	1
0.18	0.28	1
0.18	0.29	1
0.18	0.3	1
0.18	0.31	1
0.18	0.32	1
0.18	0.33	1
0.18	0.34	1
0.18	0.35	1
0.18	0.36	1
0.18	0.37	1
0.18	0.38	1
0.18	0.39	1
0.18	0.4	1
0.18	0.41	1
0.18	0.42	1
0.18	0.43	1
0.18	0.44	1
0.18	0.45	1
0.18	0.46	1
0.18	0.47	1.00001
0.18	0.48	1.00005
0.18	0.49	1.00032
0.18	0.5	1.00181
0.18	0.51	1.01376
0.18	0.52	1.04713
0.18	0.53	1.35446
0.18	0.54	2.62988
0.18	0.55	4.00604
0.18	0.56	4.03964
0.18	0.57	4.07258
0.18	0.58	4.0989
0.18	0.59	4.09772
0.18	0.6	4.09137
0.18	0.61	4.07568
0.18	0.62	4.07175
0.18	0.63	4.07446
0.18	0.64	4.08483
0.18	0.65	4.08387
0.18	0.66	4.08325
0.18	0.67	4.08079
0.18	0.68	4.08881
0.18	0.69	4.08987
0.18	0.7	4.09521
0.18	0.71	4.09048
0.18	0.72	4.08031
0.18	0.73	4.07371
0.18	0.74	4.06891
0.18	0.75	4.05581
0.18	0.76	4.08879
0.18	0.77	4.09685
0.18	0.78	4.09141
0.18	0.79	4.08726
0.18	0.8	4.06418
0.18	0.81	4.08901
0.18	0.82	4.08431
0.18	0.83	4.06959
0.18	0.84	4.06158
0.18	0.85	4.01117
0.18	0.86	4.01711
0.18	0.87	3.98285
0.18	0.88	3.91248
0.18	0.89	3.81513
0.18	0.9	3.69102
0.18	0.91	3.5752
0.18	0.92	3.46401
0.18	0.93	3.25219
0.18	0.94	3.14909
0.18	0.95	3.12476
0.18	0.96	3.01011
0.18	0.97	2.90224
0.18	0.98	2.90224
0.18	0.99	2.90224


0.19	0	1
0.19	0.01	1
0.19	0.02	1
0.19	0.03	1
0.19	0.04	1
0.19	0.05	1
0.19	0.06	1
0.19	0.07	1
0.19	0.08	1
0.19	0.09	1
0.19	0.1	1
0.19	0.11	1
0.19	0.12	1
0.19	0.13	1
0.19	0.14	1
0.19	0.15	1
0.19	0.16	1
0.19	0.17	1
0.19	0.18	1
0.19	0.19	1
0.19	0.2	1
0.19	0.21	1
0.19	0.22	1
0.19	0.23	1
0.19	0.24	1
0.19	0.25	1
0.19	0.26	1
0.19	0.27	1
0.19	0.28	1
0.19	0.29	1
0.19	0.3	1
0.19	0.31	1
0.19	0.32	1
0.19	0.33	1
0.19	0.34	1
0.19	0.35	1
0.19	0.36	1
0.19	0.37	1
0.19	0.38	1
0.19	0.39	1
0.19	0.4	1
0.19	0.41	1
0.19	0.42	1
0.19	0.43	1
0.19	0.44	1
0.19	0.45	1
0.19	0.46	1
0.19	0.47	1
0.19	0.48	1.00003
0.19	0.49	1.00018
0.19	0.5	1.00124
0.19	0.51	1.00636
0.19	0.52	1.04179
0.19	0.53	1.19157
0.19	0.54	1.92384
0.19	0.55	4.02725
0.19	0.56	4.10529
0.19	0.57	4.0786
0.19	0.58	4.06675
0.19	0.59	4.07023
0.19	0.6	4.08287
0.19	0.61	4.0845
0.19	0.62	4.0772
0.19	0.63	4.07361
0.19	0.64	4.07097
0.19	0.65	4.05143
0.19	0.66	4.04897
0.19	0.67	4.04901
0.19	0.68	4.09032
0.19	0.69	4.10118
0.19	0.7	4.0968
0.19	0.71	4.08692
0.19	0.72	4.06949
0.19	0.73	4.0704
0.19	0.74	4.07259
0.19	0.75	4.06803
0.19	0.76	4.09318
0.19	0.77	4.09936
0.19	0.78	4.09461
0.19	0.79	4.08705
0.19	0.8	4.06879
0.19	0.81	4.08901
0.19	0.82	4.09143
0.19	0.83	4.08727
0.19	0.84	4.0873
0.19	0.85	4.04432
0.19	0.86	4.06846
0.19	0.87	4.05829
0.19	0.88	4.02778
0.19	0.89	3.97034
0.19	0.9	3.92935
0.19	0.91	3.86379
0.19	0.92	3.7647
0.19	0.93	3.60811
0.19	0.94	3.4848
0.19	0.95	3.39512
0.19	0.96	3.28232
0.19	0.97	3.06084
0.19	0.98	3.06084
0.19	0.99	3.06084


0.2	0	1
0.2	0.01	1
0.2	0.02	1
0.2	0.03	1
0.2	0.04	1
0.2	0.05	1
0.2	0.06	1
0.2	0.07	1
0.2	0.08	1
0.2	0.09	1
0.2	0.1	1
0.2	0.11	1
0.2	0.12	1
0.2	0.13	1
0.2	0.14	1
0.2	0.15	1
0.2	0.16	1
0.2	0.17	1
0.2	0.18	1
0.2	0.19	1
0.2	0.2	1
0.2	0.21	1
0.2	0.22	1
0.2	0.23	1
0.2	0.24	1
0.2	0.25	1
0.2	0.26	1
0.2	0.27	1
0.2	0.28	1
0.2	0.29	1
0.2	0.3	1
0.2	0.31	1
0.2	0.32	1
0.2	0.33	1
0.2	0.34	1
0.2	0.35	1
0.2	0.36	1
0.2	0.37	1
0.2	0.38	1
0.2	0.39	1
0.2	0.4	1
0.2	0.41	1
0.2	0.42	1
0.2	0.43	1
0.2	0.44	1
0.2	0.45	1
0.2	0.46	1
0.2	0.47	1
0.2	0.48	1.00002
0.2	0.49	1.00011
0.2	0.5	1.00071
0.2	0.51	1.00388
0.2	0.52	1.02542
0.2	0.53	1.12363
0.2	0.54	1.57846
0.2	0.55	3.50161
0.2	0.56	4.0951
0.2	0.57	4.10582
0.2	0.58	4.10141
0.2	0.59	4.08959
0.2	0.6	4.07528
0.2	0.61	4.06612
0.2	0.62	4.0713
0.2	0.63	4.0815
0.2	0.64	4.08567
0.2	0.65	4.08195
0.2	0.66	4.07775
0.2	0.67	4.07302
0.2	0.68	4.07731
0.2	0.69	4.08549
0.2	0.7	4.09298
0.2	0.71	4.08838
0.2	0.72	4.07213
0.2	0.73	4.06061
0.2	0.74	4.05686
0.2	0.75	4.05566
0.2	0.76	4.07007
0.2	0.77	4.07593
0.2	0.78	4.0735
0.2	0.79	4.08189
0.2	0.8	4.07802
0.2	0.81	4.08854
0.2	0.82	4.08513
0.2	0.83	4.08286
0.2	0.84	4.0885
0.2	0.85	4.05672
0.2	0.86	4.0901
0.2	0.87	4.08867
0.2	0.88	4.07547
0.2	0.89	4.02179
0.2	0.9	4.01997
0.2	0.91	3.99871
0.2	0.92	3.95138
0.2	0.93	3.88742
0.2	0.94	3.75426
0.2	0.95	3.74346
0.2	0.96	3.65149
0.2	0.97	3.31034
0.2	0.98	3.31034
0.2	0.99	3.31034


0.21	0	1
0.21	0.01	1
0.21	0.02	1
0.21	0.03	1
0.21	0.04	1
0.21	0.05	1
0.21	0.06	1
0.21	0.07	1
0.21	0.08	1
0.21	0.09	1
0.21	0.1	1
0.21	0.11	1
0.21	0.12	1
0.21	0.13	1
0.21	0.14	1
0.21	0.15	1
0.21	0.16	1
0.21	0.17	1
0.21	0.18	1
0.21	0.19	1
0.21	0.2	1
0.21	0.21	1
0.21	0.22	1
0.21	0.23	1
0.21	0.24	1
0.21	0.25	1
0.21	0.26	1
0.21	0.27	1
0.21	0.28	1
0.21	0.29	1
0.21	0.3	1
0.21	0.31	1
0.21	0.32	1
0.21	0.33	1
0.21	0.34	1
0.21	0.35	1
0.21	0.36	1
0.21	0.37	1
0.21	0.38	1
0.21	0.39	1
0.21	0.4	1
0.21	0.41	1
0.21	0.42	1
0.21	0.43	1
0.21	0.44	1
0.21	0.45	1
0.21	0.46	1
0.21	0.47	1
0.21	0.48	1.00001
0.21	0.49	1.00007
0.21	0.5	1.00041
0.21	0.51	1.00235
0.21	0.52	1.016
0.21	0.53	1.06448
0.21	0.54	1.45142
0.21	0.55	2.7826
0.21	0.56	4.06469
0.21	0.57	4.08167
0.21	0.58	4.09273
0.21	0.59	4.09887
0.21	0.6	4.09535
0.21	0.61	4.08163
0.21	0.62	4.073
0.21	0.63	4.07333
0.21	0.64	4.07909
0.21	0.65	4.08361
0.21	0.66	4.08465
0.21	0.67	4.08614
0.21	0.68	4.09145
0.21	0.69	4.08999
0.21	0.7	4.09192
0.21	0.71	4.08413
0.21	0.72	4.0776
0.21	0.73	4.06932
0.21	0.74	4.06458
0.21	0.75	4.06703
0.21	0.76	4.09109
0.21	0.77	4.09533
0.21	0.78	4.08863
0.21	0.79	4.07753
0.21	0.8	4.07121
0.21	0.81	4.08303
0.21	0.82	4.08269
0.21	0.83	4.0762
0.21	0.84	4.07345
0.21	0.85	4.04866
0.21	0.86	4.07304
0.21	0.87	4.07347
0.21	0.88	4.06763
0.21	0.89	4.02911
0.21	0.9	4.05993
0.21	0.91	4.05043
0.21	0.92	4.03185
0.21	0.93	4.00754
0.21	0.94	3.88838
0.21	0.95	4.00763
0.21	0.96	3.95583
0.21	0.97	3.54696
0.21	0.98	3.54696
0.21	0.99	3.54696


0.22	0	1
0.22	0.01	1
0.22	0.02	1
0.22	0.03	1
0.22	0.04	1
0.22	0.05	1
0.22	0.06	1
0.22	0.07	1
0.22	0.08	1
0.22	0.09	1
0.22	0.1	1
0.22	0.11	1
0.22	0.12	1
0.22	0.13	1
0.22	0.14	1
0.22	0.15	1
0.22	0.16	1
0.22	0.17	1
0.22	0.18	1
0.22	0.19	1
0.22	0.2	1
0.22	0.21	1
0.22	0.22	1
0.22	0.23	1
0.22	0.24	1
0.22	0.25	1
0.22	0.26	1
0.22	0.27	1
0.22	0.28	1
0.22	0.29	1
0.22	0.3	1
0.22	0.31	1
0.22	0.32	1
0.22	0.33	1
0.22	0.34	1
0.22	0.35	1
0.22	0.36	1
0.22	0.37	1
0.22	0.38	1
0.22	0.39	1
0.22	0.4	1
0.22	0.41	1
0.22	0.42	1
0.22	0.43	1
0.22	0.44	1
0.22	0.45	1
0.22	0.46	1
0.22	0.47	1
0.22	0.48	1.00001
0.22	0.49	1.00004
0.22	0.5	1.00024
0.22	0.51	1.00151
0.22	0.52	1.00833
0.22	0.53	1.04945
0.22	0.54	1.21702
0.22	0.55	2.20153
0.22	0.56	4.09611
0.22	0.57	4.08495
0.22	0.58	4.078
0.22	0.59	4.06961
0.22	0.6	4.06424
0.22	0.61	4.06029
0.22	0.62	4.06527
0.22	0.63	4.06664
0.22	0.64	4.06411
0.22	0.65	4.0592
0.22	0.66	4.0726
0.22	0.67	4.08182
0.22	0.68	4.1029
0.22	0.69	4.1012
0.22	0.7	4.09646
0.22	0.71	4.08659
0.22	0.72	4.06799
0.22	0.73	4.06802
0.22	0.74	4.06972
0.22	0.75	4.0772
0.22	0.76	4.09731
0.22	0.77	4.10014
0.22	0.78	4.0938
0.22	0.79	4.0801
0.22	0.8	4.07874
0.22	0.81	4.08815
0.22	0.82	4.08755
0.22	0.83	4.08074
0.22	0.84	4.0763
0.22	0.85	4.06027
0.22	0.86	4.08716
0.22	0.87	4.08841
0.22	0.88	4.08026
0.22	0.89	4.042
0.22	0.9	4.07352
0.22	0.91	4.06853
0.22	0.92	4.06053
0.22	0.93	4.05095
0.22	0.94	3.93872
0.22	0.95	4.12674
0.22	0.96	4.09961
0.22	0.97	3.69555
0.22	0.98	3.69555
0.22	0.99	3.69555


0.23	0	1
0.23	0.01	1
0.23	0.02	1
0.23	0.03	1
0.23	0.04	1
0.23	0.05	1
0.23	0.06	1
0.23	0.07	1
0.23	0.08	1
0.23	0.09	1
0.23	0.1	1
0.23	0.11	1
0.23	0.12	1
0.23	0.13	1
0.23	0.14	1
0.23	0.15	1
0.23	0.16	1
0.23	0.17	1
0.23	0.18	1
0.23	0.19	1
0.23	0.2	1
0.23	0.21	1
0.23	0.22	1
0.23	0.23	1
0.23	0.24	1
0.23	0.25	1
0.23	0.26	1
0.23	0.27	1
0.23	0.28	1
0.23	0.29	1
0.23	0.3	1
0.23	0.31	1
0.23	0.32	1
0.23	0.33	1
0.23	0.34	1
0.23	0.35	1
0.23	0.36	1
0.23	0.37	1
0.23	0.38	1
0.23	0.39	1
0.23	0.4	1
0.23	0.41	1
0.23	0.42	1
0.23	0.43	1
0.23	0.44	1
0.23	0.45	1
0.23	0.46	1
0.23	0.47	1
0.23	0.48	1
0.23	0.49	1.00002
0.23	0.5	1.00015
0.23	0.51	1.00091
0.23	0.52	1.00472
0.23	0.53	1.0312
0.23	0.54	1.15097
0.23	0.55	1.68107
0.23	0.56	3.75197
0.23	0.57	4.10419
0.23	0.58	4.10185
0.23	0.59	4.09174
0.23	0.6	4.06894
0.23	0.61	4.06253
0.23	0.62	4.06865
0.23	0.63	4.08394
0.23	0.64	4.08683
0.23	0.65	4.07825
0.23	0.66	4.07355
0.23	0.67	4.07325
0.23	0.68	4.08165
0.23	0.69	4.09239
0.23	0.7	4.08997
0.23	0.71	4.07467
0.23	0.72	4.0552
0.23	0.73	4.04512
0.23	0.74	4.04907
0.23	0.75	4.06064
0.23	0.76	4.08233
0.23	0.77	4.09811
0.23	0.78	4.09761
0.23	0.79	4.08954
0.23	0.8	4.08408
0.23	0.81	4.0859
0.23	0.82	4.0875
0.23	0.83	4.0829
0.23	0.84	4.0777
0.23	0.85	4.0697
0.23	0.86	4.09003
0.23	0.87	4.09195
0.23	0.88	4.08015
0.23	0.89	4.05166
0.23	0.9	4.0816
0.23	0.91	4.08039
0.23	0.92	4.0751
0.23	0.93	4.07299
0.23	0.94	3.99721
0.23	0.95	4.17249
0.23	0.96	4.15619
0.23	0.97	3.79762
0.23	0.98	3.79762
0.23	0.99	3.79762


0.24	0	1
0.24	0.01	1
0.24	0.02	1
0.24	0.03	1
0.24	0.04	1
0.24	0.05	1
0.24	0.06	1
0.24	0.07	1
0.24	0.08	1
0.24	0.09	1
0.24	0.1	1
0.24	0.11	1
0.24	0.12	1
0.24	0.13	1
0.24	0.14	1
0.24	0.15	1
0.24	0.16	1
0.24	0.17	1
0.24	0.18	1
0.24	0.19	1
0.24	0.2	1
0.24	0.21	1
0.24	0.22	1
0.24	0.23	1
0.24	0.24	1
0.24	0.25	1
0.24	0.26	1
0.24	0.27	1
0.24	0.28	1
0.24	0.29	1
0.24	0.3	1
0.24	0.31	1
0.24	0.32	1
0.24	0.33	1
0.24	0.34	1
0.24	0.35	1
0.24	0.36	1
0.24	0.37	1
0.24	0.38	1
0.24	0.39	1
0.24	0.4	1
0.24	0.41	1
0.24	0.42	1
0.24	0.43	1
0.24	0.44	1
0.24	0.45	1
0.24	0.46	1
0.24	0.47	1
0.24	0.48	1
0.24	0.49	1.00001
0.24	0.5	1.00009
0.24	0.51	1.00052
0.24	0.52	1.00293
0.24	0.53	1.01898
0.24	0.54	1.08865
0.24	0.55	1.48034
0.24	0.56	3.09945
0.24	0.57	4.07606
0.24	0.58	4.08747
0.24	0.59	4.09535
0.24	0.6	4.0926
0.24	0.61	4.08376
0.24	0.62	4.0757
0.24	0.63	4.07515
0.24	0.64	4.07658
0.24	0.65	4.0808
0.24	0.66	4.08312
0.24	0.67	4.08816
0.24	0.68	4.09222
0.24	0.69	4.09002
0.24	0.7	4.08892
0.24	0.71	4.07641
0.24	0.72	4.06988
0.24	0.73	4.07038
0.24	0.74	4.06923
0.24	0.75	4.08024
0.24	0.76	4.08436
0.24	0.77	4.08901
0.24	0.78	4.07989
0.24	0.79	4.07939
0.24	0.8	4.07866
0.24	0.81	4.08115
0.24	0.82	4.07249
0.24	0.83	4.06388
0.24	0.84	4.05508
0.24	0.85	4.05606
0.24	0.86	4.07376
0.24	0.87	4.08386
0.24	0.88	4.07359
0.24	0.89	4.06199
0.24	0.9	4.08658
0.24	0.91	4.08348
0.24	0.92	4.07708
0.24	0.93	4.07394
0.24	0.94	4.04298
0.24	0.95	4.1839
0.24	0.96	4.14944
0.24	0.97	3.84508
0.24	0.98	3.84508
0.24	0.99	3.84508


0.25	0	1
0.25	0.01	1
0.25	0.02	1
0.25	0.03	1
0.25	0.04	1
0.25	0.05	1
0.25	0.06	1
0.25	0.07	1
0.25	0.08	1
0.25	0.09	1
0.25	0.1	1
0.25	0.11	1
0.25	0.12	1
0.25	0.13	1
0.25	0.14	1
0.25	0.15	1
0.25	0.16	1
0.25	0.17	1
0.25	0.18	1
0.25	0.19	1
0.25	0.2	1
0.25	0.21	1
0.25	0.22	1
0.25	0.23	1
0.25	0.24	1
0.25	0.25	1
0.25	0.26	1
0.25	0.27	1
0.25	0.28	1
0.25	0.29	1
0.25	0.3	1
0.25	0.31	1
0.25	0.32	1
0.25	0.33	1
0.25	0.34	1
0.25	0.35	1
0.25	0.36	1
0.25	0.37	1
0.25	0.38	1
0.25	0.39	1
0.25	0.4	1
0.25	0.41	1
0.25	0.42	1
0.25	0.43	1
0.25	0.44	1
0.25	0.45	1
0.25	0.46	1
0.25	0.47	1
0.25	0.48	1
0.25	0.49	1.00001
0.25	0.5	1.00005
0.25	0.51	1.00031
0.25	0.52	1.00172
0.25	0.53	1.01201
0.25	0.54	1.04884
0.25	0.55	1.27934
0.25	0.56	2.54621
0.25	0.57	4.05308
0.25	0.58	4.04769
0.25	0.59	4.04519
0.25	0.6	4.05113
0.25	0.61	4.06228
0.25	0.62	4.08772
0.25	0.63	4.0893
0.25	0.64	4.08177
0.25	0.65	4.07582
0.25	0.66	4.07863
0.25	0.67	4.08446
0.25	0.68	4.09994
0.25	0.69	4.09877
0.25	0.7	4.09636
0.25	0.71	4.0798
0.25	0.72	4.06712
0.25	0.73	4.06806
0.25	0.74	4.06928
0.25	0.75	4.09109
0.25	0.76	4.09551
0.25	0.77	4.09471
0.25	0.78	4.08395
0.25	0.79	4.08346
0.25	0.8	4.08247
0.25	0.81	4.08319
0.25	0.82	4.08358
0.25	0.83	4.07721
0.25	0.84	4.07574
0.25	0.85	4.07243
0.25	0.86	4.08476
0.25	0.87	4.08121
0.25	0.88	4.06399
0.25	0.89	4.05242
0.25	0.9	4.07467
0.25	0.91	4.07327
0.25	0.92	4.06555
0.25	0.93	4.05818
0.25	0.94	4.04948
0.25	0.95	4.16422
0.25	0.96	4.10762
0.25	0.97	3.85632
0.25	0.98	3.85632
0.25	0.99	3.85632


0.26	0	1
0.26	0.01	1
0.26	0.02	1
0.26	0.03	1
0.26	0.04	1
0.26	0.05	1
0.26	0.06	1
0.26	0.07	1
0.26	0.08	1
0.26	0.09	1
0.26	0.1	1
0.26	0.11	1
0.26	0.12	1
0.26	0.13	1
0.26	0.14	1
0.26	0.15	1
0.26	0.16	1
0.26	0.17	1
0.26	0.18	1
0.26	0.19	1
0.26	0.2	1
0.26	0.21	1
0.26	0.22	1
0.26	0.23	1
0.26	0.24	1
0.26	0.25	1
0.26	0.26	1
0.26	0.27	1
0.26	0.28	1
0.26	0.29	1
0.26	0.3	1
0.26	0.31	1
0.26	0.32	1
0.26	0.33	1
0.26	0.34	1
0.26	0.35	1
0.26	0.36	1
0.26	0.37	1
0.26	0.38	1
0.26	0.39	1
0.26	0.4	1
0.26	0.41	1
0.26	0.42	1
0.26	0.43	1
0.26	0.44	1
0.26	0.45	1
0.26	0.46	1
0.26	0.47	1
0.26	0.48	1
0.26	0.49	1.00001
0.26	0.5	1.00003
0.26	0.51	1.00018
0.26	0.52	1.00115
0.26	0.53	1.00577
0.26	0.54	1.03821
0.26	0.55	1.1793
0.26	0.56	1.83485
0.26	0.57	3.95228
0.26	0.58	4.10241
0.26	0.59	4.09132
0.26	0.6	4.06483
0.26	0.61	4.05993
0.26	0.62	4.06765
0.26	0.63	4.07638
0.26	0.64	4.08509
0.26	0.65	4.08413
0.26	0.66	4.08104
0.26	0.67	4.07536
0.26	0.68	4.06938
0.26	0.69	4.06851
0.26	0.7	4.07184
0.26	0.71	4.06496
0.26	0.72	4.05728
0.26	0.73	4.06528
0.26	0.74	4.07006
0.26	0.75	4.08467
0.26	0.76	4.10178
0.26	0.77	4.10033
0.26	0.78	4.08961
0.26	0.79	4.08749
0.26	0.8	4.08471
0.26	0.81	4.08525
0.26	0.82	4.0847
0.26	0.83	4.07969
0.26	0.84	4.08021
0.26	0.85	4.07914
0.26	0.86	4.08829
0.26	0.87	4.085
0.26	0.88	4.06603
0.26	0.89	4.06451
0.26	0.9	4.08161
0.26	0.91	4.07873
0.26	0.92	4.0677
0.26	0.93	4.06871
0.26	0.94	4.08404
0.26	0.95	4.16901
0.26	0.96	4.08809
0.26	0.97	3.86725
0.26	0.98	3.86725
0.26	0.99	3.86725


0.27	0	1
0.27	0.01	1
0.27	0.02	1
0.27	0.03	1
0.27	0.04	1
0.27	0.05	1
0.27	0.06	1
0.27	0.07	1
0.27	0.08	1
0.27	0.09	1
0.27	0.1	1
0.27	0.11	1
0.27	0.12	1
0.27	0.13	1
0.27	0.14	1
0.27	0.15	1
0.27	0.16	1
0.27	0.17	1
0.27	0.18	1
0.27	0.19	1
0.27	0.2	1
0.27	0.21	1
0.27	0.22	1
0.27	0.23	1
0.27	0.24	1
0.27	0.25	1
0.27	0.26	1
0.27	0.27	1
0.27	0.28	1
0.27	0.29	1
0.27	0.3	1
0.27	0.31	1
0.27	0.32	1
0.27	0.33	1
0.27	0.34	1
0.27	0.35	1
0.27	0.36	1
0.27	0.37	1
0.27	0.38	1
0.27	0.39	1
0.27	0.4	1
0.27	0.41	1
0.27	0.42	1
0.27	0.43	1
0.27	0.44	1
0.27	0.45	1
0.27	0.46	1
0.27	0.47	1
0.27	0.48	1
0.27	0.49	1
0.27	0.5	1.00002
0.27	0.51	1.00011
0.27	0.52	1.00065
0.27	0.53	1.00357
0.27	0.54	1.02326
0.27	0.55	1.11154
0.27	0.56	1.54269
0.27	0.57	3.38576
0.27	0.58	4.0825
0.27	0.59	4.0937
0.27	0.6	4.08957
0.27	0.61	4.08646
0.27	0.62	4.07906
0.27	0.63	4.0729
0.27	0.64	4.07249
0.27	0.65	4.0772
0.27	0.66	4.08286
0.27	0.67	4.09232
0.27	0.68	4.09277
0.27	0.69	4.08849
0.27	0.7	4.08314
0.27	0.71	4.07148
0.27	0.72	4.06942
0.27	0.73	4.06535
0.27	0.74	4.06835
0.27	0.75	4.08038
0.27	0.76	4.08878
0.27	0.77	4.08907
0.27	0.78	4.07875
0.27	0.79	4.06619
0.27	0.8	4.06487
0.27	0.81	4.06634
0.27	0.82	4.07164
0.27	0.83	4.06406
0.27	0.84	4.07521
0.27	0.85	4.08146
0.27	0.86	4.09197
0.27	0.87	4.0895
0.27	0.88	4.07087
0.27	0.89	4.06962
0.27	0.9	4.08238
0.27	0.91	4.08079
0.27	0.92	4.07222
0.27	0.93	4.0731
0.27	0.94	4.10033
0.27	0.95	4.16336
0.27	0.96	4.06325
0.27	0.97	3.87629
0.27	0.98	3.87629
0.27	0.99	3.87629


0.28	0	1
0.28	0.01	1
0.28	0.02	1
0.28	0.03	1
0.28	0.04	1
0.28	0.05	1
0.28	0.06	1
0.28	0.07	1
0.28	0.08	1
0.28	0.09	1
0.28	0.1	1
0.28	0.11	1
0.28	0.12	1
0.28	0.13	1
0.28	0.14	1
0.28	0.15	1
0.28	0.16	1
0.28	0.17	1
0.28	0.18	1
0.28	0.19	1
0.28	0.2	1
0.28	0.21	1
0.28	0.22	1
0.28	0.23	1
0.28	0.24	1
0.28	0.25	1
0.28	0.26	1
0.28	0.27	1
0.28	0.28	1
0.28	0.29	1
0.28	0.3	1
0.28	0.31	1
0.28	0.32	1
0.28	0.33	1
0.28	0.34	1
0.28	0.35	1
0.28	0.36	1
0.28	0.37	1
0.28	0.38	1
0.28	0.39	1
0.28	0.4	1
0.28	0.41	1
0.28	0.42	1
0.28	0.43	1
0.28	0.44	1
0.28	0.45	1
0.28	0.46	1
0.28	0.47	1
0.28	0.48	1
0.28	0.49	1
0.28	0.5	1.00001
0.28	0.51	1.00007
0.28	0.52	1.00038
0.28	0.53	1.00214
0.28	0.54	1.01484
0.28	0.55	1.0556
0.28	0.56	1.4207
0.28	0.57	2.68669
0.28	0.58	4.04355
0.28	0.59	4.06567
0.28	0.6	4.07094
0.28	0.61	4.08145
0.28	0.62	4.09227
0.28	0.63	4.09076
0.28	0.64	4.08189
0.28	0.65	4.07612
0.28	0.66	4.07798
0.28	0.67	4.08439
0.28	0.68	4.09728
0.28	0.69	4.0968
0.28	0.7	4.09473
0.28	0.71	4.07653
0.28	0.72	4.06731
0.28	0.73	4.06858
0.28	0.74	4.07218
0.28	0.75	4.09193
0.28	0.76	4.09488
0.28	0.77	4.09394
0.28	0.78	4.07915
0.28	0.79	4.07856
0.28	0.8	4.08014
0.28	0.81	4.08527
0.28	0.82	4.08584
0.28	0.83	4.07547
0.28	0.84	4.0692
0.28	0.85	4.07189
0.28	0.86	4.07825
0.28	0.87	4.07556
0.28	0.88	4.06661
0.28	0.89	4.05745
0.28	0.9	4.05943
0.28	0.91	4.06214
0.28	0.92	4.05889
0.28	0.93	4.0627
0.28	0.94	4.09893
0.28	0.95	4.15042
0.28	0.96	4.04039
0.28	0.97	3.88411
0.28	0.98	3.88411
0.28	0.99	3.88411


0.29	0	1
0.29	0.01	1
0.29	0.02	1
0.29	0.03	1
0.29	0.04	1
0.29	0.05	1
0.29	0.06	1
0.29	0.07	1
0.29	0.08	1
0.29	0.09	1
0.29	0.1	1
0.29	0.11	1
0.29	0.12	1
0.29	0.13	1
0.29	0.14	1
0.29	0.15	1
0.29	0.16	1
0.29	0.17	1
0.29	0.18	1
0.29	0.19	1
0.29	0.2	1
0.29	0.21	1
0.29	0.22	1
0.29	0.23	1
0.29	0.24	1
0.29	0.25	1
0.29	0.26	1
0.29	0.27	1
0.29	0.28	1
0.29	0.29	1
0.29	0.3	1
0.29	0.31	1
0.29	0.32	1
0.29	0.33	1
0.29	0.34	1
0.29	0.35	1
0.29	0.36	1
0.29	0.37	1
0.29	0.38	1
0.29	0.39	1
0.29	0.4	1
0.29	0.41	1
0.29	0.42	1
0.29	0.43	1
0.29	0.44	1
0.29	0.45	1
0.29	0.46	1
0.29	0.47	1
0.29	0.48	1
0.29	0.49	1
0.29	0.5	1.00001
0.29	0.51	1.00004
0.29	0.52	1.00022
0.29	0.53	1.00141
0.29	0.54	1.0073
0.29	0.55	1.04635
0.29	0.56	1.20496
0.29	0.57	2.0666
0.29	0.58	4.07199
0.29	0.59	4.085
0.29	0.6	4.0622
0.29	0.61	4.0614
0.29	0.62	4.07405
0.29	0.63	4.08121
0.29	0.64	4.07086
0.29	0.65	4.06601
0.29	0.66	4.06577
0.29	0.67	4.0644
0.29	0.68	4.07326
0.29	0.69	4.0809
0.29	0.7	4.08483
0.29	0.71	4.08228
0.29	0.72	4.07328
0.29	0.73	4.07191
0.29	0.74	4.07511
0.29	0.75	4.08814
0.29	0.76	4.09736
0.29	0.77	4.09727
0.29	0.78	4.08612
0.29	0.79	4.08358
0.29	0.8	4.08365
0.29	0.81	4.08696
0.29	0.82	4.0868
0.29	0.83	4.08194
0.29	0.84	4.07692
0.29	0.85	4.07993
0.29	0.86	4.08391
0.29	0.87	4.07883
0.29	0.88	4.06786
0.29	0.89	4.06741
0.29	0.9	4.07305
0.29	0.91	4.07676
0.29	0.92	4.07386
0.29	0.93	4.07621
0.29	0.94	4.11181
0.29	0.95	4.13147
0.29	0.96	4.00746
0.29	0.97	3.87377
0.29	0.98	3.87377
0.29	0.99	3.87377


0.3	0	1
0.3	0.01	1
0.3	0.02	1
0.3	0.03	1
0.3	0.04	1
0.3	0.05	1
0.3	0.06	1
0.3	0.07	1
0.3	0.08	1
0.3	0.09	1
0.3	0.1	1
0.3	0.11	1
0.3	0.12	1
0.3	0.13	1
0.3	0.14	1
0.3	0.15	1
0.3	0.16	1
0.3	0.17	1
0.3	0.18	1
0.3	0.19	1
0.3	0.2	1
0.3	0.21	1
0.3	0.22	1
0.3	0.23	1
0.3	0.24	1
0.3	0.25	1
0.3	0.26	1
0.3	0.27	1
0.3	0.28	1
0.3	0.29	1
0.3	0.3	1
0.3	0.31	1
0.3	0.32	1
0.3	0.33	1
0.3	0.34	1
0.3	0.35	1
0.3	0.36	1
0.3	0.37	1
0.3	0.38	1
0.3	0.39	1
0.3	0.4	1
0.3	0.41	1
0.3	0.42	1
0.3	0.43	1
0.3	0.44	1
0.3	0.45	1
0.3	0.46	1
0.3	0.47	1
0.3	0.48	1
0.3	0.49	1
0.3	0.5	1
0.3	0.51	1.00002
0.3	0.52	1.00014
0.3	0.53	1.00082
0.3	0.54	1.00434
0.3	0.55	1.02847
0.3	0.56	1.13862
0.3	0.57	1.62859
0.3	0.58	3.64469
0.3	0.59	4.09013
0.3	0.6	4.08968
0.3	0.61	4.08758
0.3	0.62	4.07801
0.3	0.63	4.06937
0.3	0.64	4.06905
0.3	0.65	4.07703
0.3	0.66	4.08455
0.3	0.67	4.09342
0.3	0.68	4.09003
0.3	0.69	4.08596
0.3	0.7	4.0765
0.3	0.71	4.06557
0.3	0.72	4.06725
0.3	0.73	4.06766
0.3	0.74	4.07815
0.3	0.75	4.07735
0.3	0.76	4.0723
0.3	0.77	4.07172
0.3	0.78	4.06796
0.3	0.79	4.06797
0.3	0.8	4.07989
0.3	0.81	4.08711
0.3	0.82	4.08661
0.3	0.83	4.07951
0.3	0.84	4.07876
0.3	0.85	4.084
0.3	0.86	4.08744
0.3	0.87	4.08192
0.3	0.88	4.07126
0.3	0.89	4.07155
0.3	0.9	4.07636
0.3	0.91	4.08017
0.3	0.92	4.07903
0.3	0.93	4.08695
0.3	0.94	4.11822
0.3	0.95	4.12708
0.3	0.96	3.99621
0.3	0.97	3.88084
0.3	0.98	3.88084
0.3	0.99	3.88084


0.31	0	1
0.31	0.01	1
0.31	0.02	1
0.31	0.03	1
0.31	0.04	1
0.31	0.05	1
0.31	0.06	1
0.31	0.07	1
0.31	0.08	1
0.31	0.09	1
0.31	0.1	1
0.31	0.11	1
0.31	0.12	1
0.31	0.13	1
0.31	0.14	1
0.31	0.15	1
0.31	0.16	1
0.31	0.17	1
0.31	0.18	1
0.31	0.19	1
0.31	0.2	1
0.31	0.21	1
0.31	0.22	1
0.31	0.23	1
0.31	0.24	1
0.31	0.25	1
0.31	0.26	1
0.31	0.27	1
0.31	0.28	1
0.31	0.29	1
0.31	0.3	1
0.31	0.31	1
0.31	0.32	1
0.31	0.33	1
0.31	0.34	1
0.31	0.35	1
0.31	0.36	1
0.31	0.37	1
0.31	0.38	1
0.31	0.39	1
0.31	0.4	1
0.31	0.41	1
0.31	0.42	1
0.31	0.43	1
0.31	0.44	1
0.31	0.45	1
0.31	0.46	1
0.31	0.47	1
0.31	0.48	1
0.31	0.49	1
0.31	0.5	1
0.31	0.51	1.00001
0.31	0.52	1.00008
0.31	0.53	1.00047
0.31	0.54	1.00267
0.31	0.55	1.01757
0.31	0.56	1.07755
0.31	0.57	1.46399
0.31	0.58	2.95932
0.31	0.59	4.05823
0.31	0.6	4.06791
0.31	0.61	4.08505
0.31	0.62	4.09537
0.31	0.63	4.09356
0.31	0.64	4.08314
0.31	0.65	4.07595
0.31	0.66	4.07636
0.31	0.67	4.08984
0.31	0.68	4.09674
0.31	0.69	4.09524
0.31	0.7	4.08869
0.31	0.71	4.07229
0.31	0.72	4.06594
0.31	0.73	4.06683
0.31	0.74	4.07583
0.31	0.75	4.09189
0.31	0.76	4.09265
0.31	0.77	4.08831
0.31	0.78	4.08064
0.31	0.79	4.0783
0.31	0.8	4.07906
0.31	0.81	4.07986
0.31	0.82	4.07799
0.31	0.83	4.07414
0.31	0.84	4.07284
0.31	0.85	4.07518
0.31	0.86	4.06939
0.31	0.87	4.06145
0.31	0.88	4.05497
0.31	0.89	4.05835
0.31	0.9	4.06349
0.31	0.91	4.07217
0.31	0.92	4.07988
0.31	0.93	4.09425
0.31	0.94	4.12081
0.31	0.95	4.11602
0.31	0.96	3.98369
0.31	0.97	3.88551
0.31	0.98	3.88551
0.31	0.99	3.88551


0.32	0	1
0.32	0.01	1
0.32	0.02	1
0.32	0.03	1
0.32	0.04	1
0.32	0.05	1
0.32	0.06	1
0.32	0.07	1
0.32	0.08	1
0.32	0.09	1
0.32	0.1	1
0.32	0.11	1
0.32	0.12	1
0.32	0.13	1
0.32	0.14	1
0.32	0.15	1
0.32	0.16	1
0.32	0.17	1
0.32	0.18	1
0.32	0.19	1
0.32	0.2	1
0.32	0.21	1
0.32	0.22	1
0.32	0.23	1
0.32	0.24	1
0.32	0.25	1
0.32	0.26	1
0.32	0.27	1
0.32	0.28	1
0.32	0.29	1
0.32	0.3	1
0.32	0.31	1
0.32	0.32	1
0.32	0.33	1
0.32	0.34	1
0.32	0.35	1
0.32	0.36	1
0.32	0.37	1
0.32	0.38	1
0.32	0.39	1
0.32	0.4	1
0.32	0.41	1
0.32	0.42	1
0.32	0.43	1
0.32	0.44	1
0.32	0.45	1
0.32	0.46	1
0.32	0.47	1
0.32	0.48	1
0.32	0.49	1
0.32	0.5	1
0.32	0.51	1.00001
0.32	0.52	1.00005
0.32	0.53	1.00028
0.32	0.54	1.00164
0.32	0.55	1.01007
0.32	0.56	1.052
0.32	0.57	1.23805
0.32	0.58	2.38157
0.32	0.59	4.095
0.32	0.6	4.05511
0.32	0.61	4.04606
0.32	0.62	4.04895
0.32	0.63	4.06107
0.32	0.64	4.06532
0.32	0.65	4.0746
0.32	0.66	4.08487
0.32	0.67	4.08708
0.32	0.68	4.09005
0.32	0.69	4.08823
0.32	0.7	4.08264
0.32	0.71	4.07596
0.32	0.72	4.07431
0.32	0.73	4.07501
0.32	0.74	4.08454
0.32	0.75	4.09009
0.32	0.76	4.09475
0.32	0.77	4.09103
0.32	0.78	4.08783
0.32	0.79	4.08463
0.32	0.8	4.08515
0.32	0.81	4.0853
0.32	0.82	4.08099
0.32	0.83	4.07865
0.32	0.84	4.07542
0.32	0.85	4.08091
0.32	0.86	4.08062
0.32	0.87	4.07405
0.32	0.88	4.0678
0.32	0.89	4.06934
0.32	0.9	4.07279
0.32	0.91	4.07279
0.32	0.92	4.07256
0.32	0.93	4.08933
0.32	0.94	4.10875
0.32	0.95	4.09242
0.32	0.96	3.96312
0.32	0.97	3.86986
0.32	0.98	3.86986
0.32	0.99	3.86986


0.33	0	1
0.33	0.01	1
0.33	0.02	1
0.33	0.03	1
0.33	0.04	1
0.33	0.05	1
0.33	0.06	1
0.33	0.07	1
0.33	0.08	1
0.33	0.09	1
0.33	0.1	1
0.33	0.11	1
0.33	0.12	1
0.33	0.13	1
0.33	0.14	1
0.33	0.15	1
0.33	0.16	1
0.33	0.17	1
0.33	0.18	1
0.33	0.19	1
0.33	0.2	1
0.33	0.21	1
0.33	0.22	1
0.33	0.23	1
0.33	0.24	1
0.33	0.25	1
0.33	0.26	1
0.33	0.27	1
0.33	0.28	1
0.33	0.29	1
0.33	0.3	1
0.33	0.31	1
0.33	0.32	1
0.33	0.33	1
0.33	0.34	1
0.33	0.35	1
0.33	0.36	1
0.33	0.37	1
0.33	0.38	1
0.33	0.39	1
0.33	0.4	1
0.33	0.41	1
0.33	0.42	1
0.33	0.43	1
0.33	0.44	1
0.33	0.45	1
0.33	0.46	1
0.33	0.47	1
0.33	0.48	1
0.33	0.49	1
0.33	0.5	1
0.33	0.51	1
0.33	0.52	1.00003
0.33	0.53	1.00017
0.33	0.54	1.00104
0.33	0.55	1.00529
0.33	0.56	1.03494
0.33	0.57	1.16708
0.33	0.58	1.75644
0.33	0.59	3.85029
0.33	0.6	4.09702
0.33	0.61	4.09122
0.33	0.62	4.07654
0.33	0.63	4.06651
0.33	0.64	4.06718
0.33	0.65	4.07361
0.33	0.66	4.08606
0.33	0.67	4.0945
0.33	0.68	4.09018
0.33	0.69	4.08516
0.33	0.7	4.07379
0.33	0.71	4.06247
0.33	0.72	4.05286
0.33	0.73	4.05282
0.33	0.74	4.06764
0.33	0.75	4.07331
0.33	0.76	4.07931
0.33	0.77	4.08353
0.33	0.78	4.08767
0.33	0.79	4.08824
0.33	0.8	4.08573
0.33	0.81	4.08559
0.33	0.82	4.08048
0.33	0.83	4.08233
0.33	0.84	4.08068
0.33	0.85	4.08667
0.33	0.86	4.08622
0.33	0.87	4.07606
0.33	0.88	4.07244
0.33	0.89	4.07424
0.33	0.9	4.07784
0.33	0.91	4.0796
0.33	0.92	4.08115
0.33	0.93	4.09917
0.33	0.94	4.11185
0.33	0.95	4.08047
0.33	0.96	3.95941
0.33	0.97	3.8832
0.33	0.98	3.8832
0.33	0.99	3.8832


0.34	0	1
0.34	0.01	1
0.34	0.02	1
0.34	0.03	1
0.34	0.04	1
0.34	0.05	1
0.34	0.06	1
0.34	0.07	1
0.34	0.08	1
0.34	0.09	1
0.34	0.1	1
0.34	0.11	1
0.34	0.12	1
0.34	0.13	1
0.34	0.14	1
0.34	0.15	1
0.34	0.16	1
0.34	0.17	1
0.34	0.18	1
0.34	0.19	1
0.34	0.2	1
0.34	0.21	1
0.34	0.22	1
0.34	0.23	1
0.34	0.24	1
0.34	0.25	1
0.34	0.26	1
0.34	0.27	1
0.34	0.28	1
0.34	0.29	1
0.34	0.3	1
0.34	0.31	1
0.34	0.32	1
0.34	0.33	1
0.34	0.34	1
0.34	0.35	1
0.34	0.36	1
0.34	0.37	1
0.34	0.38	1
0.34	0.39	1
0.34	0.4	1
0.34	0.41	1
0.34	0.42	1
0.34	0.43	1
0.34	0.44	1
0.34	0.45	1
0.34	0.46	1
0.34	0.47	1
0.34	0.48	1
0.34	0.49	1
0.34	0.5	1
0.34	0.51	1
0.34	0.52	1.00002
0.34	0.53	1.0001
0.34	0.54	1.00059
0.34	0.55	1.00328
0.34	0.56	1.02123
0.34	0.57	1.10122
0.34	0.58	1.51054
0.34	0.59	3.24471
0.34	0.6	4.06046
0.34	0.61	4.09053
0.34	0.62	4.09562
0.34	0.63	4.0904
0.34	0.64	4.08074
0.34	0.65	4.07562
0.34	0.66	4.0782
0.34	0.67	4.09092
0.34	0.68	4.09418
0.34	0.69	4.09289
0.34	0.7	4.0827
0.34	0.71	4.06863
0.34	0.72	4.06636
0.34	0.73	4.06697
0.34	0.74	4.08351
0.34	0.75	4.09137
0.34	0.76	4.0901
0.34	0.77	4.0845
0.34	0.78	4.07475
0.34	0.79	4.07302
0.34	0.8	4.08275
0.34	0.81	4.08386
0.34	0.82	4.06992
0.34	0.83	4.06134
0.34	0.84	4.0603
0.34	0.85	4.066
0.34	0.86	4.0683
0.34	0.87	4.06163
0.34	0.88	4.07191
0.34	0.89	4.07909
0.34	0.9	4.08056
0.34	0.91	4.07968
0.34	0.92	4.08141
0.34	0.93	4.10402
0.34	0.94	4.11447
0.34	0.95	4.07315
0.34	0.96	3.95427
0.34	0.97	3.88817
0.34	0.98	3.88817
0.34	0.99	3.88817


0.35	0	1
0.35	0.01	1
0.35	0.02	1
0.35	0.03	1
0.35	0.04	1
0.35	0.05	1
0.35	0.06	1
0.35	0.07	1
0.35	0.08	1
0.35	0.09	1
0.35	0.1	1
0.35	0.11	1
0.35	0.12	1
0.35	0.13	1
0.35	0.14	1
0.35	0.15	1
0.35	0.16	1
0.35	0.17	1
0.35	0.18	1
0.35	0.19	1
0.35	0.2	1
0.35	0.21	1
0.35	0.22	1
0.35	0.23	1
0.35	0.24	1
0.35	0.25	1
0.35	0.26	1
0.35	0.27	1
0.35	0.28	1
0.35	0.29	1
0.35	0.3	1
0.35	0.31	1
0.35	0.32	1
0.35	0.33	1
0.35	0.34	1
0.35	0.35	1
0.35	0.36	1
0.35	0.37	1
0.35	0.38	1
0.35	0.39	1
0.35	0.4	1
0.35	0.41	1
0.35	0.42	1
0.35	0.43	1
0.35	0.44	1
0.35	0.45	1
0.35	0.46	1
0.35	0.47	1
0.35	0.48	1
0.35	0.49	1
0.35	0.5	1
0.35	0.51	1
0.35	0.52	1.00001
0.35	0.53	1.00006
0.35	0.54	1.00035
0.35	0.55	1.00192
0.35	0.56	1.01402
0.35	0.57	1.04815
0.35	0.58	1.36167
0.35	0.59	2.62464
0.35	0.6	4.02125
0.35	0.61	4.03227
0.35	0.62	4.04317
0.35	0.63	4.08259
0.35	0.64	4.09752
0.35	0.65	4.10091
0.35	0.66	4.09303
0.35	0.67	4.08767
0.35	0.68	4.08542
0.35	0.69	4.08257
0.35	0.7	4.0786
0.35	0.71	4.07807
0.35	0.72	4.07617
0.35	0.73	4.07808
0.35	0.74	4.08447
0.35	0.75	4.08779
0.35	0.76	4.09183
0.35	0.77	4.08798
0.35	0.78	4.08844
0.35	0.79	4.08738
0.35	0.8	4.08186
0.35	0.81	4.0807
0.35	0.82	4.07718
0.35	0.83	4.07773
0.35	0.84	4.07686
0.35	0.85	4.07855
0.35	0.86	4.08001
0.35	0.87	4.0713
0.35	0.88	4.06485
0.35	0.89	4.06607
0.35	0.9	4.07068
0.35	0.91	4.07355
0.35	0.92	4.08262
0.35	0.93	4.09038
0.35	0.94	4.08902
0.35	0.95	4.04377
0.35	0.96	3.92096
0.35	0.97	3.87881
0.35	0.98	3.87881
0.35	0.99	3.87881


0.36	0	1
0.36	0.01	1
0.36	0.02	1
0.36	0.03	1
0.36	0.04	1
0.36	0.05	1
0.36	0.06	1
0.36	0.07	1
0.36	0.08	1
0.36	0.09	1
0.36	0.1	1
0.36	0.11	1
0.36	0.12	1
0.36	0.13	1
0.36	0.14	1
0.36	0.15	1
0.36	0.16	1
0.36	0.17	1
0.36	0.18	1
0.36	0.19	1
0.36	0.2	1
0.36	0.21	1
0.36	0.22	1
0.36	0.23	1
0.36	0.24	1
0.36	0.25	1
0.36	0.26	1
0.36	0.27	1
0.36	0.28	1
0.36	0.29	1
0.36	0.3	1
0.36	0.31	1
0.36	0.32	1
0.36	0.33	1
0.36	0.34	1
0.36	0.35	1
0.36	0.36	1
0.36	0.37	1
0.36	0.38	1
0.36	0.39	1
0.36	0.4	1
0.36	0.41	1
0.36	0.42	1
0.36	0.43	1
0.36	0.44	1
0.36	0.45	1
0.36	0.46	1
0.36	0.47	1
0.36	0.48	1
0.36	0.49	1
0.36	0.5	1
0.36	0.51	1
0.36	0.52	1.00001
0.36	0.53	1.00004
0.36	0.54	1.0002
0.36	0.55	1.0013
0.36	0.56	1.00655
0.36	0.57	1.04229
0.36	0.58	1.1928
0.36	0.59	1.93351
0.36	0.6	4.02603
0.36	0.61	4.09623
0.36	0.62	4.07036
0.36	0.63	4.05718
0.36	0.64	4.06209
0.36	0.65	4.07862
0.36	0.66	4.09982
0.36	0.67	4.09266
0.36	0.68	4.07778
0.36	0.69	4.06776
0.36	0.7	4.05857
0.36	0.71	4.04963
0.36	0.72	4.04846
0.36	0.73	4.05524
0.36	0.74	4.08956
0.36	0.75	4.10293
0.36	0.76	4.10233
0.36	0.77	4.08609
0.36	0.78	4.08107
0.36	0.79	4.08165
0.36	0.8	4.08718
0.36	0.81	4.0877
0.36	0.82	4.08311
0.36	0.83	4.08028
0.36	0.84	4.07985
0.36	0.85	4.08183
0.36	0.86	4.08009
0.36	0.87	4.0732
0.36	0.88	4.07314
0.36	0.89	4.07689
0.36	0.9	4.07894
0.36	0.91	4.07918
0.36	0.92	4.08618
0.36	0.93	4.09979
0.36	0.94	4.09977
0.36	0.95	4.0381
0.36	0.96	3.93864
0.36	0.97	3.88293
0.36	0.98	3.88293
0.36	0.99	3.88293


0.37	0	1
0.37	0.01	1
0.37	0.02	1
0.37	0.03	1
0.37	0.04	1
0.37	0.05	1
0.37	0.06	1
0.37	0.07	1
0.37	0.08	1
0.37	0.09	1
0.37	0.1	1
0.37	0.11	1
0.37	0.12	1
0.37	0.13	1
0.37	0.14	1
0.37	0.15	1
0.37	0.16	1
0.37	0.17	1
0.37	0.18	1
0.37	0.19	1
0.37	0.2	1
0.37	0.21	1
0.37	0.22	1
0.37	0.23	1
0.37	0.24	1
0.37	0.25	1
0.37	0.26	1
0.37	0.27	1
0.37	0.28	1
0.37	0.29	1
0.37	0.3	1
0.37	0.31	1
0.37	0.32	1
0.37	0.33	1
0.37	0.34	1
0.37	0.35	1
0.37	0.36	1
0.37	0.37	1
0.37	0.38	1
0.37	0.39	1
0.37	0.4	1
0.37	0.41	1
0.37	0.42	1
0.37	0.43	1
0.37	0.44	1
0.37	0.45	1
0.37	0.46	1
0.37	0.47	1
0.37	0.48	1
0.37	0.49	1
0.37	0.5	1
0.37	0.51	1
0.37	0.52	1
0.37	0.53	1.00002
0.37	0.54	1.00013
0.37	0.55	1.00074
0.37	0.56	1.00398
0.37	0.57	1.02577
0.37	0.58	1.12476
0.37	0.59	1.58385
0.37	0.6	3.50059
0.37	0.61	4.09065
0.37	0.62	4.09708
0.37	0.63	4.09261
0.37	0.64	4.08082
0.37	0.65	4.07486
0.37	0.66	4.07956
0.37	0.67	4.08669
0.37	0.68	4.08976
0.37	0.69	4.08734
0.37	0.7	4.08025
0.37	0.71	4.06962
0.37	0.72	4.06544
0.37	0.73	4.06998
0.37	0.74	4.07814
0.37	0.75	4.08368
0.37	0.76	4.09476
0.37	0.77	4.08861
0.37	0.78	4.07253
0.37	0.79	4.06564
0.37	0.8	4.06617
0.37	0.81	4.06946
0.37	0.82	4.0679
0.37	0.83	4.06361
0.37	0.84	4.06473
0.37	0.85	4.07604
0.37	0.86	4.08935
0.37	0.87	4.08177
0.37	0.88	4.07549
0.37	0.89	4.07334
0.37	0.9	4.07739
0.37	0.91	4.08186
0.37	0.92	4.09538
0.37	0.93	4.10356
0.37	0.94	4.09843
0.37	0.95	4.03038
0.37	0.96	3.93149
0.37	0.97	3.88834
0.37	0.98	3.88834
0.37	0.99	3.88834


0.38	0	1
0.38	0.01	1
0.38	0.02	1
0.38	0.03	1
0.38	0.04	1
0.38	0.05	1
0.38	0.06	1
0.38	0.07	1
0.38	0.08	1
0.38	0.09	1
0.38	0.1	1
0.38	0.11	1
0.38	0.12	1
0.38	0.13	1
0.38	0.14	1
0.38	0.15	1
0.38	0.16	1
0.38	0.17	1
0.38	0.18	1
0.38	0.19	1
0.38	0.2	1
0.38	0.21	1
0.38	0.22	1
0.38	0.23	1
0.38	0.24	1
0.38	0.25	1
0.38	0.26	1
0.38	0.27	1
0.38	0.28	1
0.38	0.29	1
0.38	0.3	1
0.38	0.31	1
0.38	0.32	1
0.38	0.33	1
0.38	0.34	1
0.38	0.35	1
0.38	0.36	1
0.38	0.37	1
0.38	0.38	1
0.38	0.39	1
0.38	0.4	1
0.38	0.41	1
0.38	0.42	1
0.38	0.43	1
0.38	0.44	1
0.38	0.45	1
0.38	0.46	1
0.38	0.47	1
0.38	0.48	1
0.38	0.49	1
0.38	0.5	1
0.38	0.51	1
0.38	0.52	1
0.38	0.53	1.00001
0.38	0.54	1.00007
0.38	0.55	1.00043
0.38	0.56	1.00242
0.38	0.57	1.01613
0.38	0.58	1.06649
0.38	0.59	1.44366
0.38	0.6	2.80619
0.38	0.61	4.05265
0.38	0.62	4.06396
0.38	0.63	4.08395
0.38	0.64	4.09237
0.38	0.65	4.10309
0.38	0.66	4.09538
0.38	0.67	4.08663
0.38	0.68	4.08281
0.38	0.69	4.07493
0.38	0.7	4.07785
0.38	0.71	4.07771
0.38	0.72	4.07875
0.38	0.73	4.08466
0.38	0.74	4.08611
0.38	0.75	4.08808
0.38	0.76	4.08765
0.38	0.77	4.08607
0.38	0.78	4.08522
0.38	0.79	4.08284
0.38	0.8	4.07955
0.38	0.81	4.07875
0.38	0.82	4.07847
0.38	0.83	4.0791
0.38	0.84	4.07325
0.38	0.85	4.07334
0.38	0.86	4.07115
0.38	0.87	4.07126
0.38	0.88	4.06773
0.38	0.89	4.06635
0.38	0.9	4.06244
0.38	0.91	4.06538
0.38	0.92	4.07955
0.38	0.93	4.08874
0.38	0.94	4.08123
0.38	0.95	4.00401
0.38	0.96	3.92662
0.38	0.97	3.89461
0.38	0.98	3.89461
0.38	0.99	3.89461


0.39	0	1
0.39	0.01	1
0.39	0.02	1
0.39	0.03	1
0.39	0.04	1
0.39	0.05	1
0.39	0.06	1
0.39	0.07	1
0.39	0.08	1
0.39	0.09	1
0.39	0.1	1
0.39	0.11	1
0.39	0.12	1
0.39	0.13	1
0.39	0.14	1
0.39	0.15	1
0.39	0.16	1
0.39	0.17	1
0.39	0.18	1
0.39	0.19	1
0.39	0.2	1
0.39	0.21	1
0.39	0.22	1
0.39	0.23	1
0.39	0.24	1
0.39	0.25	1
0.39	0.26	1
0.39	0.27	1
0.39	0.28	1
0.39	0.29	1
0.39	0.3	1
0.39	0.31	1
0.39	0.32	1
0.39	0.33	1
0.39	0.34	1
0.39	0.35	1
0.39	0.36	1
0.39	0.37	1
0.39	0.38	1
0.39	0.39	1
0.39	0.4	1
0.39	0.41	1
0.39	0.42	1
0.39	0.43	1
0.39	0.44	1
0.39	0.45	1
0.39	0.46	1
0.39	0.47	1
0.39	0.48	1
0.39	0.49	1
0.39	0.5	1
0.39	0.51	1
0.39	0.52	1
0.39	0.53	1.00001
0.39	0.54	1.00004
0.39	0.55	1.00025
0.39	0.56	1.00154
0.39	0.57	1.0085
0.39	0.58	1.04986
0.39	0.59	1.21788
0.39	0.6	2.20719
0.39	0.61	4.08843
0.39	0.62	4.07977
0.39	0.63	4.06151
0.39	0.64	4.0632
0.39	0.65	4.0721
0.39	0.66	4.07577
0.39	0.67	4.07792
0.39	0.68	4.07249
0.39	0.69	4.06476
0.39	0.7	4.06202
0.39	0.71	4.06672
0.39	0.72	4.0718
0.39	0.73	4.08369
0.39	0.74	4.09638
0.39	0.75	4.09677
0.39	0.76	4.09502
0.39	0.77	4.08323
0.39	0.78	4.08095
0.39	0.79	4.08209
0.39	0.8	4.08573
0.39	0.81	4.08642
0.39	0.82	4.08399
0.39	0.83	4.08039
0.39	0.84	4.08079
0.39	0.85	4.08116
0.39	0.86	4.07676
0.39	0.87	4.07387
0.39	0.88	4.07128
0.39	0.89	4.07457
0.39	0.9	4.07799
0.39	0.91	4.07784
0.39	0.92	4.0914
0.39	0.93	4.09713
0.39	0.94	4.08432
0.39	0.95	3.99403
0.39	0.96	3.91758
0.39	0.97	3.8837
0.39	0.98	3.8837
0.39	0.99	3.8837


0.4	0	1
0.4	0.01	1
0.4	0.02	1
0.4	0.03	1
0.4	0.04	1
0.4	0.05	1
0.4	0.06	1
0.4	0.07	1
0.4	0.08	1
0.4	0.09	1
0.4	0.1	1
0.4	0.11	1
0.4	0.12	1
0.4	0.13	1
0.4	0.14	1
0.4	0.15	1
0.4	0.16	1
0.4	0.17	1
0.4	0.18	1
0.4	0.19	1
0.4	0.2	1
0.4	0.21	1
0.4	0.22	1
0.4	0.23	1
0.4	0.24	1
0.4	0.25	1
0.4	0.26	1
0.4	0.27	1
0.4	0.28	1
0.4	0.29	1
0.4	0.3	1
0.4	0.31	1
0.4	0.32	1
0.4	0.33	1
0.4	0.34	1
0.4	0.35	1
0.4	0.36	1
0.4	0.37	1
0.4	0.38	1
0.4	0.39	1
0.4	0.4	1
0.4	0.41	1
0.4	0.42	1
0.4	0.43	1
0.4	0.44	1
0.4	0.45	1
0.4	0.46	1
0.4	0.47	1
0.4	0.48	1
0.4	0.49	1
0.4	0.5	1
0.4	0.51	1
0.4	0.52	1
0.4	0.53	1
0.4	0.54	1.00003
0.4	0.55	1.00015
0.4	0.56	1.00093
0.4	0.57	1.00481
0.4	0.58	1.03146
0.4	0.59	1.15202
0.4	0.6	1.68176
0.4	0.61	3.74949
0.4	0.62	4.09576
0.4	0.63	4.09239
0.4	0.64	4.08485
0.4	0.65	4.07354
0.4	0.66	4.07954
0.4	0.67	4.08484
0.4	0.68	4.08824
0.4	0.69	4.08483
0.4	0.7	4.07288
0.4	0.71	4.06759
0.4	0.72	4.06605
0.4	0.73	4.07129
0.4	0.74	4.08677
0.4	0.75	4.0898
0.4	0.76	4.07993
0.4	0.77	4.06632
0.4	0.78	4.06125
0.4	0.79	4.06108
0.4	0.8	4.06745
0.4	0.81	4.08065
0.4	0.82	4.08345
0.4	0.83	4.08192
0.4	0.84	4.08154
0.4	0.85	4.08217
0.4	0.86	4.07978
0.4	0.87	4.07786
0.4	0.88	4.07438
0.4	0.89	4.07601
0.4	0.9	4.07967
0.4	0.91	4.08417
0.4	0.92	4.0981
0.4	0.93	4.10094
0.4	0.94	4.08144
0.4	0.95	3.9898
0.4	0.96	3.92248
0.4	0.97	3.88836
0.4	0.98	3.88836
0.4	0.99	3.88836


0.41	0	1
0.41	0.01	1
0.41	0.02	1
0.41	0.03	1
0.41	0.04	1
0.41	0.05	1
0.41	0.06	1
0.41	0.07	1
0.41	0.08	1
0.41	0.09	1
0.41	0.1	1
0.41	0.11	1
0.41	0.12	1
0.41	0.13	1
0.41	0.14	1
0.41	0.15	1
0.41	0.16	1
0.41	0.17	1
0.41	0.18	1
0.41	0.19	1
0.41	0.2	1
0.41	0.21	1
0.41	0.22	1
0.41	0.23	1
0.41	0.24	1
0.41	0.25	1
0.41	0.26	1
0.41	0.27	1
0.41	0.28	1
0.41	0.29	1
0.41	0.3	1
0.41	0.31	1
0.41	0.32	1
0.41	0.33	1
0.41	0.34	1
0.41	0.35	1
0.41	0.36	1
0.41	0.37	1
0.41	0.38	1
0.41	0.39	1
0.41	0.4	1
0.41	0.41	1
0.41	0.42	1
0.41	0.43	1
0.41	0.44	1
0.41	0.45	1
0.41	0.46	1
0.41	0.47	1
0.41	0.48	1
0.41	0.49	1
0.41	0.5	1
0.41	0.51	1
0.41	0.52	1
0.41	0.53	1
0.41	0.54	1.00002
0.41	0.55	1.00009
0.41	0.56	1.00053
0.41	0.57	1.00297
0.41	0.58	1.01929
0.41	0.59	1.08778
0.41	0.6	1.48941
0.41	0.61	3.08552
0.41	0.62	4.06057
0.41	0.63	4.08035
0.41	0.64	4.09553
0.41	0.65	4.10542
0.41	0.66	4.09868
0.41	0.67	4.08838
0.41	0.68	4.08236
0.41	0.69	4.07069
0.41	0.7	4.07641
0.41	0.71	4.07763
0.41	0.72	4.08062
0.41	0.73	4.08726
0.41	0.74	4.08559
0.41	0.75	4.08428
0.41	0.76	4.08105
0.41	0.77	4.08409
0.41	0.78	4.08501
0.41	0.79	4.08307
0.41	0.8	4.07949
0.41	0.81	4.07595
0.41	0.82	4.07274
0.41	0.83	4.0728
0.41	0.84	4.07584
0.41	0.85	4.07619
0.41	0.86	4.07046
0.41	0.87	4.05999
0.41	0.88	4.05474
0.41	0.89	4.05862
0.41	0.9	4.06392
0.41	0.91	4.07308
0.41	0.92	4.0949
0.41	0.93	4.09949
0.41	0.94	4.07761
0.41	0.95	3.96991
0.41	0.96	3.92929
0.41	0.97	3.89397
0.41	0.98	3.89397
0.41	0.99	3.89397


0.42	0	1
0.42	0.01	1
0.42	0.02	1
0.42	0.03	1
0.42	0.04	1
0.42	0.05	1
0.42	0.06	1
0.42	0.07	1
0.42	0.08	1
0.42	0.09	1
0.42	0.1	1
0.42	0.11	1
0.42	0.12	1
0.42	0.13	1
0.42	0.14	1
0.42	0.15	1
0.42	0.16	1
0.42	0.17	1
0.42	0.18	1
0.42	0.19	1
0.42	0.2	1
0.42	0.21	1
0.42	0.22	1
0.42	0.23	1
0.42	0.24	1
0.42	0.25	1
0.42	0.26	1
0.42	0.27	1
0.42	0.28	1
0.42	0.29	1
0.42	0.3	1
0.42	0.31	1
0.42	0.32	1
0.42	0.33	1
0.42	0.34	1
0.42	0.35	1
0.42	0.36	1
0.42	0.37	1
0.42	0.38	1
0.42	0.39	1
0.42	0.4	1
0.42	0.41	1
0.42	0.42	1
0.42	0.43	1
0.42	0.44	1
0.42	0.45	1
0.42	0.46	1
0.42	0.47	1
0.42	0.48	1
0.42	0.49	1
0.42	0.5	1
0.42	0.51	1
0.42	0.52	1
0.42	0.53	1
0.42	0.54	1.00001
0.42	0.55	1.00005
0.42	0.56	1.00032
0.42	0.57	1.00176
0.42	0.58	1.01206
0.42	0.59	1.04975
0.42	0.6	1.27821
0.42	0.61	2.54232
0.42	0.62	4.0464
0.42	0.63	4.03486
0.42	0.64	4.04295
0.42	0.65	4.06195
0.42	0.66	4.0876
0.42	0.67	4.09543
0.42	0.68	4.09274
0.42	0.69	4.08289
0.42	0.7	4.06665
0.42	0.71	4.06652
0.42	0.72	4.0697
0.42	0.73	4.09091
0.42	0.74	4.10025
0.42	0.75	4.09786
0.42	0.76	4.09198
0.42	0.77	4.08152
0.42	0.78	4.08087
0.42	0.79	4.08398
0.42	0.8	4.08613
0.42	0.81	4.08508
0.42	0.82	4.08194
0.42	0.83	4.07894
0.42	0.84	4.07826
0.42	0.85	4.0791
0.42	0.86	4.07207
0.42	0.87	4.07066
0.42	0.88	4.07075
0.42	0.89	4.07497
0.42	0.9	4.07753
0.42	0.91	4.08638
0.42	0.92	4.08792
0.42	0.93	4.08752
0.42	0.94	4.0567
0.42	0.95	3.96194
0.42	0.96	3.91907
0.42	0.97	3.87837
0.42	0.98	3.87837
0.42	0.99	3.87837


0.43	0	1
0.43	0.01	1
0.43	0.02	1
0.43	0.03	1
0.43	0.04	1
0.43	0.05	1
0.43	0.06	1
0.43	0.07	1
0.43	0.08	1
0.43	0.09	1
0.43	0.1	1
0.43	0.11	1
0.43	0.12	1
0.43	0.13	1
0.43	0.14	1
0.43	0.15	1
0.43	0.16	1
0.43	0.17	1
0.43	0.18	1
0.43	0.19	1
0.43	0.2	1
0.43	0.21	1
0.43	0.22	1
0.43	0.23	1
0.43	0.24	1
0.43	0.25	1
0.43	0.26	1
0.43	0.27	1
0.43	0.28	1
0.43	0.29	1
0.43	0.3	1
0.43	0.31	1
0.43	0.32	1
0.43	0.33	1
0.43	0.34	1
0.43	0.35	1
0.43	0.36	1
0.43	0.37	1
0.43	0.38	1
0.43	0.39	1
0.43	0.4	1
0.43	0.41	1
0.43	0.42	1
0.43	0.43	1
0.43	0.44	1
0.43	0.45	1
0.43	0.46	1
0.43	0.47	1
0.43	0.48	1
0.43	0.49	1
0.43	0.5	1
0.43	0.51	1
0.43	0.52	1
0.43	0.53	1
0.43	0.54	1.00001
0.43	0.55	1.00003
0.43	0.56	1.00019
0.43	0.57	1.00116
0.43	0.58	1.00585
0.43	0.59	1.03843
0.43	0.6	1.1799
0.43	0.61	1.83241
0.43	0.62	3.93579
0.43	0.63	4.10138
0.43	0.64	4.08936
0.43	0.65	4.07378
0.43	0.66	4.07533
0.43	0.67	4.07935
0.43	0.68	4.08324
0.43	0.69	4.082
0.43	0.7	4.07616
0.43	0.71	4.07035
0.43	0.72	4.06619
0.43	0.73	4.06603
0.43	0.74	4.06569
0.43	0.75	4.07103
0.43	0.76	4.07405
0.43	0.77	4.07394
0.43	0.78	4.08038
0.43	0.79	4.08494
0.43	0.8	4.08485
0.43	0.81	4.08186
0.43	0.82	4.08148
0.43	0.83	4.08064
0.43	0.84	4.0809
0.43	0.85	4.08386
0.43	0.86	4.07847
0.43	0.87	4.07649
0.43	0.88	4.07446
0.43	0.89	4.07878
0.43	0.9	4.08189
0.43	0.91	4.09265
0.43	0.92	4.0953
0.43	0.93	4.09059
0.43	0.94	4.05533
0.43	0.95	3.96785
0.43	0.96	3.89513
0.43	0.97	3.88824
0.43	0.98	3.88824
0.43	0.99	3.88824


0.44	0	1
0.44	0.01	1
0.44	0.02	1
0.44	0.03	1
0.44	0.04	1
0.44	0.05	1
0.44	0.06	1
0.44	0.07	1
0.44	0.08	1
0.44	0.09	1
0.44	0.1	1
0.44	0.11	1
0.44	0.12	1
0.44	0.13	1
0.44	0.14	1
0.44	0.15	1
0.44	0.16	1
0.44	0.17	1
0.44	0.18	1
0.44	0.19	1
0.44	0.2	1
0.44	0.21	1
0.44	0.22	1
0.44	0.23	1
0.44	0.24	1
0.44	0.25	1
0.44	0.26	1
0.44	0.27	1
0.44	0.28	1
0.44	0.29	1
0.44	0.3	1
0.44	0.31	1
0.44	0.32	1
0.44	0.33	1
0.44	0.34	1
0.44	0.35	1
0.44	0.36	1
0.44	0.37	1
0.44	0.38	1
0.44	0.39	1
0.44	0.4	1
0.44	0.41	1
0.44	0.42	1
0.44	0.43	1
0.44	0.44	1
0.44	0.45	1
0.44	0.46	1
0.44	0.47	1
0.44	0.48	1
0.44	0.49	1
0.44	0.5	1
0.44	0.51	1
0.44	0.52	1
0.44	0.53	1
0.44	0.54	1
0.44	0.55	1.00002
0.44	0.56	1.00011
0.44	0.57	1.00066
0.44	0.58	1.00362
0.44	0.59	1.02325
0.44	0.6	1.11295
0.44	0.61	1.53879
0.44	0.62	3.37181
0.44	0.63	4.07707
0.44	0.64	4.09512
0.44	0.65	4.10467
0.44	0.66	4.09757
0.44	0.67	4.08709
0.44	0.68	4.07762
0.44	0.69	4.06954
0.44	0.7	4.07227
0.44	0.71	4.0738
0.44	0.72	4.0803
0.44	0.73	4.08839
0.44	0.74	4.08893
0.44	0.75	4.08346
0.44	0.76	4.0799
0.44	0.77	4.08227
0.44	0.78	4.08316
0.44	0.79	4.08144
0.44	0.8	4.0778
0.44	0.81	4.07402
0.44	0.82	4.07181
0.44	0.83	4.07035
0.44	0.84	4.06448
0.44	0.85	4.06379
0.44	0.86	4.05699
0.44	0.87	4.05547
0.44	0.88	4.06131
0.44	0.89	4.07815
0.44	0.9	4.08612
0.44	0.91	4.09697
0.44	0.92	4.09576
0.44	0.93	4.08786
0.44	0.94	4.05333
0.44	0.95	3.93616
0.44	0.96	3.92399
0.44	0.97	3.89979
0.44	0.98	3.89979
0.44	0.99	3.89979


0.45	0	1
0.45	0.01	1
0.45	0.02	1
0.45	0.03	1
0.45	0.04	1
0.45	0.05	1
0.45	0.06	1
0.45	0.07	1
0.45	0.08	1
0.45	0.09	1
0.45	0.1	1
0.45	0.11	1
0.45	0.12	1
0.45	0.13	1
0.45	0.14	1
0.45	0.15	1
0.45	0.16	1
0.45	0.17	1
0.45	0.18	1
0.45	0.19	1
0.45	0.2	1
0.45	0.21	1
0.45	0.22	1
0.45	0.23	1
0.45	0.24	1
0.45	0.25	1
0.45	0.26	1
0.45	0.27	1
0.45	0.28	1
0.45	0.29	1
0.45	0.3	1
0.45	0.31	1
0.45	0.32	1
0.45	0.33	1
0.45	0.34	1
0.45	0.35	1
0.45	0.36	1
0.45	0.37	1
0.45	0.38	1
0.45	0.39	1
0.45	0.4	1
0.45	0.41	1
0.45	0.42	1
0.45	0.43	1
0.45	0.44	1
0.45	0.45	1
0.45	0.46	1
0.45	0.47	1
0.45	0.48	1
0.45	0.49	1
0.45	0.5	1
0.45	0.51	1
0.45	0.52	1
0.45	0.53	1
0.45	0.54	1
0.45	0.55	1.00001
0.45	0.56	1.00007
0.45	0.57	1.00039
0.45	0.58	1.00214
0.45	0.59	1.01512
0.45	0.6	1.05476
0.45	0.61	1.41693
0.45	0.62	2.68562
0.45	0.63	4.03765
0.45	0.64	4.04302
0.45	0.65	4.07134
0.45	0.66	4.11485
0.45	0.67	4.11713
0.45	0.68	4.10284
0.45	0.69	4.06574
0.45	0.7	4.05539
0.45	0.71	4.06619
0.45	0.72	4.07916
0.45	0.73	4.10463
0.45	0.74	4.10038
0.45	0.75	4.09338
0.45	0.76	4.08272
0.45	0.77	4.0776
0.45	0.78	4.07973
0.45	0.79	4.08723
0.45	0.8	4.08791
0.45	0.81	4.08415
0.45	0.82	4.07634
0.45	0.83	4.07405
0.45	0.84	4.07704
0.45	0.85	4.07737
0.45	0.86	4.07218
0.45	0.87	4.07122
0.45	0.88	4.06949
0.45	0.89	4.07449
0.45	0.9	4.0779
0.45	0.91	4.08456
0.45	0.92	4.08603
0.45	0.93	4.07607
0.45	0.94	4.0222
0.45	0.95	3.95533
0.45	0.96	3.88308
0.45	0.97	3.86632
0.45	0.98	3.86632
0.45	0.99	3.86632


0.46	0	1
0.46	0.01	1
0.46	0.02	1
0.46	0.03	1
0.46	0.04	1
0.46	0.05	1
0.46	0.06	1
0.46	0.07	1
0.46	0.08	1
0.46	0.09	1
0.46	0.1	1
0.46	0.11	1
0.46	0.12	1
0.46	0.13	1
0.46	0.14	1
0.46	0.15	1
0.46	0.16	1
0.46	0.17	1
0.46	0.18	1
0.46	0.19	1
0.46	0.2	1
0.46	0.21	1
0.46	0.22	1
0.46	0.23	1
0.46	0.24	1
0.46	0.25	1
0.46	0.26	1
0.46	0.27	1
0.46	0.28	1
0.46	0.29	1
0.46	0.3	1
0.46	0.31	1
0.46	0.32	1
0.46	0.33	1
0.46	0.34	1
0.46	0.35	1
0.46	0.36	1
0.46	0.37	1
0.46	0.38	1
0.46	0.39	1
0.46	0.4	1
0.46	0.41	1
0.46	0.42	1
0.46	0.43	1
0.46	0.44	1
0.46	0.45	1
0.46	0.46	1
0.46	0.47	1
0.46	0.48	1
0.46	0.49	1
0.46	0.5	1
0.46	0.51	1
0.46	0.52	1
0.46	0.53	1
0.46	0.54	1
0.46	0.55	1.00001
0.46	0.56	1.00004
0.46	0.57	1.00023
0.46	0.58	1.00142
0.46	0.59	1.00735
0.46	0.6	1.04608
0.46	0.61	1.20408
0.46	0.62	2.05141
0.46	0.63	4.07408
0.46	0.64	4.08713
0.46	0.65	4.07227
0.46	0.66	4.07264
0.46	0.67	4.08094
0.46	0.68	4.08766
0.46	0.69	4.07857
0.46	0.7	4.04498
0.46	0.71	4.04344
0.46	0.72	4.0651
0.46	0.73	4.08178
0.46	0.74	4.08144
0.46	0.75	4.07584
0.46	0.76	4.07522
0.46	0.77	4.09638
0.46	0.78	4.09806
0.46	0.79	4.09226
0.46	0.8	4.07524
0.46	0.81	4.07382
0.46	0.82	4.07935
0.46	0.83	4.08786
0.46	0.84	4.08737
0.46	0.85	4.08547
0.46	0.86	4.07325
0.46	0.87	4.06954
0.46	0.88	4.07094
0.46	0.89	4.07743
0.46	0.9	4.08879
0.46	0.91	4.09452
0.46	0.92	4.09149
0.46	0.93	4.07514
0.46	0.94	4.03121
0.46	0.95	3.92576
0.46	0.96	3.90855
0.46	0.97	3.89318
0.46	0.98	3.89318
0.46	0.99	3.89318


0.47	0	1
0.47	0.01	1
0.47	0.02	1
0.47	0.03	1
0.47	0.04	1
0.47	0.05	1
0.47	0.06	1
0.47	0.07	1
0.47	0.08	1
0.47	0.09	1
0.47	0.1	1
0.47	0.11	1
0.47	0.12	1
0.47	0.13	1
0.47	0.14	1
0.47	0.15	1
0.47	0.16	1
0.47	0.17	1
0.47	0.18	1
0.47	0.19	1
0.47	0.2	1
0.47	0.21	1
0.47	0.22	1
0.47	0.23	1
0.47	0.24	1
0.47	0.25	1
0.47	0.26	1
0.47	0.27	1
0.47	0.28	1
0.47	0.29	1
0.47	0.3	1
0.47	0.31	1
0.47	0.32	1
0.47	0.33	1
0.47	0.34	1
0.47	0.35	1
0.47	0.36	1
0.47	0.37	1
0.47	0.38	1
0.47	0.39	1
0.47	0.4	1
0.47	0.41	1
0.47	0.42	1
0.47	0.43	1
0.47	0.44	1
0.47	0.45	1
0.47	0.46	1
0.47	0.47	1
0.47	0.48	1
0.47	0.49	1
0.47	0.5	1
0.47	0.51	1
0.47	0.52	1
0.47	0.53	1
0.47	0.54	1
0.47	0.55	1
0.47	0.56	1.00002
0.47	0.57	1.00014
0.47	0.58	1.00083
0.47	0.59	1.00436
0.47	0.6	1.02831
0.47	0.61	1.13732
0.47	0.62	1.63054
0.47	0.63	3.61135
0.47	0.64	4.10377
0.47	0.65	4.11213
0.47	0.66	4.10009
0.47	0.67	4.08681
0.47	0.68	4.06685
0.47	0.69	4.06182
0.47	0.7	4.06971
0.47	0.71	4.07628
0.47	0.72	4.0883
0.47	0.73	4.08763
0.47	0.74	4.0862
0.47	0.75	4.08193
0.47	0.76	4.07359
0.47	0.77	4.07581
0.47	0.78	4.08423
0.47	0.79	4.08368
0.47	0.8	4.07737
0.47	0.81	4.05007
0.47	0.82	4.05001
0.47	0.83	4.07291
0.47	0.84	4.07698
0.47	0.85	4.07666
0.47	0.86	4.06279
0.47	0.87	4.06573
0.47	0.88	4.07869
0.47	0.89	4.08898
0.47	0.9	4.09729
0.47	0.91	4.08896
0.47	0.92	4.08833
0.47	0.93	4.07308
0.47	0.94	4.01478
0.47	0.95	3.95677
0.47	0.96	3.91058
0.47	0.97	3.88486
0.47	0.98	3.88486
0.47	0.99	3.88486


0.48	0	1
0.48	0.01	1
0.48	0.02	1
0.48	0.03	1
0.48	0.04	1
0.48	0.05	1
0.48	0.06	1
0.48	0.07	1
0.48	0.08	1
0.48	0.09	1
0.48	0.1	1
0.48	0.11	1
0.48	0.12	1
0.48	0.13	1
0.48	0.14	1
0.48	0.15	1
0.48	0.16	1
0.48	0.17	1
0.48	0.18	1
0.48	0.19	1
0.48	0.2	1
0.48	0.21	1
0.48	0.22	1
0.48	0.23	1
0.48	0.24	1
0.48	0.25	1
0.48	0.26	1
0.48	0.27	1
0.48	0.28	1
0.48	0.29	1
0.48	0.3	1
0.48	0.31	1
0.48	0.32	1
0.48	0.33	1
0.48	0.34	1
0.48	0.35	1
0.48	0.36	1
0.48	0.37	1
0.48	0.38	1
0.48	0.39	1
0.48	0.4	1
0.48	0.41	1
0.48	0.42	1
0.48	0.43	1
0.48	0.44	1
0.48	0.45	1
0.48	0.46	1
0.48	0.47	1
0.48	0.48	1
0.48	0.49	1
0.48	0.5	1
0.48	0.51	1
0.48	0.52	1
0.48	0.53	1
0.48	0.54	1
0.48	0.55	1
0.48	0.56	1.00001
0.48	0.57	1.00008
0.48	0.58	1.00048
0.48	0.59	1.00267
0.48	0.6	1.01748
0.48	0.61	1.07719
0.48	0.62	1.45889
0.48	0.63	2.94912
0.48	0.64	4.06036
0.48	0.65	4.08281
0.48	0.66	4.09941
0.48	0.67	4.10227
0.48	0.68	4.09541
0.48	0.69	4.07382
0.48	0.7	4.06565
0.48	0.71	4.06799
0.48	0.72	4.07705
0.48	0.73	4.09664
0.48	0.74	4.09749
0.48	0.75	4.09374
0.48	0.76	4.08588
0.48	0.77	4.08041
0.48	0.78	4.08032
0.48	0.79	4.08205
0.48	0.8	4.0822
0.48	0.81	4.08096
0.48	0.82	4.0779
0.48	0.83	4.07522
0.48	0.84	4.07347
0.48	0.85	4.07526
0.48	0.86	4.07174
0.48	0.87	4.0665
0.48	0.88	4.06487
0.48	0.89	4.07549
0.48	0.9	4.08634
0.48	0.91	4.0751
0.48	0.92	4.06974
0.48	0.93	4.05063
0.48	0.94	3.99322
0.48	0.95	3.94801
0.48	0.96	3.88523
0.48	0.97	3.87881
0.48	0.98	3.87881
0.48	0.99	3.87881


0.49	0	1
0.49	0.01	1
0.49	0.02	1
0.49	0.03	1
0.49	0.04	1
0.49	0.05	1
0.49	0.06	1
0.49	0.07	1
0.49	0.08	1
0.49	0.09	1
0.49	0.1	1
0.49	0.11	1
0.49	0.12	1
0.49	0.13	1
0.49	0.14	1
0.49	0.15	1
0.49	0.16	1
0.49	0.17	1
0.49	0.18	1
0.49	0.19	1
0.49	0.2	1
0.49	0.21	1
0.49	0.22	1
0.49	0.23	1
0.49	0.24	1
0.49	0.25	1
0.49	0.26	1
0.49	0.27	1
0.49	0.28	1
0.49	0.29	1
0.49	0.3	1
0.49	0.31	1
0.49	0.32	1
0.49	0.33	1
0.49	0.34	1
0.49	0.35	1
0.49	0.36	1
0.49	0.37	1
0.49	0.38	1
0.49	0.39	1
0.49	0.4	1
0.49	0.41	1
0.49	0.42	1
0.49	0.43	1
0.49	0.44	1
0.49	0.45	1
0.49	0.46	1
0.49	0.47	1
0.49	0.48	1
0.49	0.49	1
0.49	0.5	1
0.49	0.51	1
0.49	0.52	1
0.49	0.53	1
0.49	0.54	1
0.49	0.55	1
0.49	0.56	1.00001
0.49	0.57	1.00005
0.49	0.58	1.00028
0.49	0.59	1.00164
0.49	0.6	1.01005
0.49	0.61	1.05127
0.49	0.62	1.2333
0.49	0.63	2.37137
0.49	0.64	4.09938
0.49	0.65	4.07873
0.49	0.66	4.05503
0.49	0.67	4.05564
0.49	0.68	4.06153
0.49	0.69	4.05449
0.49	0.7	4.05857
0.49	0.71	4.07563
0.49	0.72	4.08153
0.49	0.73	4.09193
0.49	0.74	4.08961
0.49	0.75	4.08949
0.49	0.76	4.08874
0.49	0.77	4.08707
0.49	0.78	4.08514
0.49	0.79	4.08544
0.49	0.8	4.08191
0.49	0.81	4.08097
0.49	0.82	4.08145
0.49	0.83	4.08208
0.49	0.84	4.0804
0.49	0.85	4.07872
0.49	0.86	4.07387
0.49	0.87	4.07571
0.49	0.88	4.07426
0.49	0.89	4.08183
0.49	0.9	4.08986
0.49	0.91	4.08835
0.49	0.92	4.0856
0.49	0.93	4.06209
0.49	0.94	3.99066
0.49	0.95	3.94177
0.49	0.96	3.8863
0.49	0.97	3.87695
0.49	0.98	3.87695
0.49	0.99	3.87695


0.5	0	1
0.5	0.01	1
0.5	0.02	1
0.5	0.03	1
0.5	0.04	1
0.5	0.05	1
0.5	0.06	1
0.5	0.07	1
0.5	0.08	1
0.5	0.09	1
0.5	0.1	1
0.5	0.11	1
0.5	0.12	1
0.5	0.13	1
0.5	0.14	1
0.5	0.15	1
0.5	0.16	1
0.5	0.17	1
0.5	0.18	1
0.5	0.19	1
0.5	0.2	1
0.5	0.21	1
0.5	0.22	1
0.5	0.23	1
0.5	0.24	1
0.5	0.25	1
0.5	0.26	1
0.5	0.27	1
0.5	0.28	1
0.5	0.29	1
0.5	0.3	1
0.5	0.31	1
0.5	0.32	1
0.5	0.33	1
0.5	0.34	1
0.5	0.35	1
0.5	0.36	1
0.5	0.37	1
0.5	0.38	1
0.5	0.39	1
0.5	0.4	1
0.5	0.41	1
0.5	0.42	1
0.5	0.43	1
0.5	0.44	1
0.5	0.45	1
0.5	0.46	1
0.5	0.47	1
0.5	0.48	1
0.5	0.49	1
0.5	0.5	1
0.5	0.51	1
0.5	0.52	1
0.5	0.53	1
0.5	0.54	1
0.5	0.55	1
0.5	0.56	1.00001
0.5	0.57	1.00003
0.5	0.58	1.00017
0.5	0.59	1.00104
0.5	0.6	1.00526
0.5	0.61	1.03443
0.5	0.62	1.16466
0.5	0.63	1.74587
0.5	0.64	3.85963
0.5	0.65	4.11116
0.5	0.66	4.10151
0.5	0.67	4.0843
0.5	0.68	4.05977
0.5	0.69	4.05897
0.5	0.7	4.06976
0.5	0.71	4.07492
0.5	0.72	4.08712
0.5	0.73	4.08967
0.5	0.74	4.08665
0.5	0.75	4.08117
0.5	0.76	4.07527
0.5	0.77	4.06677
0.5	0.78	4.06733
0.5	0.79	4.06766
0.5	0.8	4.06333
0.5	0.81	4.05869
0.5	0.82	4.07535
0.5	0.83	4.08283
0.5	0.84	4.08346
0.5	0.85	4.08294
0.5	0.86	4.07656
0.5	0.87	4.07493
0.5	0.88	4.075
0.5	0.89	4.0824
0.5	0.9	4.09369
0.5	0.91	4.09304
0.5	0.92	4.08926
0.5	0.93	4.06094
0.5	0.94	3.99686
0.5	0.95	3.92866
0.5	0.96	3.88317
0.5	0.97	3.88959
0.5	0.98	3.88959
0.5	0.99	3.88959


