0	0	3
0	0.01	3
0	0.02	3
0	0.03	3
0	0.04	3
0	0.05	3
0	0.06	3
0	0.07	3
0	0.08	3
0	0.09	3
0	0.1	3
0	0.11	3
0	0.12	3
0	0.13	3
0	0.14	3
0	0.15	3
0	0.16	3
0	0.17	3
0	0.18	3
0	0.19	3
0	0.2	3
0	0.21	3
0	0.22	3
0	0.23	3
0	0.24	3
0	0.25	3
0	0.26	3
0	0.27	3
0	0.28	3
0	0.29	3
0	0.3	3
0	0.31	3
0	0.32	3
0	0.33	3
0	0.34	3
0	0.35	3
0	0.36	3
0	0.37	3
0	0.38	3
0	0.39	3
0	0.4	3
0	0.41	3
0	0.42	3
0	0.43	3
0	0.44	3
0	0.45	3
0	0.46	3
0	0.47	3
0	0.48	3
0	0.49	1
0	0.5	1
0	0.51	1
0	0.52	1
0	0.53	1
0	0.54	1
0	0.55	1
0	0.56	1
0	0.57	1
0	0.58	1
0	0.59	1
0	0.6	1
0	0.61	1
0	0.62	1
0	0.63	1
0	0.64	1
0	0.65	1
0	0.66	1
0	0.67	1
0	0.68	1
0	0.69	1
0	0.7	1
0	0.71	1
0	0.72	1
0	0.73	1
0	0.74	1
0	0.75	1
0	0.76	1
0	0.77	1
0	0.78	1
0	0.79	1
0	0.8	1
0	0.81	1
0	0.82	1
0	0.83	1
0	0.84	1
0	0.85	1
0	0.86	1
0	0.87	1
0	0.88	1
0	0.89	1
0	0.9	1
0	0.91	1
0	0.92	1
0	0.93	1
0	0.94	1
0	0.95	1
0	0.96	1
0	0.97	1
0	0.98	1
0	0.99	1


0.01	0	3
0.01	0.01	3
0.01	0.02	3
0.01	0.03	3
0.01	0.04	3
0.01	0.05	3
0.01	0.06	3
0.01	0.07	3
0.01	0.08	3
0.01	0.09	3
0.01	0.1	3
0.01	0.11	3
0.01	0.12	3
0.01	0.13	3
0.01	0.14	3
0.01	0.15	3
0.01	0.16	3
0.01	0.17	3
0.01	0.18	3
0.01	0.19	3
0.01	0.2	3
0.01	0.21	3
0.01	0.22	3
0.01	0.23	3
0.01	0.24	3
0.01	0.25	3
0.01	0.26	3
0.01	0.27	3
0.01	0.28	3
0.01	0.29	3
0.01	0.3	3
0.01	0.31	3
0.01	0.32	3
0.01	0.33	3
0.01	0.34	3
0.01	0.35	3
0.01	0.36	3
0.01	0.37	3
0.01	0.38	3
0.01	0.39	3
0.01	0.4	3
0.01	0.41	3
0.01	0.42	3.00001
0.01	0.43	2.99991
0.01	0.44	3.00047
0.01	0.45	2.99855
0.01	0.46	3.00172
0.01	0.47	2.99807
0.01	0.48	2.91561
0.01	0.49	2.06064
0.01	0.5	1.69778
0.01	0.51	1.6426
0.01	0.52	1.80981
0.01	0.53	2.06408
0.01	0.54	1.53293
0.01	0.55	1.43062
0.01	0.56	1.95776
0.01	0.57	1.80099
0.01	0.58	1.08493
0.01	0.59	1.00338
0.01	0.6	1.00014
0.01	0.61	1.00001
0.01	0.62	1
0.01	0.63	1
0.01	0.64	1
0.01	0.65	1
0.01	0.66	1
0.01	0.67	1
0.01	0.68	1
0.01	0.69	1
0.01	0.7	1
0.01	0.71	1
0.01	0.72	1
0.01	0.73	1
0.01	0.74	1
0.01	0.75	1
0.01	0.76	1
0.01	0.77	1
0.01	0.78	1
0.01	0.79	1
0.01	0.8	1
0.01	0.81	1
0.01	0.82	1
0.01	0.83	1
0.01	0.84	1
0.01	0.85	1
0.01	0.86	1
0.01	0.87	1
0.01	0.88	1
0.01	0.89	1
0.01	0.9	1
0.01	0.91	1
0.01	0.92	1
0.01	0.93	1
0.01	0.94	1
0.01	0.95	1
0.01	0.96	1
0.01	0.97	1
0.01	0.98	1
0.01	0.99	1


0.02	0	3
0.02	0.01	3
0.02	0.02	3
0.02	0.03	3
0.02	0.04	3
0.02	0.05	3
0.02	0.06	3
0.02	0.07	3
0.02	0.08	3
0.02	0.09	3
0.02	0.1	3
0.02	0.11	3
0.02	0.12	3
0.02	0.13	3
0.02	0.14	3
0.02	0.15	3
0.02	0.16	3
0.02	0.17	3
0.02	0.18	3
0.02	0.19	3
0.02	0.2	3
0.02	0.21	3
0.02	0.22	3
0.02	0.23	3
0.02	0.24	3
0.02	0.25	3
0.02	0.26	3
0.02	0.27	3
0.02	0.28	3
0.02	0.29	3
0.02	0.3	3
0.02	0.31	3
0.02	0.32	3
0.02	0.33	3
0.02	0.34	3
0.02	0.35	3
0.02	0.36	3
0.02	0.37	3
0.02	0.38	3
0.02	0.39	3
0.02	0.4	3
0.02	0.41	3
0.02	0.42	2.99998
0.02	0.43	3.00013
0.02	0.44	2.99951
0.02	0.45	3.00099
0.02	0.46	2.99905
0.02	0.47	2.99629
0.02	0.48	2.98172
0.02	0.49	2.38349
0.02	0.5	1.68687
0.02	0.51	1.69541
0.02	0.52	1.73431
0.02	0.53	1.75102
0.02	0.54	1.71978
0.02	0.55	1.80521
0.02	0.56	1.82974
0.02	0.57	1.72699
0.02	0.58	1.73015
0.02	0.59	1.81502
0.02	0.6	1.77286
0.02	0.61	1.67438
0.02	0.62	1.76307
0.02	0.63	1.88474
0.02	0.64	1.68051
0.02	0.65	1.64461
0.02	0.66	1.59016
0.02	0.67	1.12413
0.02	0.68	1.00935
0.02	0.69	1.0005
0.02	0.7	1.00002
0.02	0.71	1
0.02	0.72	1
0.02	0.73	1
0.02	0.74	1
0.02	0.75	1
0.02	0.76	1
0.02	0.77	1
0.02	0.78	1
0.02	0.79	1
0.02	0.8	1
0.02	0.81	1
0.02	0.82	1
0.02	0.83	1
0.02	0.84	1
0.02	0.85	1
0.02	0.86	1
0.02	0.87	1
0.02	0.88	1
0.02	0.89	1
0.02	0.9	1
0.02	0.91	1
0.02	0.92	1
0.02	0.93	1
0.02	0.94	1
0.02	0.95	1
0.02	0.96	1
0.02	0.97	1
0.02	0.98	1
0.02	0.99	1


0.03	0	3
0.03	0.01	3
0.03	0.02	3
0.03	0.03	3
0.03	0.04	3
0.03	0.05	3
0.03	0.06	3
0.03	0.07	3
0.03	0.08	3
0.03	0.09	3
0.03	0.1	3
0.03	0.11	3
0.03	0.12	3
0.03	0.13	3
0.03	0.14	3
0.03	0.15	3
0.03	0.16	3
0.03	0.17	3
0.03	0.18	3
0.03	0.19	3
0.03	0.2	3
0.03	0.21	3
0.03	0.22	3
0.03	0.23	3
0.03	0.24	3
0.03	0.25	3
0.03	0.26	3
0.03	0.27	3
0.03	0.28	3
0.03	0.29	3
0.03	0.3	3
0.03	0.31	3
0.03	0.32	3
0.03	0.33	3
0.03	0.34	3
0.03	0.35	3
0.03	0.36	3
0.03	0.37	3
0.03	0.38	3
0.03	0.39	3
0.03	0.4	3
0.03	0.41	3
0.03	0.42	3.00001
0.03	0.43	2.99996
0.03	0.44	3.00007
0.03	0.45	2.9998
0.03	0.46	3.00072
0.03	0.47	2.99757
0.03	0.48	2.95467
0.03	0.49	2.66887
0.03	0.5	1.81708
0.03	0.51	1.68554
0.03	0.52	1.69459
0.03	0.53	1.69437
0.03	0.54	1.7054
0.03	0.55	1.74945
0.03	0.56	1.76601
0.03	0.57	1.73292
0.03	0.58	1.79185
0.03	0.59	1.83714
0.03	0.6	1.75111
0.03	0.61	1.7398
0.03	0.62	1.8083
0.03	0.63	1.80415
0.03	0.64	1.74442
0.03	0.65	1.77751
0.03	0.66	1.83805
0.03	0.67	1.77928
0.03	0.68	1.73913
0.03	0.69	1.73695
0.03	0.7	1.80049
0.03	0.71	1.79744
0.03	0.72	1.70227
0.03	0.73	1.71763
0.03	0.74	1.72918
0.03	0.75	1.40492
0.03	0.76	1.03156
0.03	0.77	1.0017
0.03	0.78	1.0001
0.03	0.79	1.00001
0.03	0.8	1
0.03	0.81	1
0.03	0.82	1
0.03	0.83	1
0.03	0.84	1
0.03	0.85	1
0.03	0.86	1
0.03	0.87	1
0.03	0.88	1
0.03	0.89	1
0.03	0.9	1
0.03	0.91	1
0.03	0.92	1
0.03	0.93	1
0.03	0.94	1
0.03	0.95	1
0.03	0.96	1
0.03	0.97	1
0.03	0.98	1
0.03	0.99	1


0.04	0	3
0.04	0.01	3
0.04	0.02	3
0.04	0.03	3
0.04	0.04	3
0.04	0.05	3
0.04	0.06	3
0.04	0.07	3
0.04	0.08	3
0.04	0.09	3
0.04	0.1	3
0.04	0.11	3
0.04	0.12	3
0.04	0.13	3
0.04	0.14	3
0.04	0.15	3
0.04	0.16	3
0.04	0.17	3
0.04	0.18	3
0.04	0.19	3
0.04	0.2	3
0.04	0.21	3
0.04	0.22	3
0.04	0.23	3
0.04	0.24	3
0.04	0.25	3
0.04	0.26	3
0.04	0.27	3
0.04	0.28	3
0.04	0.29	3
0.04	0.3	3
0.04	0.31	3
0.04	0.32	3
0.04	0.33	3
0.04	0.34	3
0.04	0.35	3
0.04	0.36	3
0.04	0.37	3
0.04	0.38	3
0.04	0.39	3
0.04	0.4	3
0.04	0.41	3
0.04	0.42	3
0.04	0.43	2.99999
0.04	0.44	2.99999
0.04	0.45	3.00003
0.04	0.46	3.00025
0.04	0.47	2.99782
0.04	0.48	2.97104
0.04	0.49	2.77478
0.04	0.5	2.04978
0.04	0.51	1.69566
0.04	0.52	1.69472
0.04	0.53	1.68565
0.04	0.54	1.68444
0.04	0.55	1.7008
0.04	0.56	1.70661
0.04	0.57	1.71453
0.04	0.58	1.7602
0.04	0.59	1.7746
0.04	0.6	1.74308
0.04	0.61	1.79055
0.04	0.62	1.84468
0.04	0.63	1.7622
0.04	0.64	1.73139
0.04	0.65	1.8009
0.04	0.66	1.83046
0.04	0.67	1.76866
0.04	0.68	1.7399
0.04	0.69	1.81257
0.04	0.7	1.83708
0.04	0.71	1.75119
0.04	0.72	1.74667
0.04	0.73	1.81464
0.04	0.74	1.80835
0.04	0.75	1.74341
0.04	0.76	1.79296
0.04	0.77	1.84812
0.04	0.78	1.76669
0.04	0.79	1.74887
0.04	0.8	1.74849
0.04	0.81	1.72131
0.04	0.82	1.72762
0.04	0.83	1.70295
0.04	0.84	1.1925
0.04	0.85	1.01305
0.04	0.86	1.00074
0.04	0.87	1.00004
0.04	0.88	1
0.04	0.89	1
0.04	0.9	1
0.04	0.91	1
0.04	0.92	1
0.04	0.93	1
0.04	0.94	1
0.04	0.95	1
0.04	0.96	1
0.04	0.97	1
0.04	0.98	1
0.04	0.99	1


0.05	0	3
0.05	0.01	3
0.05	0.02	3
0.05	0.03	3
0.05	0.04	3
0.05	0.05	3
0.05	0.06	3
0.05	0.07	3
0.05	0.08	3
0.05	0.09	3
0.05	0.1	3
0.05	0.11	3
0.05	0.12	3
0.05	0.13	3
0.05	0.14	3
0.05	0.15	3
0.05	0.16	3
0.05	0.17	3
0.05	0.18	3
0.05	0.19	3
0.05	0.2	3
0.05	0.21	3
0.05	0.22	3
0.05	0.23	3
0.05	0.24	3
0.05	0.25	3
0.05	0.26	3
0.05	0.27	3
0.05	0.28	3
0.05	0.29	3
0.05	0.3	3
0.05	0.31	3
0.05	0.32	3
0.05	0.33	3
0.05	0.34	3
0.05	0.35	3
0.05	0.36	3
0.05	0.37	3
0.05	0.38	3
0.05	0.39	3
0.05	0.4	3
0.05	0.41	3
0.05	0.42	3
0.05	0.43	3
0.05	0.44	2.99999
0.05	0.45	3.00003
0.05	0.46	3.00008
0.05	0.47	2.99842
0.05	0.48	2.98146
0.05	0.49	2.85381
0.05	0.5	2.3641
0.05	0.51	1.69338
0.05	0.52	1.69558
0.05	0.53	1.68733
0.05	0.54	1.68541
0.05	0.55	1.68803
0.05	0.56	1.68101
0.05	0.57	1.68365
0.05	0.58	1.69557
0.05	0.59	1.709
0.05	0.6	1.71947
0.05	0.61	1.77578
0.05	0.62	1.77811
0.05	0.63	1.75132
0.05	0.64	1.78729
0.05	0.65	1.83401
0.05	0.66	1.77428
0.05	0.67	1.73909
0.05	0.68	1.78165
0.05	0.69	1.82205
0.05	0.7	1.79536
0.05	0.71	1.73116
0.05	0.72	1.79059
0.05	0.73	1.8937
0.05	0.74	1.74657
0.05	0.75	1.71876
0.05	0.76	1.81718
0.05	0.77	1.83252
0.05	0.78	1.76764
0.05	0.79	1.7726
0.05	0.8	1.81677
0.05	0.81	1.80521
0.05	0.82	1.76429
0.05	0.83	1.74146
0.05	0.84	1.81104
0.05	0.85	1.82844
0.05	0.86	1.75865
0.05	0.87	1.74779
0.05	0.88	1.82697
0.05	0.89	1.7753
0.05	0.9	1.70567
0.05	0.91	1.74096
0.05	0.92	1.55693
0.05	0.93	1.06967
0.05	0.94	1.00457
0.05	0.95	1.00029
0.05	0.96	1.00002
0.05	0.97	1
0.05	0.98	1
0.05	0.99	1


0.06	0	3
0.06	0.01	3
0.06	0.02	3
0.06	0.03	3
0.06	0.04	3
0.06	0.05	3
0.06	0.06	3
0.06	0.07	3
0.06	0.08	3
0.06	0.09	3
0.06	0.1	3
0.06	0.11	3
0.06	0.12	3
0.06	0.13	3
0.06	0.14	3
0.06	0.15	3
0.06	0.16	3
0.06	0.17	3
0.06	0.18	3
0.06	0.19	3
0.06	0.2	3
0.06	0.21	3
0.06	0.22	3
0.06	0.23	3
0.06	0.24	3
0.06	0.25	3
0.06	0.26	3
0.06	0.27	3
0.06	0.28	3
0.06	0.29	3
0.06	0.3	3
0.06	0.31	3
0.06	0.32	3
0.06	0.33	3
0.06	0.34	3
0.06	0.35	3
0.06	0.36	3
0.06	0.37	3
0.06	0.38	3
0.06	0.39	3
0.06	0.4	3
0.06	0.41	3
0.06	0.42	3
0.06	0.43	3
0.06	0.44	3
0.06	0.45	3.00002
0.06	0.46	2.99999
0.06	0.47	2.99912
0.06	0.48	2.98687
0.06	0.49	2.90734
0.06	0.5	2.59986
0.06	0.51	1.78679
0.06	0.52	1.68762
0.06	0.53	1.68825
0.06	0.54	1.69164
0.06	0.55	1.69478
0.06	0.56	1.68696
0.06	0.57	1.68575
0.06	0.58	1.68791
0.06	0.59	1.68819
0.06	0.6	1.6951
0.06	0.61	1.70865
0.06	0.62	1.72171
0.06	0.63	1.73914
0.06	0.64	1.78472
0.06	0.65	1.77095
0.06	0.66	1.74886
0.06	0.67	1.77958
0.06	0.68	1.8085
0.06	0.69	1.79208
0.06	0.7	1.74451
0.06	0.71	1.74566
0.06	0.72	1.82016
0.06	0.73	1.81548
0.06	0.74	1.75059
0.06	0.75	1.76952
0.06	0.76	1.85583
0.06	0.77	1.79522
0.06	0.78	1.68814
0.06	0.79	1.79371
0.06	0.8	1.89293
0.06	0.81	1.77309
0.06	0.82	1.71473
0.06	0.83	1.80915
0.06	0.84	1.87689
0.06	0.85	1.75625
0.06	0.86	1.70484
0.06	0.87	1.82097
0.06	0.88	1.85798
0.06	0.89	1.76253
0.06	0.9	1.76515
0.06	0.91	1.79685
0.06	0.92	1.81954
0.06	0.93	1.7609
0.06	0.94	1.7827
0.06	0.95	1.78379
0.06	0.96	1.81992
0.06	0.97	1.72911
0.06	0.98	1.72911
0.06	0.99	1.72911


0.07	0	3
0.07	0.01	3
0.07	0.02	3
0.07	0.03	3
0.07	0.04	3
0.07	0.05	3
0.07	0.06	3
0.07	0.07	3
0.07	0.08	3
0.07	0.09	3
0.07	0.1	3
0.07	0.11	3
0.07	0.12	3
0.07	0.13	3
0.07	0.14	3
0.07	0.15	3
0.07	0.16	3
0.07	0.17	3
0.07	0.18	3
0.07	0.19	3
0.07	0.2	3
0.07	0.21	3
0.07	0.22	3
0.07	0.23	3
0.07	0.24	3
0.07	0.25	3
0.07	0.26	3
0.07	0.27	3
0.07	0.28	3
0.07	0.29	3
0.07	0.3	3
0.07	0.31	3
0.07	0.32	3
0.07	0.33	3
0.07	0.34	3
0.07	0.35	3
0.07	0.36	3
0.07	0.37	3
0.07	0.38	3
0.07	0.39	3
0.07	0.4	3
0.07	0.41	3
0.07	0.42	3
0.07	0.43	3
0.07	0.44	3
0.07	0.45	3.00001
0.07	0.46	2.99999
0.07	0.47	2.99935
0.07	0.48	2.99167
0.07	0.49	2.94613
0.07	0.5	2.73348
0.07	0.51	1.9767
0.07	0.52	1.68911
0.07	0.53	1.68939
0.07	0.54	1.69054
0.07	0.55	1.6949
0.07	0.56	1.69139
0.07	0.57	1.69041
0.07	0.58	1.68993
0.07	0.59	1.68763
0.07	0.6	1.68897
0.07	0.61	1.69028
0.07	0.62	1.69556
0.07	0.63	1.70895
0.07	0.64	1.72446
0.07	0.65	1.73221
0.07	0.66	1.73962
0.07	0.67	1.79112
0.07	0.68	1.78159
0.07	0.69	1.75637
0.07	0.7	1.77311
0.07	0.71	1.79625
0.07	0.72	1.81309
0.07	0.73	1.75313
0.07	0.74	1.74788
0.07	0.75	1.81498
0.07	0.76	1.83661
0.07	0.77	1.73662
0.07	0.78	1.72797
0.07	0.79	1.81937
0.07	0.8	1.85073
0.07	0.81	1.73216
0.07	0.82	1.72179
0.07	0.83	1.84427
0.07	0.84	1.83957
0.07	0.85	1.7358
0.07	0.86	1.75568
0.07	0.87	1.86183
0.07	0.88	1.80094
0.07	0.89	1.67561
0.07	0.9	1.76982
0.07	0.91	1.9317
0.07	0.92	1.77912
0.07	0.93	1.69256
0.07	0.94	1.83052
0.07	0.95	1.835
0.07	0.96	1.79036
0.07	0.97	1.74075
0.07	0.98	1.74075
0.07	0.99	1.74075


0.08	0	3
0.08	0.01	3
0.08	0.02	3
0.08	0.03	3
0.08	0.04	3
0.08	0.05	3
0.08	0.06	3
0.08	0.07	3
0.08	0.08	3
0.08	0.09	3
0.08	0.1	3
0.08	0.11	3
0.08	0.12	3
0.08	0.13	3
0.08	0.14	3
0.08	0.15	3
0.08	0.16	3
0.08	0.17	3
0.08	0.18	3
0.08	0.19	3
0.08	0.2	3
0.08	0.21	3
0.08	0.22	3
0.08	0.23	3
0.08	0.24	3
0.08	0.25	3
0.08	0.26	3
0.08	0.27	3
0.08	0.28	3
0.08	0.29	3
0.08	0.3	3
0.08	0.31	3
0.08	0.32	3
0.08	0.33	3
0.08	0.34	3
0.08	0.35	3
0.08	0.36	3
0.08	0.37	3
0.08	0.38	3
0.08	0.39	3
0.08	0.4	3
0.08	0.41	3
0.08	0.42	3
0.08	0.43	3
0.08	0.44	3
0.08	0.45	3
0.08	0.46	2.99998
0.08	0.47	2.99957
0.08	0.48	2.99462
0.08	0.49	2.97093
0.08	0.5	2.8277
0.08	0.51	2.25442
0.08	0.52	1.68449
0.08	0.53	1.68381
0.08	0.54	1.68561
0.08	0.55	1.68762
0.08	0.56	1.68566
0.08	0.57	1.6878
0.08	0.58	1.68989
0.08	0.59	1.68859
0.08	0.6	1.68927
0.08	0.61	1.6891
0.08	0.62	1.68692
0.08	0.63	1.70115
0.08	0.64	1.69394
0.08	0.65	1.70316
0.08	0.66	1.70996
0.08	0.67	1.73978
0.08	0.68	1.74172
0.08	0.69	1.75044
0.08	0.7	1.78808
0.08	0.71	1.78266
0.08	0.72	1.77094
0.08	0.73	1.76095
0.08	0.74	1.80577
0.08	0.75	1.81934
0.08	0.76	1.76234
0.08	0.77	1.7406
0.08	0.78	1.79453
0.08	0.79	1.83117
0.08	0.8	1.77503
0.08	0.81	1.73288
0.08	0.82	1.79443
0.08	0.83	1.88578
0.08	0.84	1.75532
0.08	0.85	1.67496
0.08	0.86	1.82899
0.08	0.87	1.90567
0.08	0.88	1.71575
0.08	0.89	1.68551
0.08	0.9	1.83593
0.08	0.91	1.87934
0.08	0.92	1.69613
0.08	0.93	1.72149
0.08	0.94	1.86991
0.08	0.95	1.78782
0.08	0.96	1.72159
0.08	0.97	1.78022
0.08	0.98	1.78022
0.08	0.99	1.78022


0.09	0	3
0.09	0.01	3
0.09	0.02	3
0.09	0.03	3
0.09	0.04	3
0.09	0.05	3
0.09	0.06	3
0.09	0.07	3
0.09	0.08	3
0.09	0.09	3
0.09	0.1	3
0.09	0.11	3
0.09	0.12	3
0.09	0.13	3
0.09	0.14	3
0.09	0.15	3
0.09	0.16	3
0.09	0.17	3
0.09	0.18	3
0.09	0.19	3
0.09	0.2	3
0.09	0.21	3
0.09	0.22	3
0.09	0.23	3
0.09	0.24	3
0.09	0.25	3
0.09	0.26	3
0.09	0.27	3
0.09	0.28	3
0.09	0.29	3
0.09	0.3	3
0.09	0.31	3
0.09	0.32	3
0.09	0.33	3
0.09	0.34	3
0.09	0.35	3
0.09	0.36	3
0.09	0.37	3
0.09	0.38	3
0.09	0.39	3
0.09	0.4	3
0.09	0.41	3
0.09	0.42	3
0.09	0.43	3
0.09	0.44	3
0.09	0.45	3
0.09	0.46	2.99999
0.09	0.47	2.99966
0.09	0.48	2.99731
0.09	0.49	2.98007
0.09	0.5	2.88399
0.09	0.51	2.53225
0.09	0.52	1.72817
0.09	0.53	1.68735
0.09	0.54	1.69293
0.09	0.55	1.69307
0.09	0.56	1.68894
0.09	0.57	1.68744
0.09	0.58	1.68691
0.09	0.59	1.68747
0.09	0.6	1.68967
0.09	0.61	1.68912
0.09	0.62	1.68556
0.09	0.63	1.69155
0.09	0.64	1.68083
0.09	0.65	1.68744
0.09	0.66	1.68779
0.09	0.67	1.69933
0.09	0.68	1.70928
0.09	0.69	1.71528
0.09	0.7	1.74616
0.09	0.71	1.74404
0.09	0.72	1.75511
0.09	0.73	1.78839
0.09	0.74	1.80223
0.09	0.75	1.77303
0.09	0.76	1.75926
0.09	0.77	1.79484
0.09	0.78	1.82063
0.09	0.79	1.76562
0.09	0.8	1.74297
0.09	0.81	1.79325
0.09	0.82	1.82933
0.09	0.83	1.7895
0.09	0.84	1.75592
0.09	0.85	1.77435
0.09	0.86	1.83716
0.09	0.87	1.81457
0.09	0.88	1.72167
0.09	0.89	1.7639
0.09	0.9	1.86902
0.09	0.91	1.78931
0.09	0.92	1.65047
0.09	0.93	1.84608
0.09	0.94	1.88503
0.09	0.95	1.72934
0.09	0.96	1.75868
0.09	0.97	1.77212
0.09	0.98	1.77212
0.09	0.99	1.77212


0.1	0	3
0.1	0.01	3
0.1	0.02	3
0.1	0.03	3
0.1	0.04	3
0.1	0.05	3
0.1	0.06	3
0.1	0.07	3
0.1	0.08	3
0.1	0.09	3
0.1	0.1	3
0.1	0.11	3
0.1	0.12	3
0.1	0.13	3
0.1	0.14	3
0.1	0.15	3
0.1	0.16	3
0.1	0.17	3
0.1	0.18	3
0.1	0.19	3
0.1	0.2	3
0.1	0.21	3
0.1	0.22	3
0.1	0.23	3
0.1	0.24	3
0.1	0.25	3
0.1	0.26	3
0.1	0.27	3
0.1	0.28	3
0.1	0.29	3
0.1	0.3	3
0.1	0.31	3
0.1	0.32	3
0.1	0.33	3
0.1	0.34	3
0.1	0.35	3
0.1	0.36	3
0.1	0.37	3
0.1	0.38	3
0.1	0.39	3
0.1	0.4	3
0.1	0.41	3
0.1	0.42	3
0.1	0.43	3
0.1	0.44	3
0.1	0.45	3
0.1	0.46	2.99999
0.1	0.47	2.9998
0.1	0.48	2.99839
0.1	0.49	2.98754
0.1	0.5	2.92984
0.1	0.51	2.69552
0.1	0.52	1.88399
0.1	0.53	1.69166
0.1	0.54	1.69291
0.1	0.55	1.69261
0.1	0.56	1.68905
0.1	0.57	1.68987
0.1	0.58	1.68989
0.1	0.59	1.68881
0.1	0.6	1.68926
0.1	0.61	1.68902
0.1	0.62	1.6897
0.1	0.63	1.69559
0.1	0.64	1.68752
0.1	0.65	1.69084
0.1	0.66	1.68746
0.1	0.67	1.69257
0.1	0.68	1.69408
0.1	0.69	1.69633
0.1	0.7	1.69906
0.1	0.71	1.71234
0.1	0.72	1.72169
0.1	0.73	1.75912
0.1	0.74	1.76228
0.1	0.75	1.74462
0.1	0.76	1.77816
0.1	0.77	1.80658
0.1	0.78	1.76263
0.1	0.79	1.74934
0.1	0.8	1.79006
0.1	0.81	1.81667
0.1	0.82	1.77573
0.1	0.83	1.75351
0.1	0.84	1.78961
0.1	0.85	1.81196
0.1	0.86	1.824
0.1	0.87	1.76075
0.1	0.88	1.74151
0.1	0.89	1.83629
0.1	0.9	1.8422
0.1	0.91	1.73383
0.1	0.92	1.76225
0.1	0.93	1.83881
0.1	0.94	1.78674
0.1	0.95	1.67494
0.1	0.96	1.82293
0.1	0.97	1.82259
0.1	0.98	1.82259
0.1	0.99	1.82259


0.11	0	3
0.11	0.01	3
0.11	0.02	3
0.11	0.03	3
0.11	0.04	3
0.11	0.05	3
0.11	0.06	3
0.11	0.07	3
0.11	0.08	3
0.11	0.09	3
0.11	0.1	3
0.11	0.11	3
0.11	0.12	3
0.11	0.13	3
0.11	0.14	3
0.11	0.15	3
0.11	0.16	3
0.11	0.17	3
0.11	0.18	3
0.11	0.19	3
0.11	0.2	3
0.11	0.21	3
0.11	0.22	3
0.11	0.23	3
0.11	0.24	3
0.11	0.25	3
0.11	0.26	3
0.11	0.27	3
0.11	0.28	3
0.11	0.29	3
0.11	0.3	3
0.11	0.31	3
0.11	0.32	3
0.11	0.33	3
0.11	0.34	3
0.11	0.35	3
0.11	0.36	3
0.11	0.37	3
0.11	0.38	3
0.11	0.39	3
0.11	0.4	3
0.11	0.41	3
0.11	0.42	3
0.11	0.43	3
0.11	0.44	3
0.11	0.45	3
0.11	0.46	2.99999
0.11	0.47	2.99988
0.11	0.48	2.99902
0.11	0.49	2.99226
0.11	0.5	2.96096
0.11	0.51	2.80203
0.11	0.52	2.11119
0.11	0.53	1.69006
0.11	0.54	1.69369
0.11	0.55	1.69303
0.11	0.56	1.6888
0.11	0.57	1.68906
0.11	0.58	1.68895
0.11	0.59	1.68947
0.11	0.6	1.69042
0.11	0.61	1.69055
0.11	0.62	1.69222
0.11	0.63	1.696
0.11	0.64	1.68991
0.11	0.65	1.69177
0.11	0.66	1.68971
0.11	0.67	1.69281
0.11	0.68	1.6924
0.11	0.69	1.69125
0.11	0.7	1.68751
0.11	0.71	1.69351
0.11	0.72	1.6998
0.11	0.73	1.71717
0.11	0.74	1.72663
0.11	0.75	1.73641
0.11	0.76	1.76816
0.11	0.77	1.76426
0.11	0.78	1.74362
0.11	0.79	1.77702
0.11	0.8	1.81526
0.11	0.81	1.77021
0.11	0.82	1.75474
0.11	0.83	1.77851
0.11	0.84	1.80528
0.11	0.85	1.79439
0.11	0.86	1.76628
0.11	0.87	1.7525
0.11	0.88	1.81708
0.11	0.89	1.82029
0.11	0.9	1.76259
0.11	0.91	1.73452
0.11	0.92	1.84043
0.11	0.93	1.83166
0.11	0.94	1.7537
0.11	0.95	1.75507
0.11	0.96	1.80236
0.11	0.97	1.78223
0.11	0.98	1.78223
0.11	0.99	1.78223


0.12	0	3
0.12	0.01	3
0.12	0.02	3
0.12	0.03	3
0.12	0.04	3
0.12	0.05	3
0.12	0.06	3
0.12	0.07	3
0.12	0.08	3
0.12	0.09	3
0.12	0.1	3
0.12	0.11	3
0.12	0.12	3
0.12	0.13	3
0.12	0.14	3
0.12	0.15	3
0.12	0.16	3
0.12	0.17	3
0.12	0.18	3
0.12	0.19	3
0.12	0.2	3
0.12	0.21	3
0.12	0.22	3
0.12	0.23	3
0.12	0.24	3
0.12	0.25	3
0.12	0.26	3
0.12	0.27	3
0.12	0.28	3
0.12	0.29	3
0.12	0.3	3
0.12	0.31	3
0.12	0.32	3
0.12	0.33	3
0.12	0.34	3
0.12	0.35	3
0.12	0.36	3
0.12	0.37	3
0.12	0.38	3
0.12	0.39	3
0.12	0.4	3
0.12	0.41	3
0.12	0.42	3
0.12	0.43	3
0.12	0.44	3
0.12	0.45	3
0.12	0.46	2.99999
0.12	0.47	2.99993
0.12	0.48	2.99936
0.12	0.49	2.99581
0.12	0.5	2.97529
0.12	0.51	2.86114
0.12	0.52	2.43329
0.12	0.53	1.70055
0.12	0.54	1.69094
0.12	0.55	1.69126
0.12	0.56	1.68885
0.12	0.57	1.6897
0.12	0.58	1.68857
0.12	0.59	1.68362
0.12	0.6	1.6825
0.12	0.61	1.68327
0.12	0.62	1.68521
0.12	0.63	1.68982
0.12	0.64	1.68772
0.12	0.65	1.69083
0.12	0.66	1.6906
0.12	0.67	1.69297
0.12	0.68	1.69248
0.12	0.69	1.6899
0.12	0.7	1.68628
0.12	0.71	1.68895
0.12	0.72	1.6918
0.12	0.73	1.69876
0.12	0.74	1.70562
0.12	0.75	1.71594
0.12	0.76	1.72213
0.12	0.77	1.73259
0.12	0.78	1.72957
0.12	0.79	1.77222
0.12	0.8	1.7791
0.12	0.81	1.75387
0.12	0.82	1.77425
0.12	0.83	1.80445
0.12	0.84	1.78537
0.12	0.85	1.76579
0.12	0.86	1.76659
0.12	0.87	1.7988
0.12	0.88	1.81352
0.12	0.89	1.76978
0.12	0.9	1.74964
0.12	0.91	1.81661
0.12	0.92	1.84671
0.12	0.93	1.75294
0.12	0.94	1.74783
0.12	0.95	1.80028
0.12	0.96	1.79956
0.12	0.97	1.77261
0.12	0.98	1.77261
0.12	0.99	1.77261


0.13	0	3
0.13	0.01	3
0.13	0.02	3
0.13	0.03	3
0.13	0.04	3
0.13	0.05	3
0.13	0.06	3
0.13	0.07	3
0.13	0.08	3
0.13	0.09	3
0.13	0.1	3
0.13	0.11	3
0.13	0.12	3
0.13	0.13	3
0.13	0.14	3
0.13	0.15	3
0.13	0.16	3
0.13	0.17	3
0.13	0.18	3
0.13	0.19	3
0.13	0.2	3
0.13	0.21	3
0.13	0.22	3
0.13	0.23	3
0.13	0.24	3
0.13	0.25	3
0.13	0.26	3
0.13	0.27	3
0.13	0.28	3
0.13	0.29	3
0.13	0.3	3
0.13	0.31	3
0.13	0.32	3
0.13	0.33	3
0.13	0.34	3
0.13	0.35	3
0.13	0.36	3
0.13	0.37	3
0.13	0.38	3
0.13	0.39	3
0.13	0.4	3
0.13	0.41	3
0.13	0.42	3
0.13	0.43	3
0.13	0.44	3
0.13	0.45	3
0.13	0.46	3
0.13	0.47	2.99995
0.13	0.48	2.99961
0.13	0.49	2.99764
0.13	0.5	2.98406
0.13	0.51	2.91231
0.13	0.52	2.64015
0.13	0.53	1.81282
0.13	0.54	1.69169
0.13	0.55	1.69148
0.13	0.56	1.68937
0.13	0.57	1.68903
0.13	0.58	1.68852
0.13	0.59	1.68839
0.13	0.6	1.68884
0.13	0.61	1.68972
0.13	0.62	1.69075
0.13	0.63	1.69232
0.13	0.64	1.6889
0.13	0.65	1.68963
0.13	0.66	1.6894
0.13	0.67	1.69116
0.13	0.68	1.6906
0.13	0.69	1.68732
0.13	0.7	1.68134
0.13	0.71	1.68169
0.13	0.72	1.68202
0.13	0.73	1.68996
0.13	0.74	1.69002
0.13	0.75	1.70427
0.13	0.76	1.69822
0.13	0.77	1.70283
0.13	0.78	1.70978
0.13	0.79	1.73322
0.13	0.8	1.74214
0.13	0.81	1.73621
0.13	0.82	1.77582
0.13	0.83	1.79135
0.13	0.84	1.76231
0.13	0.85	1.76385
0.13	0.86	1.79379
0.13	0.87	1.80647
0.13	0.88	1.76722
0.13	0.89	1.75834
0.13	0.9	1.80634
0.13	0.91	1.82407
0.13	0.92	1.7722
0.13	0.93	1.74904
0.13	0.94	1.82016
0.13	0.95	1.80549
0.13	0.96	1.77103
0.13	0.97	1.7696
0.13	0.98	1.7696
0.13	0.99	1.7696


0.14	0	3
0.14	0.01	3
0.14	0.02	3
0.14	0.03	3
0.14	0.04	3
0.14	0.05	3
0.14	0.06	3
0.14	0.07	3
0.14	0.08	3
0.14	0.09	3
0.14	0.1	3
0.14	0.11	3
0.14	0.12	3
0.14	0.13	3
0.14	0.14	3
0.14	0.15	3
0.14	0.16	3
0.14	0.17	3
0.14	0.18	3
0.14	0.19	3
0.14	0.2	3
0.14	0.21	3
0.14	0.22	3
0.14	0.23	3
0.14	0.24	3
0.14	0.25	3
0.14	0.26	3
0.14	0.27	3
0.14	0.28	3
0.14	0.29	3
0.14	0.3	3
0.14	0.31	3
0.14	0.32	3
0.14	0.33	3
0.14	0.34	3
0.14	0.35	3
0.14	0.36	3
0.14	0.37	3
0.14	0.38	3
0.14	0.39	3
0.14	0.4	3
0.14	0.41	3
0.14	0.42	3
0.14	0.43	3
0.14	0.44	3
0.14	0.45	3
0.14	0.46	3
0.14	0.47	2.99997
0.14	0.48	2.99978
0.14	0.49	2.99856
0.14	0.5	2.99016
0.14	0.51	2.94897
0.14	0.52	2.7615
0.14	0.53	2.01147
0.14	0.54	1.70576
0.14	0.55	1.69166
0.14	0.56	1.68244
0.14	0.57	1.68485
0.14	0.58	1.68885
0.14	0.59	1.69329
0.14	0.6	1.69365
0.14	0.61	1.69175
0.14	0.62	1.69176
0.14	0.63	1.69101
0.14	0.64	1.68907
0.14	0.65	1.6911
0.14	0.66	1.69186
0.14	0.67	1.69255
0.14	0.68	1.6916
0.14	0.69	1.68767
0.14	0.7	1.68579
0.14	0.71	1.68695
0.14	0.72	1.68822
0.14	0.73	1.69236
0.14	0.74	1.69041
0.14	0.75	1.70294
0.14	0.76	1.68832
0.14	0.77	1.6886
0.14	0.78	1.69139
0.14	0.79	1.70116
0.14	0.8	1.71113
0.14	0.81	1.71221
0.14	0.82	1.73366
0.14	0.83	1.75186
0.14	0.84	1.73616
0.14	0.85	1.76563
0.14	0.86	1.80561
0.14	0.87	1.76201
0.14	0.88	1.7525
0.14	0.89	1.79076
0.14	0.9	1.82214
0.14	0.91	1.77538
0.14	0.92	1.73906
0.14	0.93	1.81384
0.14	0.94	1.83796
0.14	0.95	1.75487
0.14	0.96	1.76319
0.14	0.97	1.78876
0.14	0.98	1.78876
0.14	0.99	1.78876


0.15	0	3
0.15	0.01	3
0.15	0.02	3
0.15	0.03	3
0.15	0.04	3
0.15	0.05	3
0.15	0.06	3
0.15	0.07	3
0.15	0.08	3
0.15	0.09	3
0.15	0.1	3
0.15	0.11	3
0.15	0.12	3
0.15	0.13	3
0.15	0.14	3
0.15	0.15	3
0.15	0.16	3
0.15	0.17	3
0.15	0.18	3
0.15	0.19	3
0.15	0.2	3
0.15	0.21	3
0.15	0.22	3
0.15	0.23	3
0.15	0.24	3
0.15	0.25	3
0.15	0.26	3
0.15	0.27	3
0.15	0.28	3
0.15	0.29	3
0.15	0.3	3
0.15	0.31	3
0.15	0.32	3
0.15	0.33	3
0.15	0.34	3
0.15	0.35	3
0.15	0.36	3
0.15	0.37	3
0.15	0.38	3
0.15	0.39	3
0.15	0.4	3
0.15	0.41	3
0.15	0.42	3
0.15	0.43	3
0.15	0.44	3
0.15	0.45	3
0.15	0.46	3
0.15	0.47	2.99998
0.15	0.48	2.99987
0.15	0.49	2.99914
0.15	0.5	2.99399
0.15	0.51	2.97157
0.15	0.52	2.83939
0.15	0.53	2.31415
0.15	0.54	1.69893
0.15	0.55	1.69185
0.15	0.56	1.68006
0.15	0.57	1.67843
0.15	0.58	1.68153
0.15	0.59	1.68913
0.15	0.6	1.68936
0.15	0.61	1.68309
0.15	0.62	1.68431
0.15	0.63	1.69381
0.15	0.64	1.69663
0.15	0.65	1.69802
0.15	0.66	1.69014
0.15	0.67	1.68849
0.15	0.68	1.68772
0.15	0.69	1.68883
0.15	0.7	1.6897
0.15	0.71	1.69098
0.15	0.72	1.69209
0.15	0.73	1.69202
0.15	0.74	1.69117
0.15	0.75	1.70074
0.15	0.76	1.68934
0.15	0.77	1.68649
0.15	0.78	1.68795
0.15	0.79	1.69
0.15	0.8	1.70132
0.15	0.81	1.6996
0.15	0.82	1.70681
0.15	0.83	1.71792
0.15	0.84	1.72493
0.15	0.85	1.74615
0.15	0.86	1.76529
0.15	0.87	1.74752
0.15	0.88	1.75949
0.15	0.89	1.79381
0.15	0.9	1.78528
0.15	0.91	1.75545
0.15	0.92	1.77949
0.15	0.93	1.82016
0.15	0.94	1.77252
0.15	0.95	1.73139
0.15	0.96	1.79684
0.15	0.97	1.79401
0.15	0.98	1.79401
0.15	0.99	1.79401


0.16	0	3
0.16	0.01	3
0.16	0.02	3
0.16	0.03	3
0.16	0.04	3
0.16	0.05	3
0.16	0.06	3
0.16	0.07	3
0.16	0.08	3
0.16	0.09	3
0.16	0.1	3
0.16	0.11	3
0.16	0.12	3
0.16	0.13	3
0.16	0.14	3
0.16	0.15	3
0.16	0.16	3
0.16	0.17	3
0.16	0.18	3
0.16	0.19	3
0.16	0.2	3
0.16	0.21	3
0.16	0.22	3
0.16	0.23	3
0.16	0.24	3
0.16	0.25	3
0.16	0.26	3
0.16	0.27	3
0.16	0.28	3
0.16	0.29	3
0.16	0.3	3
0.16	0.31	3
0.16	0.32	3
0.16	0.33	3
0.16	0.34	3
0.16	0.35	3
0.16	0.36	3
0.16	0.37	3
0.16	0.38	3
0.16	0.39	3
0.16	0.4	3
0.16	0.41	3
0.16	0.42	3
0.16	0.43	3
0.16	0.44	3
0.16	0.45	3
0.16	0.46	3
0.16	0.47	2.99999
0.16	0.48	2.99992
0.16	0.49	2.99944
0.16	0.5	2.99688
0.16	0.51	2.98067
0.16	0.52	2.89324
0.16	0.53	2.57162
0.16	0.54	1.76012
0.16	0.55	1.68742
0.16	0.56	1.68738
0.16	0.57	1.6889
0.16	0.58	1.68867
0.16	0.59	1.68917
0.16	0.6	1.6888
0.16	0.61	1.68922
0.16	0.62	1.69031
0.16	0.63	1.68949
0.16	0.64	1.68789
0.16	0.65	1.6926
0.16	0.66	1.69181
0.16	0.67	1.68247
0.16	0.68	1.68019
0.16	0.69	1.68268
0.16	0.7	1.68632
0.16	0.71	1.68809
0.16	0.72	1.68698
0.16	0.73	1.68794
0.16	0.74	1.69151
0.16	0.75	1.70467
0.16	0.76	1.69516
0.16	0.77	1.68514
0.16	0.78	1.68385
0.16	0.79	1.68387
0.16	0.8	1.69891
0.16	0.81	1.6937
0.16	0.82	1.69723
0.16	0.83	1.70208
0.16	0.84	1.70523
0.16	0.85	1.71782
0.16	0.86	1.72717
0.16	0.87	1.7284
0.16	0.88	1.74757
0.16	0.89	1.78094
0.16	0.9	1.75816
0.16	0.91	1.75288
0.16	0.92	1.79432
0.16	0.93	1.79839
0.16	0.94	1.763
0.16	0.95	1.77885
0.16	0.96	1.79625
0.16	0.97	1.7778
0.16	0.98	1.7778
0.16	0.99	1.7778


0.17	0	3
0.17	0.01	3
0.17	0.02	3
0.17	0.03	3
0.17	0.04	3
0.17	0.05	3
0.17	0.06	3
0.17	0.07	3
0.17	0.08	3
0.17	0.09	3
0.17	0.1	3
0.17	0.11	3
0.17	0.12	3
0.17	0.13	3
0.17	0.14	3
0.17	0.15	3
0.17	0.16	3
0.17	0.17	3
0.17	0.18	3
0.17	0.19	3
0.17	0.2	3
0.17	0.21	3
0.17	0.22	3
0.17	0.23	3
0.17	0.24	3
0.17	0.25	3
0.17	0.26	3
0.17	0.27	3
0.17	0.28	3
0.17	0.29	3
0.17	0.3	3
0.17	0.31	3
0.17	0.32	3
0.17	0.33	3
0.17	0.34	3
0.17	0.35	3
0.17	0.36	3
0.17	0.37	3
0.17	0.38	3
0.17	0.39	3
0.17	0.4	3
0.17	0.41	3
0.17	0.42	3
0.17	0.43	3
0.17	0.44	3
0.17	0.45	3
0.17	0.46	3
0.17	0.47	2.99999
0.17	0.48	2.99995
0.17	0.49	2.99968
0.17	0.5	2.99813
0.17	0.51	2.98788
0.17	0.52	2.93633
0.17	0.53	2.7144
0.17	0.54	1.93704
0.17	0.55	1.69099
0.17	0.56	1.68748
0.17	0.57	1.68768
0.17	0.58	1.68779
0.17	0.59	1.68973
0.17	0.6	1.69104
0.17	0.61	1.69346
0.17	0.62	1.69316
0.17	0.63	1.69192
0.17	0.64	1.68964
0.17	0.65	1.69043
0.17	0.66	1.69083
0.17	0.67	1.69161
0.17	0.68	1.68979
0.17	0.69	1.68663
0.17	0.7	1.6856
0.17	0.71	1.68643
0.17	0.72	1.69106
0.17	0.73	1.69161
0.17	0.74	1.69064
0.17	0.75	1.69497
0.17	0.76	1.69031
0.17	0.77	1.68394
0.17	0.78	1.67798
0.17	0.79	1.67799
0.17	0.8	1.69198
0.17	0.81	1.68838
0.17	0.82	1.68839
0.17	0.83	1.69261
0.17	0.84	1.69027
0.17	0.85	1.70531
0.17	0.86	1.70543
0.17	0.87	1.71113
0.17	0.88	1.72328
0.17	0.89	1.74325
0.17	0.9	1.73455
0.17	0.91	1.75173
0.17	0.92	1.78259
0.17	0.93	1.76932
0.17	0.94	1.76201
0.17	0.95	1.78085
0.17	0.96	1.7823
0.17	0.97	1.77791
0.17	0.98	1.77791
0.17	0.99	1.77791


0.18	0	3
0.18	0.01	3
0.18	0.02	3
0.18	0.03	3
0.18	0.04	3
0.18	0.05	3
0.18	0.06	3
0.18	0.07	3
0.18	0.08	3
0.18	0.09	3
0.18	0.1	3
0.18	0.11	3
0.18	0.12	3
0.18	0.13	3
0.18	0.14	3
0.18	0.15	3
0.18	0.16	3
0.18	0.17	3
0.18	0.18	3
0.18	0.19	3
0.18	0.2	3
0.18	0.21	3
0.18	0.22	3
0.18	0.23	3
0.18	0.24	3
0.18	0.25	3
0.18	0.26	3
0.18	0.27	3
0.18	0.28	3
0.18	0.29	3
0.18	0.3	3
0.18	0.31	3
0.18	0.32	3
0.18	0.33	3
0.18	0.34	3
0.18	0.35	3
0.18	0.36	3
0.18	0.37	3
0.18	0.38	3
0.18	0.39	3
0.18	0.4	3
0.18	0.41	3
0.18	0.42	3
0.18	0.43	3
0.18	0.44	3
0.18	0.45	3
0.18	0.46	3
0.18	0.47	3
0.18	0.48	2.99997
0.18	0.49	2.99981
0.18	0.5	2.99889
0.18	0.51	2.99232
0.18	0.52	2.96519
0.18	0.53	2.82069
0.18	0.54	2.18244
0.18	0.55	1.68354
0.18	0.56	1.68131
0.18	0.57	1.68789
0.18	0.58	1.69046
0.18	0.59	1.68829
0.18	0.6	1.68768
0.18	0.61	1.68983
0.18	0.62	1.69365
0.18	0.63	1.6945
0.18	0.64	1.69214
0.18	0.65	1.69174
0.18	0.66	1.69076
0.18	0.67	1.69204
0.18	0.68	1.68908
0.18	0.69	1.68802
0.18	0.7	1.68736
0.18	0.71	1.68879
0.18	0.72	1.69233
0.18	0.73	1.69502
0.18	0.74	1.69499
0.18	0.75	1.69577
0.18	0.76	1.68826
0.18	0.77	1.68525
0.18	0.78	1.68606
0.18	0.79	1.68662
0.18	0.8	1.69363
0.18	0.81	1.68827
0.18	0.82	1.68757
0.18	0.83	1.68887
0.18	0.84	1.68585
0.18	0.85	1.69976
0.18	0.86	1.69095
0.18	0.87	1.69326
0.18	0.88	1.69853
0.18	0.89	1.71135
0.18	0.9	1.71063
0.18	0.91	1.72226
0.18	0.92	1.74809
0.18	0.93	1.74824
0.18	0.94	1.75621
0.18	0.95	1.77569
0.18	0.96	1.75286
0.18	0.97	1.76928
0.18	0.98	1.76928
0.18	0.99	1.76928


0.19	0	3
0.19	0.01	3
0.19	0.02	3
0.19	0.03	3
0.19	0.04	3
0.19	0.05	3
0.19	0.06	3
0.19	0.07	3
0.19	0.08	3
0.19	0.09	3
0.19	0.1	3
0.19	0.11	3
0.19	0.12	3
0.19	0.13	3
0.19	0.14	3
0.19	0.15	3
0.19	0.16	3
0.19	0.17	3
0.19	0.18	3
0.19	0.19	3
0.19	0.2	3
0.19	0.21	3
0.19	0.22	3
0.19	0.23	3
0.19	0.24	3
0.19	0.25	3
0.19	0.26	3
0.19	0.27	3
0.19	0.28	3
0.19	0.29	3
0.19	0.3	3
0.19	0.31	3
0.19	0.32	3
0.19	0.33	3
0.19	0.34	3
0.19	0.35	3
0.19	0.36	3
0.19	0.37	3
0.19	0.38	3
0.19	0.39	3
0.19	0.4	3
0.19	0.41	3
0.19	0.42	3
0.19	0.43	3
0.19	0.44	3
0.19	0.45	3
0.19	0.46	3
0.19	0.47	3
0.19	0.48	2.99998
0.19	0.49	2.99989
0.19	0.5	2.99927
0.19	0.51	2.99599
0.19	0.52	2.97673
0.19	0.53	2.87277
0.19	0.54	2.48824
0.19	0.55	1.71488
0.19	0.56	1.68649
0.19	0.57	1.68723
0.19	0.58	1.68761
0.19	0.59	1.68812
0.19	0.6	1.69057
0.19	0.61	1.69055
0.19	0.62	1.68986
0.19	0.63	1.68867
0.19	0.64	1.68749
0.19	0.65	1.68419
0.19	0.66	1.68303
0.19	0.67	1.68376
0.19	0.68	1.6883
0.19	0.69	1.68859
0.19	0.7	1.68702
0.19	0.71	1.68798
0.19	0.72	1.69041
0.19	0.73	1.69491
0.19	0.74	1.6971
0.19	0.75	1.697
0.19	0.76	1.68834
0.19	0.77	1.68598
0.19	0.78	1.68709
0.19	0.79	1.68894
0.19	0.8	1.69366
0.19	0.81	1.68903
0.19	0.82	1.6894
0.19	0.83	1.69087
0.19	0.84	1.68877
0.19	0.85	1.69978
0.19	0.86	1.68966
0.19	0.87	1.68975
0.19	0.88	1.69124
0.19	0.89	1.7042
0.19	0.9	1.70375
0.19	0.91	1.70626
0.19	0.92	1.71579
0.19	0.93	1.72792
0.19	0.94	1.74135
0.19	0.95	1.72934
0.19	0.96	1.73685
0.19	0.97	1.7696
0.19	0.98	1.7696
0.19	0.99	1.7696


0.2	0	3
0.2	0.01	3
0.2	0.02	3
0.2	0.03	3
0.2	0.04	3
0.2	0.05	3
0.2	0.06	3
0.2	0.07	3
0.2	0.08	3
0.2	0.09	3
0.2	0.1	3
0.2	0.11	3
0.2	0.12	3
0.2	0.13	3
0.2	0.14	3
0.2	0.15	3
0.2	0.16	3
0.2	0.17	3
0.2	0.18	3
0.2	0.19	3
0.2	0.2	3
0.2	0.21	3
0.2	0.22	3
0.2	0.23	3
0.2	0.24	3
0.2	0.25	3
0.2	0.26	3
0.2	0.27	3
0.2	0.28	3
0.2	0.29	3
0.2	0.3	3
0.2	0.31	3
0.2	0.32	3
0.2	0.33	3
0.2	0.34	3
0.2	0.35	3
0.2	0.36	3
0.2	0.37	3
0.2	0.38	3
0.2	0.39	3
0.2	0.4	3
0.2	0.41	3
0.2	0.42	3
0.2	0.43	3
0.2	0.44	3
0.2	0.45	3
0.2	0.46	3
0.2	0.47	3
0.2	0.48	2.99999
0.2	0.49	2.99993
0.2	0.5	2.99958
0.2	0.51	2.99766
0.2	0.52	2.98523
0.2	0.53	2.92109
0.2	0.54	2.66986
0.2	0.55	1.8514
0.2	0.56	1.6886
0.2	0.57	1.68791
0.2	0.58	1.68831
0.2	0.59	1.68942
0.2	0.6	1.69086
0.2	0.61	1.69311
0.2	0.62	1.69225
0.2	0.63	1.69037
0.2	0.64	1.68878
0.2	0.65	1.69021
0.2	0.66	1.69122
0.2	0.67	1.69119
0.2	0.68	1.68704
0.2	0.69	1.68541
0.2	0.7	1.6858
0.2	0.71	1.6878
0.2	0.72	1.69027
0.2	0.73	1.69187
0.2	0.74	1.69188
0.2	0.75	1.69216
0.2	0.76	1.68079
0.2	0.77	1.67849
0.2	0.78	1.68023
0.2	0.79	1.68858
0.2	0.8	1.69443
0.2	0.81	1.68963
0.2	0.82	1.68821
0.2	0.83	1.68952
0.2	0.84	1.69045
0.2	0.85	1.69885
0.2	0.86	1.69093
0.2	0.87	1.68824
0.2	0.88	1.68915
0.2	0.89	1.70187
0.2	0.9	1.69679
0.2	0.91	1.69735
0.2	0.92	1.70395
0.2	0.93	1.70702
0.2	0.94	1.73043
0.2	0.95	1.69788
0.2	0.96	1.70614
0.2	0.97	1.76488
0.2	0.98	1.76488
0.2	0.99	1.76488


0.21	0	3
0.21	0.01	3
0.21	0.02	3
0.21	0.03	3
0.21	0.04	3
0.21	0.05	3
0.21	0.06	3
0.21	0.07	3
0.21	0.08	3
0.21	0.09	3
0.21	0.1	3
0.21	0.11	3
0.21	0.12	3
0.21	0.13	3
0.21	0.14	3
0.21	0.15	3
0.21	0.16	3
0.21	0.17	3
0.21	0.18	3
0.21	0.19	3
0.21	0.2	3
0.21	0.21	3
0.21	0.22	3
0.21	0.23	3
0.21	0.24	3
0.21	0.25	3
0.21	0.26	3
0.21	0.27	3
0.21	0.28	3
0.21	0.29	3
0.21	0.3	3
0.21	0.31	3
0.21	0.32	3
0.21	0.33	3
0.21	0.34	3
0.21	0.35	3
0.21	0.36	3
0.21	0.37	3
0.21	0.38	3
0.21	0.39	3
0.21	0.4	3
0.21	0.41	3
0.21	0.42	3
0.21	0.43	3
0.21	0.44	3
0.21	0.45	3
0.21	0.46	3
0.21	0.47	3
0.21	0.48	2.99999
0.21	0.49	2.99996
0.21	0.5	2.99976
0.21	0.51	2.99858
0.21	0.52	2.99087
0.21	0.53	2.95469
0.21	0.54	2.78392
0.21	0.55	2.05907
0.21	0.56	1.69343
0.21	0.57	1.69089
0.21	0.58	1.69
0.21	0.59	1.68946
0.21	0.6	1.68949
0.21	0.61	1.69324
0.21	0.62	1.69261
0.21	0.63	1.69277
0.21	0.64	1.69099
0.21	0.65	1.69165
0.21	0.66	1.69156
0.21	0.67	1.69149
0.21	0.68	1.68875
0.21	0.69	1.68806
0.21	0.7	1.68737
0.21	0.71	1.68911
0.21	0.72	1.69354
0.21	0.73	1.69353
0.21	0.74	1.69324
0.21	0.75	1.69174
0.21	0.76	1.68869
0.21	0.77	1.68513
0.21	0.78	1.68556
0.21	0.79	1.68889
0.21	0.8	1.68987
0.21	0.81	1.68859
0.21	0.82	1.68726
0.21	0.83	1.68789
0.21	0.84	1.68749
0.21	0.85	1.69415
0.21	0.86	1.68371
0.21	0.87	1.68193
0.21	0.88	1.68227
0.21	0.89	1.69758
0.21	0.9	1.6914
0.21	0.91	1.69282
0.21	0.92	1.69721
0.21	0.93	1.69414
0.21	0.94	1.72796
0.21	0.95	1.67259
0.21	0.96	1.67625
0.21	0.97	1.76186
0.21	0.98	1.76186
0.21	0.99	1.76186


0.22	0	3
0.22	0.01	3
0.22	0.02	3
0.22	0.03	3
0.22	0.04	3
0.22	0.05	3
0.22	0.06	3
0.22	0.07	3
0.22	0.08	3
0.22	0.09	3
0.22	0.1	3
0.22	0.11	3
0.22	0.12	3
0.22	0.13	3
0.22	0.14	3
0.22	0.15	3
0.22	0.16	3
0.22	0.17	3
0.22	0.18	3
0.22	0.19	3
0.22	0.2	3
0.22	0.21	3
0.22	0.22	3
0.22	0.23	3
0.22	0.24	3
0.22	0.25	3
0.22	0.26	3
0.22	0.27	3
0.22	0.28	3
0.22	0.29	3
0.22	0.3	3
0.22	0.31	3
0.22	0.32	3
0.22	0.33	3
0.22	0.34	3
0.22	0.35	3
0.22	0.36	3
0.22	0.37	3
0.22	0.38	3
0.22	0.39	3
0.22	0.4	3
0.22	0.41	3
0.22	0.42	3
0.22	0.43	3
0.22	0.44	3
0.22	0.45	3
0.22	0.46	3
0.22	0.47	3
0.22	0.48	3
0.22	0.49	2.99998
0.22	0.5	2.99986
0.22	0.51	2.99912
0.22	0.52	2.99475
0.22	0.53	2.97281
0.22	0.54	2.84989
0.22	0.55	2.38137
0.22	0.56	1.6895
0.22	0.57	1.68745
0.22	0.58	1.69208
0.22	0.59	1.68907
0.22	0.6	1.68643
0.22	0.61	1.68549
0.22	0.62	1.68457
0.22	0.63	1.68462
0.22	0.64	1.68517
0.22	0.65	1.68734
0.22	0.66	1.69106
0.22	0.67	1.69197
0.22	0.68	1.69033
0.22	0.69	1.68827
0.22	0.7	1.68812
0.22	0.71	1.6902
0.22	0.72	1.69309
0.22	0.73	1.69501
0.22	0.74	1.69493
0.22	0.75	1.69291
0.22	0.76	1.68864
0.22	0.77	1.68655
0.22	0.78	1.68811
0.22	0.79	1.69041
0.22	0.8	1.69153
0.22	0.81	1.6904
0.22	0.82	1.68883
0.22	0.83	1.68961
0.22	0.84	1.69042
0.22	0.85	1.69445
0.22	0.86	1.68897
0.22	0.87	1.68684
0.22	0.88	1.68838
0.22	0.89	1.69878
0.22	0.9	1.68938
0.22	0.91	1.68955
0.22	0.92	1.69189
0.22	0.93	1.68875
0.22	0.94	1.71908
0.22	0.95	1.65736
0.22	0.96	1.65846
0.22	0.97	1.75371
0.22	0.98	1.75371
0.22	0.99	1.75371


0.23	0	3
0.23	0.01	3
0.23	0.02	3
0.23	0.03	3
0.23	0.04	3
0.23	0.05	3
0.23	0.06	3
0.23	0.07	3
0.23	0.08	3
0.23	0.09	3
0.23	0.1	3
0.23	0.11	3
0.23	0.12	3
0.23	0.13	3
0.23	0.14	3
0.23	0.15	3
0.23	0.16	3
0.23	0.17	3
0.23	0.18	3
0.23	0.19	3
0.23	0.2	3
0.23	0.21	3
0.23	0.22	3
0.23	0.23	3
0.23	0.24	3
0.23	0.25	3
0.23	0.26	3
0.23	0.27	3
0.23	0.28	3
0.23	0.29	3
0.23	0.3	3
0.23	0.31	3
0.23	0.32	3
0.23	0.33	3
0.23	0.34	3
0.23	0.35	3
0.23	0.36	3
0.23	0.37	3
0.23	0.38	3
0.23	0.39	3
0.23	0.4	3
0.23	0.41	3
0.23	0.42	3
0.23	0.43	3
0.23	0.44	3
0.23	0.45	3
0.23	0.46	3
0.23	0.47	3
0.23	0.48	3
0.23	0.49	2.99999
0.23	0.5	2.99991
0.23	0.51	2.99946
0.23	0.52	2.99711
0.23	0.53	2.9821
0.23	0.54	2.90289
0.23	0.55	2.61018
0.23	0.56	1.78119
0.23	0.57	1.68737
0.23	0.58	1.68767
0.23	0.59	1.68909
0.23	0.6	1.69098
0.23	0.61	1.69286
0.23	0.62	1.69124
0.23	0.63	1.69056
0.23	0.64	1.68935
0.23	0.65	1.68944
0.23	0.66	1.68935
0.23	0.67	1.68915
0.23	0.68	1.68713
0.23	0.69	1.68716
0.23	0.7	1.68609
0.23	0.71	1.68561
0.23	0.72	1.68671
0.23	0.73	1.68781
0.23	0.74	1.68927
0.23	0.75	1.68757
0.23	0.76	1.68374
0.23	0.77	1.68572
0.23	0.78	1.68991
0.23	0.79	1.69279
0.23	0.8	1.6924
0.23	0.81	1.68987
0.23	0.82	1.68916
0.23	0.83	1.69057
0.23	0.84	1.69222
0.23	0.85	1.6951
0.23	0.86	1.68998
0.23	0.87	1.68845
0.23	0.88	1.69143
0.23	0.89	1.69923
0.23	0.9	1.69113
0.23	0.91	1.69118
0.23	0.92	1.69216
0.23	0.93	1.69125
0.23	0.94	1.70961
0.23	0.95	1.65988
0.23	0.96	1.66236
0.23	0.97	1.75381
0.23	0.98	1.75381
0.23	0.99	1.75381


0.24	0	3
0.24	0.01	3
0.24	0.02	3
0.24	0.03	3
0.24	0.04	3
0.24	0.05	3
0.24	0.06	3
0.24	0.07	3
0.24	0.08	3
0.24	0.09	3
0.24	0.1	3
0.24	0.11	3
0.24	0.12	3
0.24	0.13	3
0.24	0.14	3
0.24	0.15	3
0.24	0.16	3
0.24	0.17	3
0.24	0.18	3
0.24	0.19	3
0.24	0.2	3
0.24	0.21	3
0.24	0.22	3
0.24	0.23	3
0.24	0.24	3
0.24	0.25	3
0.24	0.26	3
0.24	0.27	3
0.24	0.28	3
0.24	0.29	3
0.24	0.3	3
0.24	0.31	3
0.24	0.32	3
0.24	0.33	3
0.24	0.34	3
0.24	0.35	3
0.24	0.36	3
0.24	0.37	3
0.24	0.38	3
0.24	0.39	3
0.24	0.4	3
0.24	0.41	3
0.24	0.42	3
0.24	0.43	3
0.24	0.44	3
0.24	0.45	3
0.24	0.46	3
0.24	0.47	3
0.24	0.48	3
0.24	0.49	2.99999
0.24	0.5	2.99995
0.24	0.51	2.99969
0.24	0.52	2.99825
0.24	0.53	2.98891
0.24	0.54	2.94264
0.24	0.55	2.73906
0.24	0.56	1.97165
0.24	0.57	1.69205
0.24	0.58	1.68941
0.24	0.59	1.69003
0.24	0.6	1.69033
0.24	0.61	1.6931
0.24	0.62	1.69217
0.24	0.63	1.69186
0.24	0.64	1.6917
0.24	0.65	1.69159
0.24	0.66	1.69099
0.24	0.67	1.6898
0.24	0.68	1.68782
0.24	0.69	1.68724
0.24	0.7	1.68742
0.24	0.71	1.69074
0.24	0.72	1.69193
0.24	0.73	1.69359
0.24	0.74	1.69383
0.24	0.75	1.69072
0.24	0.76	1.68604
0.24	0.77	1.68387
0.24	0.78	1.68633
0.24	0.79	1.68896
0.24	0.8	1.68951
0.24	0.81	1.68797
0.24	0.82	1.68428
0.24	0.83	1.68474
0.24	0.84	1.68581
0.24	0.85	1.68913
0.24	0.86	1.685
0.24	0.87	1.68627
0.24	0.88	1.69178
0.24	0.89	1.69981
0.24	0.9	1.69337
0.24	0.91	1.69208
0.24	0.92	1.69241
0.24	0.93	1.69293
0.24	0.94	1.70128
0.24	0.95	1.66246
0.24	0.96	1.67114
0.24	0.97	1.75263
0.24	0.98	1.75263
0.24	0.99	1.75263


0.25	0	3
0.25	0.01	3
0.25	0.02	3
0.25	0.03	3
0.25	0.04	3
0.25	0.05	3
0.25	0.06	3
0.25	0.07	3
0.25	0.08	3
0.25	0.09	3
0.25	0.1	3
0.25	0.11	3
0.25	0.12	3
0.25	0.13	3
0.25	0.14	3
0.25	0.15	3
0.25	0.16	3
0.25	0.17	3
0.25	0.18	3
0.25	0.19	3
0.25	0.2	3
0.25	0.21	3
0.25	0.22	3
0.25	0.23	3
0.25	0.24	3
0.25	0.25	3
0.25	0.26	3
0.25	0.27	3
0.25	0.28	3
0.25	0.29	3
0.25	0.3	3
0.25	0.31	3
0.25	0.32	3
0.25	0.33	3
0.25	0.34	3
0.25	0.35	3
0.25	0.36	3
0.25	0.37	3
0.25	0.38	3
0.25	0.39	3
0.25	0.4	3
0.25	0.41	3
0.25	0.42	3
0.25	0.43	3
0.25	0.44	3
0.25	0.45	3
0.25	0.46	3
0.25	0.47	3
0.25	0.48	3
0.25	0.49	2.99999
0.25	0.5	2.99997
0.25	0.51	2.99982
0.25	0.52	2.99896
0.25	0.53	2.99299
0.25	0.54	2.96891
0.25	0.55	2.82669
0.25	0.56	2.25433
0.25	0.57	1.68602
0.25	0.58	1.68259
0.25	0.59	1.68386
0.25	0.6	1.6852
0.25	0.61	1.68718
0.25	0.62	1.6895
0.25	0.63	1.69037
0.25	0.64	1.6915
0.25	0.65	1.69265
0.25	0.66	1.69235
0.25	0.67	1.6917
0.25	0.68	1.68832
0.25	0.69	1.68807
0.25	0.7	1.68846
0.25	0.71	1.69126
0.25	0.72	1.6945
0.25	0.73	1.69469
0.25	0.74	1.69424
0.25	0.75	1.69092
0.25	0.76	1.68715
0.25	0.77	1.68539
0.25	0.78	1.68946
0.25	0.79	1.6914
0.25	0.8	1.69113
0.25	0.81	1.68825
0.25	0.82	1.68761
0.25	0.83	1.68916
0.25	0.84	1.69233
0.25	0.85	1.69249
0.25	0.86	1.68929
0.25	0.87	1.68614
0.25	0.88	1.69059
0.25	0.89	1.69387
0.25	0.9	1.69068
0.25	0.91	1.68892
0.25	0.92	1.68887
0.25	0.93	1.68886
0.25	0.94	1.68874
0.25	0.95	1.65941
0.25	0.96	1.67506
0.25	0.97	1.74805
0.25	0.98	1.74805
0.25	0.99	1.74805


0.26	0	3
0.26	0.01	3
0.26	0.02	3
0.26	0.03	3
0.26	0.04	3
0.26	0.05	3
0.26	0.06	3
0.26	0.07	3
0.26	0.08	3
0.26	0.09	3
0.26	0.1	3
0.26	0.11	3
0.26	0.12	3
0.26	0.13	3
0.26	0.14	3
0.26	0.15	3
0.26	0.16	3
0.26	0.17	3
0.26	0.18	3
0.26	0.19	3
0.26	0.2	3
0.26	0.21	3
0.26	0.22	3
0.26	0.23	3
0.26	0.24	3
0.26	0.25	3
0.26	0.26	3
0.26	0.27	3
0.26	0.28	3
0.26	0.29	3
0.26	0.3	3
0.26	0.31	3
0.26	0.32	3
0.26	0.33	3
0.26	0.34	3
0.26	0.35	3
0.26	0.36	3
0.26	0.37	3
0.26	0.38	3
0.26	0.39	3
0.26	0.4	3
0.26	0.41	3
0.26	0.42	3
0.26	0.43	3
0.26	0.44	3
0.26	0.45	3
0.26	0.46	3
0.26	0.47	3
0.26	0.48	3
0.26	0.49	3
0.26	0.5	2.99998
0.26	0.51	2.99989
0.26	0.52	2.99932
0.26	0.53	2.9964
0.26	0.54	2.97851
0.26	0.55	2.88237
0.26	0.56	2.53161
0.26	0.57	1.72907
0.26	0.58	1.68695
0.26	0.59	1.68927
0.26	0.6	1.69204
0.26	0.61	1.69272
0.26	0.62	1.6899
0.26	0.63	1.68861
0.26	0.64	1.68901
0.26	0.65	1.69086
0.26	0.66	1.69038
0.26	0.67	1.68817
0.26	0.68	1.68165
0.26	0.69	1.68073
0.26	0.7	1.68211
0.26	0.71	1.68514
0.26	0.72	1.68916
0.26	0.73	1.69371
0.26	0.74	1.69416
0.26	0.75	1.69141
0.26	0.76	1.68859
0.26	0.77	1.6869
0.26	0.78	1.68979
0.26	0.79	1.6922
0.26	0.8	1.69192
0.26	0.81	1.69007
0.26	0.82	1.68817
0.26	0.83	1.69141
0.26	0.84	1.69329
0.26	0.85	1.69278
0.26	0.86	1.69012
0.26	0.87	1.68795
0.26	0.88	1.69291
0.26	0.89	1.69592
0.26	0.9	1.69348
0.26	0.91	1.69042
0.26	0.92	1.69051
0.26	0.93	1.69186
0.26	0.94	1.68907
0.26	0.95	1.6662
0.26	0.96	1.6879
0.26	0.97	1.74723
0.26	0.98	1.74723
0.26	0.99	1.74723


0.27	0	3
0.27	0.01	3
0.27	0.02	3
0.27	0.03	3
0.27	0.04	3
0.27	0.05	3
0.27	0.06	3
0.27	0.07	3
0.27	0.08	3
0.27	0.09	3
0.27	0.1	3
0.27	0.11	3
0.27	0.12	3
0.27	0.13	3
0.27	0.14	3
0.27	0.15	3
0.27	0.16	3
0.27	0.17	3
0.27	0.18	3
0.27	0.19	3
0.27	0.2	3
0.27	0.21	3
0.27	0.22	3
0.27	0.23	3
0.27	0.24	3
0.27	0.25	3
0.27	0.26	3
0.27	0.27	3
0.27	0.28	3
0.27	0.29	3
0.27	0.3	3
0.27	0.31	3
0.27	0.32	3
0.27	0.33	3
0.27	0.34	3
0.27	0.35	3
0.27	0.36	3
0.27	0.37	3
0.27	0.38	3
0.27	0.39	3
0.27	0.4	3
0.27	0.41	3
0.27	0.42	3
0.27	0.43	3
0.27	0.44	3
0.27	0.45	3
0.27	0.46	3
0.27	0.47	3
0.27	0.48	3
0.27	0.49	3
0.27	0.5	2.99999
0.27	0.51	2.99993
0.27	0.52	2.99961
0.27	0.53	2.99786
0.27	0.54	2.98645
0.27	0.55	2.92855
0.27	0.56	2.69399
0.27	0.57	1.88476
0.27	0.58	1.68983
0.27	0.59	1.6902
0.27	0.6	1.69259
0.27	0.61	1.69214
0.27	0.62	1.692
0.27	0.63	1.69133
0.27	0.64	1.69155
0.27	0.65	1.69095
0.27	0.66	1.68996
0.27	0.67	1.68892
0.27	0.68	1.68662
0.27	0.69	1.68695
0.27	0.7	1.68726
0.27	0.71	1.69245
0.27	0.72	1.6927
0.27	0.73	1.69232
0.27	0.74	1.69145
0.27	0.75	1.68672
0.27	0.76	1.68683
0.27	0.77	1.68586
0.27	0.78	1.68674
0.27	0.79	1.68464
0.27	0.8	1.68392
0.27	0.81	1.68349
0.27	0.82	1.684
0.27	0.83	1.68787
0.27	0.84	1.69234
0.27	0.85	1.69288
0.27	0.86	1.69124
0.27	0.87	1.69043
0.27	0.88	1.69391
0.27	0.89	1.69596
0.27	0.9	1.69431
0.27	0.91	1.69165
0.27	0.92	1.69166
0.27	0.93	1.69245
0.27	0.94	1.68658
0.27	0.95	1.67035
0.27	0.96	1.69721
0.27	0.97	1.74753
0.27	0.98	1.74753
0.27	0.99	1.74753


0.28	0	3
0.28	0.01	3
0.28	0.02	3
0.28	0.03	3
0.28	0.04	3
0.28	0.05	3
0.28	0.06	3
0.28	0.07	3
0.28	0.08	3
0.28	0.09	3
0.28	0.1	3
0.28	0.11	3
0.28	0.12	3
0.28	0.13	3
0.28	0.14	3
0.28	0.15	3
0.28	0.16	3
0.28	0.17	3
0.28	0.18	3
0.28	0.19	3
0.28	0.2	3
0.28	0.21	3
0.28	0.22	3
0.28	0.23	3
0.28	0.24	3
0.28	0.25	3
0.28	0.26	3
0.28	0.27	3
0.28	0.28	3
0.28	0.29	3
0.28	0.3	3
0.28	0.31	3
0.28	0.32	3
0.28	0.33	3
0.28	0.34	3
0.28	0.35	3
0.28	0.36	3
0.28	0.37	3
0.28	0.38	3
0.28	0.39	3
0.28	0.4	3
0.28	0.41	3
0.28	0.42	3
0.28	0.43	3
0.28	0.44	3
0.28	0.45	3
0.28	0.46	3
0.28	0.47	3
0.28	0.48	3
0.28	0.49	3
0.28	0.5	2.99999
0.28	0.51	2.99996
0.28	0.52	2.99977
0.28	0.53	2.9987
0.28	0.54	2.99159
0.28	0.55	2.95962
0.28	0.56	2.80194
0.28	0.57	2.10954
0.28	0.58	1.68948
0.28	0.59	1.69154
0.28	0.6	1.69304
0.28	0.61	1.69194
0.28	0.62	1.69065
0.28	0.63	1.69058
0.28	0.64	1.69225
0.28	0.65	1.69224
0.28	0.66	1.69156
0.28	0.67	1.69013
0.28	0.68	1.68755
0.28	0.69	1.68804
0.28	0.7	1.68879
0.28	0.71	1.69318
0.28	0.72	1.69484
0.28	0.73	1.69437
0.28	0.74	1.69339
0.28	0.75	1.6877
0.28	0.76	1.68697
0.28	0.77	1.68698
0.28	0.78	1.68925
0.28	0.79	1.6895
0.28	0.8	1.68919
0.28	0.81	1.6889
0.28	0.82	1.68867
0.28	0.83	1.69029
0.28	0.84	1.69027
0.28	0.85	1.68951
0.28	0.86	1.68774
0.28	0.87	1.6884
0.28	0.88	1.69155
0.28	0.89	1.69094
0.28	0.9	1.6863
0.28	0.91	1.68624
0.28	0.92	1.68701
0.28	0.93	1.68783
0.28	0.94	1.68017
0.28	0.95	1.67257
0.28	0.96	1.70512
0.28	0.97	1.74842
0.28	0.98	1.74842
0.28	0.99	1.74842


0.29	0	3
0.29	0.01	3
0.29	0.02	3
0.29	0.03	3
0.29	0.04	3
0.29	0.05	3
0.29	0.06	3
0.29	0.07	3
0.29	0.08	3
0.29	0.09	3
0.29	0.1	3
0.29	0.11	3
0.29	0.12	3
0.29	0.13	3
0.29	0.14	3
0.29	0.15	3
0.29	0.16	3
0.29	0.17	3
0.29	0.18	3
0.29	0.19	3
0.29	0.2	3
0.29	0.21	3
0.29	0.22	3
0.29	0.23	3
0.29	0.24	3
0.29	0.25	3
0.29	0.26	3
0.29	0.27	3
0.29	0.28	3
0.29	0.29	3
0.29	0.3	3
0.29	0.31	3
0.29	0.32	3
0.29	0.33	3
0.29	0.34	3
0.29	0.35	3
0.29	0.36	3
0.29	0.37	3
0.29	0.38	3
0.29	0.39	3
0.29	0.4	3
0.29	0.41	3
0.29	0.42	3
0.29	0.43	3
0.29	0.44	3
0.29	0.45	3
0.29	0.46	3
0.29	0.47	3
0.29	0.48	3
0.29	0.49	3
0.29	0.5	3
0.29	0.51	2.99998
0.29	0.52	2.99987
0.29	0.53	2.99917
0.29	0.54	2.99537
0.29	0.55	2.97449
0.29	0.56	2.86033
0.29	0.57	2.43245
0.29	0.58	1.69799
0.29	0.59	1.68854
0.29	0.6	1.69237
0.29	0.61	1.6927
0.29	0.62	1.69123
0.29	0.63	1.68996
0.29	0.64	1.68603
0.29	0.65	1.68446
0.29	0.66	1.68387
0.29	0.67	1.6829
0.29	0.68	1.68279
0.29	0.69	1.68561
0.29	0.7	1.68989
0.29	0.71	1.69214
0.29	0.72	1.69478
0.29	0.73	1.69448
0.29	0.74	1.69307
0.29	0.75	1.68912
0.29	0.76	1.68805
0.29	0.77	1.68795
0.29	0.78	1.69001
0.29	0.79	1.69077
0.29	0.8	1.69077
0.29	0.81	1.69029
0.29	0.82	1.69059
0.29	0.83	1.69183
0.29	0.84	1.69187
0.29	0.85	1.69084
0.29	0.86	1.68943
0.29	0.87	1.69046
0.29	0.88	1.6934
0.29	0.89	1.69322
0.29	0.9	1.69079
0.29	0.91	1.69076
0.29	0.92	1.69124
0.29	0.93	1.6901
0.29	0.94	1.67996
0.29	0.95	1.67311
0.29	0.96	1.70747
0.29	0.97	1.74436
0.29	0.98	1.74436
0.29	0.99	1.74436


0.3	0	3
0.3	0.01	3
0.3	0.02	3
0.3	0.03	3
0.3	0.04	3
0.3	0.05	3
0.3	0.06	3
0.3	0.07	3
0.3	0.08	3
0.3	0.09	3
0.3	0.1	3
0.3	0.11	3
0.3	0.12	3
0.3	0.13	3
0.3	0.14	3
0.3	0.15	3
0.3	0.16	3
0.3	0.17	3
0.3	0.18	3
0.3	0.19	3
0.3	0.2	3
0.3	0.21	3
0.3	0.22	3
0.3	0.23	3
0.3	0.24	3
0.3	0.25	3
0.3	0.26	3
0.3	0.27	3
0.3	0.28	3
0.3	0.29	3
0.3	0.3	3
0.3	0.31	3
0.3	0.32	3
0.3	0.33	3
0.3	0.34	3
0.3	0.35	3
0.3	0.36	3
0.3	0.37	3
0.3	0.38	3
0.3	0.39	3
0.3	0.4	3
0.3	0.41	3
0.3	0.42	3
0.3	0.43	3
0.3	0.44	3
0.3	0.45	3
0.3	0.46	3
0.3	0.47	3
0.3	0.48	3
0.3	0.49	3
0.3	0.5	3
0.3	0.51	2.99999
0.3	0.52	2.99992
0.3	0.53	2.99951
0.3	0.54	2.99737
0.3	0.55	2.98354
0.3	0.56	2.91141
0.3	0.57	2.63868
0.3	0.58	1.81175
0.3	0.59	1.6908
0.3	0.6	1.6919
0.3	0.61	1.69069
0.3	0.62	1.69097
0.3	0.63	1.69077
0.3	0.64	1.69126
0.3	0.65	1.69036
0.3	0.66	1.68993
0.3	0.67	1.68694
0.3	0.68	1.686
0.3	0.69	1.68668
0.3	0.7	1.6886
0.3	0.71	1.69157
0.3	0.72	1.6931
0.3	0.73	1.69261
0.3	0.74	1.69044
0.3	0.75	1.68425
0.3	0.76	1.68117
0.3	0.77	1.68208
0.3	0.78	1.6842
0.3	0.79	1.68538
0.3	0.8	1.68831
0.3	0.81	1.69014
0.3	0.82	1.69108
0.3	0.83	1.69246
0.3	0.84	1.6925
0.3	0.85	1.69145
0.3	0.86	1.69042
0.3	0.87	1.6917
0.3	0.88	1.69423
0.3	0.89	1.69391
0.3	0.9	1.69263
0.3	0.91	1.69226
0.3	0.92	1.69241
0.3	0.93	1.69015
0.3	0.94	1.68062
0.3	0.95	1.67847
0.3	0.96	1.71444
0.3	0.97	1.74568
0.3	0.98	1.74568
0.3	0.99	1.74568


0.31	0	3
0.31	0.01	3
0.31	0.02	3
0.31	0.03	3
0.31	0.04	3
0.31	0.05	3
0.31	0.06	3
0.31	0.07	3
0.31	0.08	3
0.31	0.09	3
0.31	0.1	3
0.31	0.11	3
0.31	0.12	3
0.31	0.13	3
0.31	0.14	3
0.31	0.15	3
0.31	0.16	3
0.31	0.17	3
0.31	0.18	3
0.31	0.19	3
0.31	0.2	3
0.31	0.21	3
0.31	0.22	3
0.31	0.23	3
0.31	0.24	3
0.31	0.25	3
0.31	0.26	3
0.31	0.27	3
0.31	0.28	3
0.31	0.29	3
0.31	0.3	3
0.31	0.31	3
0.31	0.32	3
0.31	0.33	3
0.31	0.34	3
0.31	0.35	3
0.31	0.36	3
0.31	0.37	3
0.31	0.38	3
0.31	0.39	3
0.31	0.4	3
0.31	0.41	3
0.31	0.42	3
0.31	0.43	3
0.31	0.44	3
0.31	0.45	3
0.31	0.46	3
0.31	0.47	3
0.31	0.48	3
0.31	0.49	3
0.31	0.5	3
0.31	0.51	2.99999
0.31	0.52	2.99995
0.31	0.53	2.99972
0.31	0.54	2.9984
0.31	0.55	2.98981
0.31	0.56	2.94847
0.31	0.57	2.75806
0.31	0.58	2.01399
0.31	0.59	1.69402
0.31	0.6	1.69303
0.31	0.61	1.6916
0.31	0.62	1.69065
0.31	0.63	1.69179
0.31	0.64	1.69237
0.31	0.65	1.69181
0.31	0.66	1.6911
0.31	0.67	1.68862
0.31	0.68	1.68819
0.31	0.69	1.68861
0.31	0.7	1.68989
0.31	0.71	1.69359
0.31	0.72	1.69372
0.31	0.73	1.69329
0.31	0.74	1.69067
0.31	0.75	1.68734
0.31	0.76	1.68665
0.31	0.77	1.68737
0.31	0.78	1.68915
0.31	0.79	1.68913
0.31	0.8	1.6882
0.31	0.81	1.6878
0.31	0.82	1.6882
0.31	0.83	1.6901
0.31	0.84	1.69085
0.31	0.85	1.68885
0.31	0.86	1.68515
0.31	0.87	1.68598
0.31	0.88	1.68865
0.31	0.89	1.6886
0.31	0.9	1.68812
0.31	0.91	1.69008
0.31	0.92	1.69237
0.31	0.93	1.68941
0.31	0.94	1.68175
0.31	0.95	1.683
0.31	0.96	1.71855
0.31	0.97	1.74629
0.31	0.98	1.74629
0.31	0.99	1.74629


0.32	0	3
0.32	0.01	3
0.32	0.02	3
0.32	0.03	3
0.32	0.04	3
0.32	0.05	3
0.32	0.06	3
0.32	0.07	3
0.32	0.08	3
0.32	0.09	3
0.32	0.1	3
0.32	0.11	3
0.32	0.12	3
0.32	0.13	3
0.32	0.14	3
0.32	0.15	3
0.32	0.16	3
0.32	0.17	3
0.32	0.18	3
0.32	0.19	3
0.32	0.2	3
0.32	0.21	3
0.32	0.22	3
0.32	0.23	3
0.32	0.24	3
0.32	0.25	3
0.32	0.26	3
0.32	0.27	3
0.32	0.28	3
0.32	0.29	3
0.32	0.3	3
0.32	0.31	3
0.32	0.32	3
0.32	0.33	3
0.32	0.34	3
0.32	0.35	3
0.32	0.36	3
0.32	0.37	3
0.32	0.38	3
0.32	0.39	3
0.32	0.4	3
0.32	0.41	3
0.32	0.42	3
0.32	0.43	3
0.32	0.44	3
0.32	0.45	3
0.32	0.46	3
0.32	0.47	3
0.32	0.48	3
0.32	0.49	3
0.32	0.5	3
0.32	0.51	3
0.32	0.52	2.99997
0.32	0.53	2.99983
0.32	0.54	2.99903
0.32	0.55	2.99382
0.32	0.56	2.97072
0.32	0.57	2.83608
0.32	0.58	2.31482
0.32	0.59	1.69342
0.32	0.6	1.69117
0.32	0.61	1.68742
0.32	0.62	1.68415
0.32	0.63	1.68383
0.32	0.64	1.68389
0.32	0.65	1.68641
0.32	0.66	1.68821
0.32	0.67	1.6887
0.32	0.68	1.68869
0.32	0.69	1.6893
0.32	0.7	1.69127
0.32	0.71	1.69285
0.32	0.72	1.69452
0.32	0.73	1.69424
0.32	0.74	1.69197
0.32	0.75	1.689
0.32	0.76	1.6879
0.32	0.77	1.6888
0.32	0.78	1.69069
0.32	0.79	1.69069
0.32	0.8	1.69044
0.32	0.81	1.68976
0.32	0.82	1.69028
0.32	0.83	1.69113
0.32	0.84	1.69101
0.32	0.85	1.69024
0.32	0.86	1.68874
0.32	0.87	1.69188
0.32	0.88	1.69259
0.32	0.89	1.69204
0.32	0.9	1.69034
0.32	0.91	1.68962
0.32	0.92	1.68939
0.32	0.93	1.68508
0.32	0.94	1.67913
0.32	0.95	1.68463
0.32	0.96	1.71827
0.32	0.97	1.74101
0.32	0.98	1.74101
0.32	0.99	1.74101


0.33	0	3
0.33	0.01	3
0.33	0.02	3
0.33	0.03	3
0.33	0.04	3
0.33	0.05	3
0.33	0.06	3
0.33	0.07	3
0.33	0.08	3
0.33	0.09	3
0.33	0.1	3
0.33	0.11	3
0.33	0.12	3
0.33	0.13	3
0.33	0.14	3
0.33	0.15	3
0.33	0.16	3
0.33	0.17	3
0.33	0.18	3
0.33	0.19	3
0.33	0.2	3
0.33	0.21	3
0.33	0.22	3
0.33	0.23	3
0.33	0.24	3
0.33	0.25	3
0.33	0.26	3
0.33	0.27	3
0.33	0.28	3
0.33	0.29	3
0.33	0.3	3
0.33	0.31	3
0.33	0.32	3
0.33	0.33	3
0.33	0.34	3
0.33	0.35	3
0.33	0.36	3
0.33	0.37	3
0.33	0.38	3
0.33	0.39	3
0.33	0.4	3
0.33	0.41	3
0.33	0.42	3
0.33	0.43	3
0.33	0.44	3
0.33	0.45	3
0.33	0.46	3
0.33	0.47	3
0.33	0.48	3
0.33	0.49	3
0.33	0.5	3
0.33	0.51	3
0.33	0.52	2.99998
0.33	0.53	2.9999
0.33	0.54	2.99938
0.33	0.55	2.99674
0.33	0.56	2.98012
0.33	0.57	2.89178
0.33	0.58	2.56925
0.33	0.59	1.75666
0.33	0.6	1.68965
0.33	0.61	1.68924
0.33	0.62	1.69106
0.33	0.63	1.69133
0.33	0.64	1.69117
0.33	0.65	1.68956
0.33	0.66	1.68787
0.33	0.67	1.68586
0.33	0.68	1.6864
0.33	0.69	1.68708
0.33	0.7	1.6912
0.33	0.71	1.69176
0.33	0.72	1.68818
0.33	0.73	1.68734
0.33	0.74	1.68257
0.33	0.75	1.68235
0.33	0.76	1.68336
0.33	0.77	1.68833
0.33	0.78	1.6914
0.33	0.79	1.69162
0.33	0.8	1.69019
0.33	0.81	1.6896
0.33	0.82	1.69074
0.33	0.83	1.6925
0.33	0.84	1.69266
0.33	0.85	1.69177
0.33	0.86	1.69046
0.33	0.87	1.6931
0.33	0.88	1.69399
0.33	0.89	1.69344
0.33	0.9	1.69236
0.33	0.91	1.69168
0.33	0.92	1.69085
0.33	0.93	1.68556
0.33	0.94	1.68137
0.33	0.95	1.68938
0.33	0.96	1.72369
0.33	0.97	1.74457
0.33	0.98	1.74457
0.33	0.99	1.74457


0.34	0	3
0.34	0.01	3
0.34	0.02	3
0.34	0.03	3
0.34	0.04	3
0.34	0.05	3
0.34	0.06	3
0.34	0.07	3
0.34	0.08	3
0.34	0.09	3
0.34	0.1	3
0.34	0.11	3
0.34	0.12	3
0.34	0.13	3
0.34	0.14	3
0.34	0.15	3
0.34	0.16	3
0.34	0.17	3
0.34	0.18	3
0.34	0.19	3
0.34	0.2	3
0.34	0.21	3
0.34	0.22	3
0.34	0.23	3
0.34	0.24	3
0.34	0.25	3
0.34	0.26	3
0.34	0.27	3
0.34	0.28	3
0.34	0.29	3
0.34	0.3	3
0.34	0.31	3
0.34	0.32	3
0.34	0.33	3
0.34	0.34	3
0.34	0.35	3
0.34	0.36	3
0.34	0.37	3
0.34	0.38	3
0.34	0.39	3
0.34	0.4	3
0.34	0.41	3
0.34	0.42	3
0.34	0.43	3
0.34	0.44	3
0.34	0.45	3
0.34	0.46	3
0.34	0.47	3
0.34	0.48	3
0.34	0.49	3
0.34	0.5	3
0.34	0.51	3
0.34	0.52	2.99999
0.34	0.53	2.99994
0.34	0.54	2.99964
0.34	0.55	2.99803
0.34	0.56	2.98758
0.34	0.57	2.93526
0.34	0.58	2.71363
0.34	0.59	1.93135
0.34	0.6	1.69316
0.34	0.61	1.69121
0.34	0.62	1.68987
0.34	0.63	1.69055
0.34	0.64	1.69141
0.34	0.65	1.69126
0.34	0.66	1.69102
0.34	0.67	1.68823
0.34	0.68	1.68815
0.34	0.69	1.68862
0.34	0.7	1.6906
0.34	0.71	1.69304
0.34	0.72	1.69324
0.34	0.73	1.69243
0.34	0.74	1.68968
0.34	0.75	1.68703
0.34	0.76	1.68585
0.34	0.77	1.68779
0.34	0.78	1.68737
0.34	0.79	1.68737
0.34	0.8	1.68993
0.34	0.81	1.68928
0.34	0.82	1.68744
0.34	0.83	1.68551
0.34	0.84	1.68593
0.34	0.85	1.68539
0.34	0.86	1.68533
0.34	0.87	1.68856
0.34	0.88	1.69365
0.34	0.89	1.69437
0.34	0.9	1.69311
0.34	0.91	1.69175
0.34	0.92	1.69002
0.34	0.93	1.6859
0.34	0.94	1.68375
0.34	0.95	1.69496
0.34	0.96	1.72744
0.34	0.97	1.74568
0.34	0.98	1.74568
0.34	0.99	1.74568


0.35	0	3
0.35	0.01	3
0.35	0.02	3
0.35	0.03	3
0.35	0.04	3
0.35	0.05	3
0.35	0.06	3
0.35	0.07	3
0.35	0.08	3
0.35	0.09	3
0.35	0.1	3
0.35	0.11	3
0.35	0.12	3
0.35	0.13	3
0.35	0.14	3
0.35	0.15	3
0.35	0.16	3
0.35	0.17	3
0.35	0.18	3
0.35	0.19	3
0.35	0.2	3
0.35	0.21	3
0.35	0.22	3
0.35	0.23	3
0.35	0.24	3
0.35	0.25	3
0.35	0.26	3
0.35	0.27	3
0.35	0.28	3
0.35	0.29	3
0.35	0.3	3
0.35	0.31	3
0.35	0.32	3
0.35	0.33	3
0.35	0.34	3
0.35	0.35	3
0.35	0.36	3
0.35	0.37	3
0.35	0.38	3
0.35	0.39	3
0.35	0.4	3
0.35	0.41	3
0.35	0.42	3
0.35	0.43	3
0.35	0.44	3
0.35	0.45	3
0.35	0.46	3
0.35	0.47	3
0.35	0.48	3
0.35	0.49	3
0.35	0.5	3
0.35	0.51	3
0.35	0.52	2.99999
0.35	0.53	2.99996
0.35	0.54	2.99979
0.35	0.55	2.99883
0.35	0.56	2.99213
0.35	0.57	2.9646
0.35	0.58	2.81944
0.35	0.59	2.17403
0.35	0.6	1.69156
0.35	0.61	1.6836
0.35	0.62	1.6836
0.35	0.63	1.69123
0.35	0.64	1.69342
0.35	0.65	1.69327
0.35	0.66	1.68914
0.35	0.67	1.68772
0.35	0.68	1.68844
0.35	0.69	1.68996
0.35	0.7	1.69244
0.35	0.71	1.69423
0.35	0.72	1.69399
0.35	0.73	1.69257
0.35	0.74	1.68984
0.35	0.75	1.68805
0.35	0.76	1.68776
0.35	0.77	1.68946
0.35	0.78	1.69069
0.35	0.79	1.69091
0.35	0.8	1.68955
0.35	0.81	1.68888
0.35	0.82	1.69041
0.35	0.83	1.69093
0.35	0.84	1.69079
0.35	0.85	1.68963
0.35	0.86	1.68974
0.35	0.87	1.69173
0.35	0.88	1.69133
0.35	0.89	1.68996
0.35	0.9	1.6895
0.35	0.91	1.68934
0.35	0.92	1.68863
0.35	0.93	1.68142
0.35	0.94	1.67824
0.35	0.95	1.69399
0.35	0.96	1.72065
0.35	0.97	1.74231
0.35	0.98	1.74231
0.35	0.99	1.74231


0.36	0	3
0.36	0.01	3
0.36	0.02	3
0.36	0.03	3
0.36	0.04	3
0.36	0.05	3
0.36	0.06	3
0.36	0.07	3
0.36	0.08	3
0.36	0.09	3
0.36	0.1	3
0.36	0.11	3
0.36	0.12	3
0.36	0.13	3
0.36	0.14	3
0.36	0.15	3
0.36	0.16	3
0.36	0.17	3
0.36	0.18	3
0.36	0.19	3
0.36	0.2	3
0.36	0.21	3
0.36	0.22	3
0.36	0.23	3
0.36	0.24	3
0.36	0.25	3
0.36	0.26	3
0.36	0.27	3
0.36	0.28	3
0.36	0.29	3
0.36	0.3	3
0.36	0.31	3
0.36	0.32	3
0.36	0.33	3
0.36	0.34	3
0.36	0.35	3
0.36	0.36	3
0.36	0.37	3
0.36	0.38	3
0.36	0.39	3
0.36	0.4	3
0.36	0.41	3
0.36	0.42	3
0.36	0.43	3
0.36	0.44	3
0.36	0.45	3
0.36	0.46	3
0.36	0.47	3
0.36	0.48	3
0.36	0.49	3
0.36	0.5	3
0.36	0.51	3
0.36	0.52	3
0.36	0.53	2.99998
0.36	0.54	2.99988
0.36	0.55	2.99924
0.36	0.56	2.99587
0.36	0.57	2.97646
0.36	0.58	2.87175
0.36	0.59	2.48395
0.36	0.6	1.71568
0.36	0.61	1.68865
0.36	0.62	1.6895
0.36	0.63	1.69029
0.36	0.64	1.69016
0.36	0.65	1.69048
0.36	0.66	1.6897
0.36	0.67	1.68464
0.36	0.68	1.68274
0.36	0.69	1.68315
0.36	0.7	1.68894
0.36	0.71	1.68869
0.36	0.72	1.68654
0.36	0.73	1.68526
0.36	0.74	1.68765
0.36	0.75	1.69134
0.36	0.76	1.69107
0.36	0.77	1.69085
0.36	0.78	1.68959
0.36	0.79	1.68912
0.36	0.8	1.69064
0.36	0.81	1.6907
0.36	0.82	1.69205
0.36	0.83	1.69193
0.36	0.84	1.69169
0.36	0.85	1.69105
0.36	0.86	1.69037
0.36	0.87	1.69265
0.36	0.88	1.69383
0.36	0.89	1.69326
0.36	0.9	1.69193
0.36	0.91	1.6906
0.36	0.92	1.68757
0.36	0.93	1.68469
0.36	0.94	1.68444
0.36	0.95	1.70084
0.36	0.96	1.72982
0.36	0.97	1.74332
0.36	0.98	1.74332
0.36	0.99	1.74332


0.37	0	3
0.37	0.01	3
0.37	0.02	3
0.37	0.03	3
0.37	0.04	3
0.37	0.05	3
0.37	0.06	3
0.37	0.07	3
0.37	0.08	3
0.37	0.09	3
0.37	0.1	3
0.37	0.11	3
0.37	0.12	3
0.37	0.13	3
0.37	0.14	3
0.37	0.15	3
0.37	0.16	3
0.37	0.17	3
0.37	0.18	3
0.37	0.19	3
0.37	0.2	3
0.37	0.21	3
0.37	0.22	3
0.37	0.23	3
0.37	0.24	3
0.37	0.25	3
0.37	0.26	3
0.37	0.27	3
0.37	0.28	3
0.37	0.29	3
0.37	0.3	3
0.37	0.31	3
0.37	0.32	3
0.37	0.33	3
0.37	0.34	3
0.37	0.35	3
0.37	0.36	3
0.37	0.37	3
0.37	0.38	3
0.37	0.39	3
0.37	0.4	3
0.37	0.41	3
0.37	0.42	3
0.37	0.43	3
0.37	0.44	3
0.37	0.45	3
0.37	0.46	3
0.37	0.47	3
0.37	0.48	3
0.37	0.49	3
0.37	0.5	3
0.37	0.51	3
0.37	0.52	3
0.37	0.53	2.99999
0.37	0.54	2.99993
0.37	0.55	2.99955
0.37	0.56	2.99759
0.37	0.57	2.98503
0.37	0.58	2.92026
0.37	0.59	2.66786
0.37	0.6	1.84944
0.37	0.61	1.69178
0.37	0.62	1.69
0.37	0.63	1.691
0.37	0.64	1.69146
0.37	0.65	1.69058
0.37	0.66	1.68944
0.37	0.67	1.68752
0.37	0.68	1.68757
0.37	0.69	1.68842
0.37	0.7	1.69138
0.37	0.71	1.69349
0.37	0.72	1.69262
0.37	0.73	1.69075
0.37	0.74	1.6864
0.37	0.75	1.68527
0.37	0.76	1.68776
0.37	0.77	1.68974
0.37	0.78	1.68678
0.37	0.79	1.68492
0.37	0.8	1.6849
0.37	0.81	1.68542
0.37	0.82	1.68688
0.37	0.83	1.68612
0.37	0.84	1.68624
0.37	0.85	1.68929
0.37	0.86	1.69419
0.37	0.87	1.6956
0.37	0.88	1.69463
0.37	0.89	1.69192
0.37	0.9	1.69124
0.37	0.91	1.691
0.37	0.92	1.68901
0.37	0.93	1.6861
0.37	0.94	1.68704
0.37	0.95	1.70568
0.37	0.96	1.73162
0.37	0.97	1.74465
0.37	0.98	1.74465
0.37	0.99	1.74465


0.38	0	3
0.38	0.01	3
0.38	0.02	3
0.38	0.03	3
0.38	0.04	3
0.38	0.05	3
0.38	0.06	3
0.38	0.07	3
0.38	0.08	3
0.38	0.09	3
0.38	0.1	3
0.38	0.11	3
0.38	0.12	3
0.38	0.13	3
0.38	0.14	3
0.38	0.15	3
0.38	0.16	3
0.38	0.17	3
0.38	0.18	3
0.38	0.19	3
0.38	0.2	3
0.38	0.21	3
0.38	0.22	3
0.38	0.23	3
0.38	0.24	3
0.38	0.25	3
0.38	0.26	3
0.38	0.27	3
0.38	0.28	3
0.38	0.29	3
0.38	0.3	3
0.38	0.31	3
0.38	0.32	3
0.38	0.33	3
0.38	0.34	3
0.38	0.35	3
0.38	0.36	3
0.38	0.37	3
0.38	0.38	3
0.38	0.39	3
0.38	0.4	3
0.38	0.41	3
0.38	0.42	3
0.38	0.43	3
0.38	0.44	3
0.38	0.45	3
0.38	0.46	3
0.38	0.47	3
0.38	0.48	3
0.38	0.49	3
0.38	0.5	3
0.38	0.51	3
0.38	0.52	3
0.38	0.53	2.99999
0.38	0.54	2.99996
0.38	0.55	2.99974
0.38	0.56	2.99854
0.38	0.57	2.99074
0.38	0.58	2.95414
0.38	0.59	2.78076
0.38	0.6	2.06301
0.38	0.61	1.69352
0.38	0.62	1.69099
0.38	0.63	1.69217
0.38	0.64	1.69233
0.38	0.65	1.69051
0.38	0.66	1.6881
0.38	0.67	1.68808
0.38	0.68	1.68889
0.38	0.69	1.69082
0.38	0.7	1.69338
0.38	0.71	1.69416
0.38	0.72	1.69392
0.38	0.73	1.6911
0.38	0.74	1.68925
0.38	0.75	1.68815
0.38	0.76	1.68819
0.38	0.77	1.68964
0.38	0.78	1.68968
0.38	0.79	1.6892
0.38	0.8	1.689
0.38	0.81	1.68902
0.38	0.82	1.69098
0.38	0.83	1.69142
0.38	0.84	1.6886
0.38	0.85	1.68816
0.38	0.86	1.68874
0.38	0.87	1.69208
0.38	0.88	1.69221
0.38	0.89	1.68971
0.38	0.9	1.68605
0.38	0.91	1.68567
0.38	0.92	1.68243
0.38	0.93	1.68173
0.38	0.94	1.68503
0.38	0.95	1.70442
0.38	0.96	1.73326
0.38	0.97	1.74636
0.38	0.98	1.74636
0.38	0.99	1.74636


0.39	0	3
0.39	0.01	3
0.39	0.02	3
0.39	0.03	3
0.39	0.04	3
0.39	0.05	3
0.39	0.06	3
0.39	0.07	3
0.39	0.08	3
0.39	0.09	3
0.39	0.1	3
0.39	0.11	3
0.39	0.12	3
0.39	0.13	3
0.39	0.14	3
0.39	0.15	3
0.39	0.16	3
0.39	0.17	3
0.39	0.18	3
0.39	0.19	3
0.39	0.2	3
0.39	0.21	3
0.39	0.22	3
0.39	0.23	3
0.39	0.24	3
0.39	0.25	3
0.39	0.26	3
0.39	0.27	3
0.39	0.28	3
0.39	0.29	3
0.39	0.3	3
0.39	0.31	3
0.39	0.32	3
0.39	0.33	3
0.39	0.34	3
0.39	0.35	3
0.39	0.36	3
0.39	0.37	3
0.39	0.38	3
0.39	0.39	3
0.39	0.4	3
0.39	0.41	3
0.39	0.42	3
0.39	0.43	3
0.39	0.44	3
0.39	0.45	3
0.39	0.46	3
0.39	0.47	3
0.39	0.48	3
0.39	0.49	3
0.39	0.5	3
0.39	0.51	3
0.39	0.52	3
0.39	0.53	3
0.39	0.54	2.99997
0.39	0.55	2.99985
0.39	0.56	2.99909
0.39	0.57	2.99465
0.39	0.58	2.97253
0.39	0.59	2.84928
0.39	0.6	2.37932
0.39	0.61	1.69108
0.39	0.62	1.69127
0.39	0.63	1.69298
0.39	0.64	1.6913
0.39	0.65	1.68665
0.39	0.66	1.67976
0.39	0.67	1.67961
0.39	0.68	1.68151
0.39	0.69	1.68472
0.39	0.7	1.69253
0.39	0.71	1.69457
0.39	0.72	1.69405
0.39	0.73	1.68979
0.39	0.74	1.6887
0.39	0.75	1.68936
0.39	0.76	1.68986
0.39	0.77	1.69067
0.39	0.78	1.68995
0.39	0.79	1.68956
0.39	0.8	1.69042
0.39	0.81	1.69099
0.39	0.82	1.69217
0.39	0.83	1.69196
0.39	0.84	1.69151
0.39	0.85	1.69074
0.39	0.86	1.69135
0.39	0.87	1.69267
0.39	0.88	1.69305
0.39	0.89	1.69191
0.39	0.9	1.69078
0.39	0.91	1.68889
0.39	0.92	1.68589
0.39	0.93	1.68503
0.39	0.94	1.68922
0.39	0.95	1.70968
0.39	0.96	1.73183
0.39	0.97	1.74287
0.39	0.98	1.74287
0.39	0.99	1.74287


0.4	0	3
0.4	0.01	3
0.4	0.02	3
0.4	0.03	3
0.4	0.04	3
0.4	0.05	3
0.4	0.06	3
0.4	0.07	3
0.4	0.08	3
0.4	0.09	3
0.4	0.1	3
0.4	0.11	3
0.4	0.12	3
0.4	0.13	3
0.4	0.14	3
0.4	0.15	3
0.4	0.16	3
0.4	0.17	3
0.4	0.18	3
0.4	0.19	3
0.4	0.2	3
0.4	0.21	3
0.4	0.22	3
0.4	0.23	3
0.4	0.24	3
0.4	0.25	3
0.4	0.26	3
0.4	0.27	3
0.4	0.28	3
0.4	0.29	3
0.4	0.3	3
0.4	0.31	3
0.4	0.32	3
0.4	0.33	3
0.4	0.34	3
0.4	0.35	3
0.4	0.36	3
0.4	0.37	3
0.4	0.38	3
0.4	0.39	3
0.4	0.4	3
0.4	0.41	3
0.4	0.42	3
0.4	0.43	3
0.4	0.44	3
0.4	0.45	3
0.4	0.46	3
0.4	0.47	3
0.4	0.48	3
0.4	0.49	3
0.4	0.5	3
0.4	0.51	3
0.4	0.52	3
0.4	0.53	3
0.4	0.54	2.99998
0.4	0.55	2.99991
0.4	0.56	2.99944
0.4	0.57	2.99706
0.4	0.58	2.98192
0.4	0.59	2.90243
0.4	0.6	2.60809
0.4	0.61	1.7842
0.4	0.62	1.68939
0.4	0.63	1.6907
0.4	0.64	1.69027
0.4	0.65	1.68897
0.4	0.66	1.68814
0.4	0.67	1.68774
0.4	0.68	1.68794
0.4	0.69	1.68916
0.4	0.7	1.69043
0.4	0.71	1.69228
0.4	0.72	1.69229
0.4	0.73	1.68938
0.4	0.74	1.68818
0.4	0.75	1.68691
0.4	0.76	1.68378
0.4	0.77	1.6831
0.4	0.78	1.683
0.4	0.79	1.68368
0.4	0.8	1.68579
0.4	0.81	1.69034
0.4	0.82	1.69183
0.4	0.83	1.69167
0.4	0.84	1.69136
0.4	0.85	1.69099
0.4	0.86	1.69312
0.4	0.87	1.69433
0.4	0.88	1.69393
0.4	0.89	1.69204
0.4	0.9	1.69081
0.4	0.91	1.68943
0.4	0.92	1.68811
0.4	0.93	1.68728
0.4	0.94	1.69153
0.4	0.95	1.71627
0.4	0.96	1.73604
0.4	0.97	1.74384
0.4	0.98	1.74384
0.4	0.99	1.74384


0.41	0	3
0.41	0.01	3
0.41	0.02	3
0.41	0.03	3
0.41	0.04	3
0.41	0.05	3
0.41	0.06	3
0.41	0.07	3
0.41	0.08	3
0.41	0.09	3
0.41	0.1	3
0.41	0.11	3
0.41	0.12	3
0.41	0.13	3
0.41	0.14	3
0.41	0.15	3
0.41	0.16	3
0.41	0.17	3
0.41	0.18	3
0.41	0.19	3
0.41	0.2	3
0.41	0.21	3
0.41	0.22	3
0.41	0.23	3
0.41	0.24	3
0.41	0.25	3
0.41	0.26	3
0.41	0.27	3
0.41	0.28	3
0.41	0.29	3
0.41	0.3	3
0.41	0.31	3
0.41	0.32	3
0.41	0.33	3
0.41	0.34	3
0.41	0.35	3
0.41	0.36	3
0.41	0.37	3
0.41	0.38	3
0.41	0.39	3
0.41	0.4	3
0.41	0.41	3
0.41	0.42	3
0.41	0.43	3
0.41	0.44	3
0.41	0.45	3
0.41	0.46	3
0.41	0.47	3
0.41	0.48	3
0.41	0.49	3
0.41	0.5	3
0.41	0.51	3
0.41	0.52	3
0.41	0.53	3
0.41	0.54	2.99999
0.41	0.55	2.99994
0.41	0.56	2.99968
0.41	0.57	2.99822
0.41	0.58	2.98878
0.41	0.59	2.94247
0.41	0.6	2.73831
0.41	0.61	1.97237
0.41	0.62	1.69249
0.41	0.63	1.69266
0.41	0.64	1.69245
0.41	0.65	1.68911
0.41	0.66	1.68758
0.41	0.67	1.68873
0.41	0.68	1.68956
0.41	0.69	1.69277
0.41	0.7	1.69378
0.41	0.71	1.69357
0.41	0.72	1.69257
0.41	0.73	1.68926
0.41	0.74	1.68874
0.41	0.75	1.6873
0.41	0.76	1.68781
0.41	0.77	1.68925
0.41	0.78	1.68932
0.41	0.79	1.68911
0.41	0.8	1.68895
0.41	0.81	1.68905
0.41	0.82	1.68959
0.41	0.83	1.68941
0.41	0.84	1.68961
0.41	0.85	1.68882
0.41	0.86	1.68997
0.41	0.87	1.68865
0.41	0.88	1.68778
0.41	0.89	1.6863
0.41	0.9	1.68557
0.41	0.91	1.68458
0.41	0.92	1.68699
0.41	0.93	1.68791
0.41	0.94	1.695
0.41	0.95	1.71488
0.41	0.96	1.74152
0.41	0.97	1.74565
0.41	0.98	1.74565
0.41	0.99	1.74565


0.42	0	3
0.42	0.01	3
0.42	0.02	3
0.42	0.03	3
0.42	0.04	3
0.42	0.05	3
0.42	0.06	3
0.42	0.07	3
0.42	0.08	3
0.42	0.09	3
0.42	0.1	3
0.42	0.11	3
0.42	0.12	3
0.42	0.13	3
0.42	0.14	3
0.42	0.15	3
0.42	0.16	3
0.42	0.17	3
0.42	0.18	3
0.42	0.19	3
0.42	0.2	3
0.42	0.21	3
0.42	0.22	3
0.42	0.23	3
0.42	0.24	3
0.42	0.25	3
0.42	0.26	3
0.42	0.27	3
0.42	0.28	3
0.42	0.29	3
0.42	0.3	3
0.42	0.31	3
0.42	0.32	3
0.42	0.33	3
0.42	0.34	3
0.42	0.35	3
0.42	0.36	3
0.42	0.37	3
0.42	0.38	3
0.42	0.39	3
0.42	0.4	3
0.42	0.41	3
0.42	0.42	3
0.42	0.43	3
0.42	0.44	3
0.42	0.45	3
0.42	0.46	3
0.42	0.47	3
0.42	0.48	3
0.42	0.49	3
0.42	0.5	3
0.42	0.51	3
0.42	0.52	3
0.42	0.53	3
0.42	0.54	2.99999
0.42	0.55	2.99997
0.42	0.56	2.99981
0.42	0.57	2.99894
0.42	0.58	2.99296
0.42	0.59	2.96849
0.42	0.6	2.8257
0.42	0.61	2.25796
0.42	0.62	1.68687
0.42	0.63	1.68629
0.42	0.64	1.68456
0.42	0.65	1.68178
0.42	0.66	1.68319
0.42	0.67	1.68603
0.42	0.68	1.68774
0.42	0.69	1.69378
0.42	0.7	1.69479
0.42	0.71	1.69386
0.42	0.72	1.69229
0.42	0.73	1.68897
0.42	0.74	1.68883
0.42	0.75	1.68951
0.42	0.76	1.69059
0.42	0.77	1.69079
0.42	0.78	1.69029
0.42	0.79	1.69018
0.42	0.8	1.69064
0.42	0.81	1.69093
0.42	0.82	1.69151
0.42	0.83	1.69134
0.42	0.84	1.69116
0.42	0.85	1.69026
0.42	0.86	1.69146
0.42	0.87	1.69161
0.42	0.88	1.69243
0.42	0.89	1.69107
0.42	0.9	1.68993
0.42	0.91	1.68758
0.42	0.92	1.68513
0.42	0.93	1.68548
0.42	0.94	1.69333
0.42	0.95	1.71683
0.42	0.96	1.74009
0.42	0.97	1.74102
0.42	0.98	1.74102
0.42	0.99	1.74102


0.43	0	3
0.43	0.01	3
0.43	0.02	3
0.43	0.03	3
0.43	0.04	3
0.43	0.05	3
0.43	0.06	3
0.43	0.07	3
0.43	0.08	3
0.43	0.09	3
0.43	0.1	3
0.43	0.11	3
0.43	0.12	3
0.43	0.13	3
0.43	0.14	3
0.43	0.15	3
0.43	0.16	3
0.43	0.17	3
0.43	0.18	3
0.43	0.19	3
0.43	0.2	3
0.43	0.21	3
0.43	0.22	3
0.43	0.23	3
0.43	0.24	3
0.43	0.25	3
0.43	0.26	3
0.43	0.27	3
0.43	0.28	3
0.43	0.29	3
0.43	0.3	3
0.43	0.31	3
0.43	0.32	3
0.43	0.33	3
0.43	0.34	3
0.43	0.35	3
0.43	0.36	3
0.43	0.37	3
0.43	0.38	3
0.43	0.39	3
0.43	0.4	3
0.43	0.41	3
0.43	0.42	3
0.43	0.43	3
0.43	0.44	3
0.43	0.45	3
0.43	0.46	3
0.43	0.47	3
0.43	0.48	3
0.43	0.49	3
0.43	0.5	3
0.43	0.51	3
0.43	0.52	3
0.43	0.53	3
0.43	0.54	3
0.43	0.55	2.99998
0.43	0.56	2.99989
0.43	0.57	2.99931
0.43	0.58	2.99636
0.43	0.59	2.97833
0.43	0.6	2.8822
0.43	0.61	2.53246
0.43	0.62	1.73283
0.43	0.63	1.69037
0.43	0.64	1.68926
0.43	0.65	1.68796
0.43	0.66	1.68723
0.43	0.67	1.68681
0.43	0.68	1.68868
0.43	0.69	1.68937
0.43	0.7	1.6926
0.43	0.71	1.69263
0.43	0.72	1.69046
0.43	0.73	1.68568
0.43	0.74	1.68053
0.43	0.75	1.68087
0.43	0.76	1.68251
0.43	0.77	1.6858
0.43	0.78	1.68931
0.43	0.79	1.69161
0.43	0.8	1.69176
0.43	0.81	1.69161
0.43	0.82	1.69126
0.43	0.83	1.69089
0.43	0.84	1.69114
0.43	0.85	1.69155
0.43	0.86	1.69425
0.43	0.87	1.69428
0.43	0.88	1.69362
0.43	0.89	1.69174
0.43	0.9	1.6905
0.43	0.91	1.6889
0.43	0.92	1.68754
0.43	0.93	1.68822
0.43	0.94	1.6978
0.43	0.95	1.72511
0.43	0.96	1.73342
0.43	0.97	1.74332
0.43	0.98	1.74332
0.43	0.99	1.74332


0.44	0	3
0.44	0.01	3
0.44	0.02	3
0.44	0.03	3
0.44	0.04	3
0.44	0.05	3
0.44	0.06	3
0.44	0.07	3
0.44	0.08	3
0.44	0.09	3
0.44	0.1	3
0.44	0.11	3
0.44	0.12	3
0.44	0.13	3
0.44	0.14	3
0.44	0.15	3
0.44	0.16	3
0.44	0.17	3
0.44	0.18	3
0.44	0.19	3
0.44	0.2	3
0.44	0.21	3
0.44	0.22	3
0.44	0.23	3
0.44	0.24	3
0.44	0.25	3
0.44	0.26	3
0.44	0.27	3
0.44	0.28	3
0.44	0.29	3
0.44	0.3	3
0.44	0.31	3
0.44	0.32	3
0.44	0.33	3
0.44	0.34	3
0.44	0.35	3
0.44	0.36	3
0.44	0.37	3
0.44	0.38	3
0.44	0.39	3
0.44	0.4	3
0.44	0.41	3
0.44	0.42	3
0.44	0.43	3
0.44	0.44	3
0.44	0.45	3
0.44	0.46	3
0.44	0.47	3
0.44	0.48	3
0.44	0.49	3
0.44	0.5	3
0.44	0.51	3
0.44	0.52	3
0.44	0.53	3
0.44	0.54	3
0.44	0.55	2.99999
0.44	0.56	2.99993
0.44	0.57	2.9996
0.44	0.58	2.99783
0.44	0.59	2.98639
0.44	0.6	2.92839
0.44	0.61	2.69178
0.44	0.62	1.8932
0.44	0.63	1.69394
0.44	0.64	1.68883
0.44	0.65	1.68647
0.44	0.66	1.6869
0.44	0.67	1.68833
0.44	0.68	1.69127
0.44	0.69	1.69442
0.44	0.7	1.6932
0.44	0.71	1.69172
0.44	0.72	1.68992
0.44	0.73	1.68857
0.44	0.74	1.68877
0.44	0.75	1.68769
0.44	0.76	1.68825
0.44	0.77	1.68861
0.44	0.78	1.68837
0.44	0.79	1.68841
0.44	0.8	1.68852
0.44	0.81	1.6894
0.44	0.82	1.68956
0.44	0.83	1.68875
0.44	0.84	1.68606
0.44	0.85	1.68532
0.44	0.86	1.68633
0.44	0.87	1.6871
0.44	0.88	1.68957
0.44	0.89	1.69167
0.44	0.9	1.69154
0.44	0.91	1.68982
0.44	0.92	1.68774
0.44	0.93	1.68929
0.44	0.94	1.70115
0.44	0.95	1.71939
0.44	0.96	1.74652
0.44	0.97	1.74685
0.44	0.98	1.74685
0.44	0.99	1.74685


0.45	0	3
0.45	0.01	3
0.45	0.02	3
0.45	0.03	3
0.45	0.04	3
0.45	0.05	3
0.45	0.06	3
0.45	0.07	3
0.45	0.08	3
0.45	0.09	3
0.45	0.1	3
0.45	0.11	3
0.45	0.12	3
0.45	0.13	3
0.45	0.14	3
0.45	0.15	3
0.45	0.16	3
0.45	0.17	3
0.45	0.18	3
0.45	0.19	3
0.45	0.2	3
0.45	0.21	3
0.45	0.22	3
0.45	0.23	3
0.45	0.24	3
0.45	0.25	3
0.45	0.26	3
0.45	0.27	3
0.45	0.28	3
0.45	0.29	3
0.45	0.3	3
0.45	0.31	3
0.45	0.32	3
0.45	0.33	3
0.45	0.34	3
0.45	0.35	3
0.45	0.36	3
0.45	0.37	3
0.45	0.38	3
0.45	0.39	3
0.45	0.4	3
0.45	0.41	3
0.45	0.42	3
0.45	0.43	3
0.45	0.44	3
0.45	0.45	3
0.45	0.46	3
0.45	0.47	3
0.45	0.48	3
0.45	0.49	3
0.45	0.5	3
0.45	0.51	3
0.45	0.52	3
0.45	0.53	3
0.45	0.54	3
0.45	0.55	2.99999
0.45	0.56	2.99996
0.45	0.57	2.99977
0.45	0.58	2.9987
0.45	0.59	2.99146
0.45	0.6	2.96006
0.45	0.61	2.80249
0.45	0.62	2.1151
0.45	0.63	1.69489
0.45	0.64	1.68383
0.45	0.65	1.68385
0.45	0.66	1.69223
0.45	0.67	1.69271
0.45	0.68	1.69234
0.45	0.69	1.69039
0.45	0.7	1.69122
0.45	0.71	1.69333
0.45	0.72	1.69342
0.45	0.73	1.69221
0.45	0.74	1.68885
0.45	0.75	1.68834
0.45	0.76	1.68888
0.45	0.77	1.68933
0.45	0.78	1.68971
0.45	0.79	1.69099
0.45	0.8	1.69112
0.45	0.81	1.691
0.45	0.82	1.6897
0.45	0.83	1.68979
0.45	0.84	1.69108
0.45	0.85	1.69097
0.45	0.86	1.69196
0.45	0.87	1.69161
0.45	0.88	1.69129
0.45	0.89	1.69005
0.45	0.9	1.68767
0.45	0.91	1.68651
0.45	0.92	1.68521
0.45	0.93	1.68784
0.45	0.94	1.69607
0.45	0.95	1.72895
0.45	0.96	1.73461
0.45	0.97	1.73676
0.45	0.98	1.73676
0.45	0.99	1.73676


0.46	0	3
0.46	0.01	3
0.46	0.02	3
0.46	0.03	3
0.46	0.04	3
0.46	0.05	3
0.46	0.06	3
0.46	0.07	3
0.46	0.08	3
0.46	0.09	3
0.46	0.1	3
0.46	0.11	3
0.46	0.12	3
0.46	0.13	3
0.46	0.14	3
0.46	0.15	3
0.46	0.16	3
0.46	0.17	3
0.46	0.18	3
0.46	0.19	3
0.46	0.2	3
0.46	0.21	3
0.46	0.22	3
0.46	0.23	3
0.46	0.24	3
0.46	0.25	3
0.46	0.26	3
0.46	0.27	3
0.46	0.28	3
0.46	0.29	3
0.46	0.3	3
0.46	0.31	3
0.46	0.32	3
0.46	0.33	3
0.46	0.34	3
0.46	0.35	3
0.46	0.36	3
0.46	0.37	3
0.46	0.38	3
0.46	0.39	3
0.46	0.4	3
0.46	0.41	3
0.46	0.42	3
0.46	0.43	3
0.46	0.44	3
0.46	0.45	3
0.46	0.46	3
0.46	0.47	3
0.46	0.48	3
0.46	0.49	3
0.46	0.5	3
0.46	0.51	3
0.46	0.52	3
0.46	0.53	3
0.46	0.54	3
0.46	0.55	3
0.46	0.56	2.99998
0.46	0.57	2.99986
0.46	0.58	2.99916
0.46	0.59	2.99534
0.46	0.6	2.9746
0.46	0.61	2.86145
0.46	0.62	2.4356
0.46	0.63	1.70394
0.46	0.64	1.68636
0.46	0.65	1.68698
0.46	0.66	1.6875
0.46	0.67	1.68906
0.46	0.68	1.69156
0.46	0.69	1.69029
0.46	0.7	1.68245
0.46	0.71	1.68226
0.46	0.72	1.68809
0.46	0.73	1.68906
0.46	0.74	1.68613
0.46	0.75	1.68331
0.46	0.76	1.68456
0.46	0.77	1.69272
0.46	0.78	1.69487
0.46	0.79	1.69351
0.46	0.8	1.68929
0.46	0.81	1.68889
0.46	0.82	1.69038
0.46	0.83	1.69273
0.46	0.84	1.69357
0.46	0.85	1.69316
0.46	0.86	1.69309
0.46	0.87	1.69185
0.46	0.88	1.69195
0.46	0.89	1.69082
0.46	0.9	1.68968
0.46	0.91	1.68924
0.46	0.92	1.68744
0.46	0.93	1.6903
0.46	0.94	1.70525
0.46	0.95	1.72254
0.46	0.96	1.7434
0.46	0.97	1.74498
0.46	0.98	1.74498
0.46	0.99	1.74498


0.47	0	3
0.47	0.01	3
0.47	0.02	3
0.47	0.03	3
0.47	0.04	3
0.47	0.05	3
0.47	0.06	3
0.47	0.07	3
0.47	0.08	3
0.47	0.09	3
0.47	0.1	3
0.47	0.11	3
0.47	0.12	3
0.47	0.13	3
0.47	0.14	3
0.47	0.15	3
0.47	0.16	3
0.47	0.17	3
0.47	0.18	3
0.47	0.19	3
0.47	0.2	3
0.47	0.21	3
0.47	0.22	3
0.47	0.23	3
0.47	0.24	3
0.47	0.25	3
0.47	0.26	3
0.47	0.27	3
0.47	0.28	3
0.47	0.29	3
0.47	0.3	3
0.47	0.31	3
0.47	0.32	3
0.47	0.33	3
0.47	0.34	3
0.47	0.35	3
0.47	0.36	3
0.47	0.37	3
0.47	0.38	3
0.47	0.39	3
0.47	0.4	3
0.47	0.41	3
0.47	0.42	3
0.47	0.43	3
0.47	0.44	3
0.47	0.45	3
0.47	0.46	3
0.47	0.47	3
0.47	0.48	3
0.47	0.49	3
0.47	0.5	3
0.47	0.51	3
0.47	0.52	3
0.47	0.53	3
0.47	0.54	3
0.47	0.55	3
0.47	0.56	2.99999
0.47	0.57	2.99992
0.47	0.58	2.9995
0.47	0.59	2.99735
0.47	0.6	2.98364
0.47	0.61	2.912
0.47	0.62	2.64067
0.47	0.63	1.81675
0.47	0.64	1.689
0.47	0.65	1.68694
0.47	0.66	1.68755
0.47	0.67	1.68955
0.47	0.68	1.69083
0.47	0.69	1.69357
0.47	0.7	1.69233
0.47	0.71	1.69175
0.47	0.72	1.69015
0.47	0.73	1.68657
0.47	0.74	1.68756
0.47	0.75	1.68807
0.47	0.76	1.68733
0.47	0.77	1.68716
0.47	0.78	1.68907
0.47	0.79	1.68894
0.47	0.8	1.68869
0.47	0.81	1.68184
0.47	0.82	1.68275
0.47	0.83	1.68891
0.47	0.84	1.69034
0.47	0.85	1.68995
0.47	0.86	1.68868
0.47	0.87	1.68986
0.47	0.88	1.69448
0.47	0.89	1.69467
0.47	0.9	1.6926
0.47	0.91	1.6874
0.47	0.92	1.68669
0.47	0.93	1.69204
0.47	0.94	1.70404
0.47	0.95	1.73821
0.47	0.96	1.74485
0.47	0.97	1.74199
0.47	0.98	1.74199
0.47	0.99	1.74199


0.48	0	3
0.48	0.01	3
0.48	0.02	3
0.48	0.03	3
0.48	0.04	3
0.48	0.05	3
0.48	0.06	3
0.48	0.07	3
0.48	0.08	3
0.48	0.09	3
0.48	0.1	3
0.48	0.11	3
0.48	0.12	3
0.48	0.13	3
0.48	0.14	3
0.48	0.15	3
0.48	0.16	3
0.48	0.17	3
0.48	0.18	3
0.48	0.19	3
0.48	0.2	3
0.48	0.21	3
0.48	0.22	3
0.48	0.23	3
0.48	0.24	3
0.48	0.25	3
0.48	0.26	3
0.48	0.27	3
0.48	0.28	3
0.48	0.29	3
0.48	0.3	3
0.48	0.31	3
0.48	0.32	3
0.48	0.33	3
0.48	0.34	3
0.48	0.35	3
0.48	0.36	3
0.48	0.37	3
0.48	0.38	3
0.48	0.39	3
0.48	0.4	3
0.48	0.41	3
0.48	0.42	3
0.48	0.43	3
0.48	0.44	3
0.48	0.45	3
0.48	0.46	3
0.48	0.47	3
0.48	0.48	3
0.48	0.49	3
0.48	0.5	3
0.48	0.51	3
0.48	0.52	3
0.48	0.53	3
0.48	0.54	3
0.48	0.55	3
0.48	0.56	2.99999
0.48	0.57	2.99995
0.48	0.58	2.99971
0.48	0.59	2.99839
0.48	0.6	2.98987
0.48	0.61	2.94872
0.48	0.62	2.7608
0.48	0.63	2.01907
0.48	0.64	1.69373
0.48	0.65	1.68712
0.48	0.66	1.68775
0.48	0.67	1.68906
0.48	0.68	1.69051
0.48	0.69	1.69495
0.48	0.7	1.69425
0.48	0.71	1.69321
0.48	0.72	1.69132
0.48	0.73	1.68808
0.48	0.74	1.68818
0.48	0.75	1.68869
0.48	0.76	1.69048
0.48	0.77	1.69057
0.48	0.78	1.69001
0.48	0.79	1.68981
0.48	0.8	1.68985
0.48	0.81	1.69002
0.48	0.82	1.69062
0.48	0.83	1.68992
0.48	0.84	1.6903
0.48	0.85	1.69076
0.48	0.86	1.69193
0.48	0.87	1.68939
0.48	0.88	1.68934
0.48	0.89	1.68855
0.48	0.9	1.68867
0.48	0.91	1.68385
0.48	0.92	1.68201
0.48	0.93	1.68755
0.48	0.94	1.7024
0.48	0.95	1.73795
0.48	0.96	1.73804
0.48	0.97	1.74024
0.48	0.98	1.74024
0.48	0.99	1.74024


0.49	0	3
0.49	0.01	3
0.49	0.02	3
0.49	0.03	3
0.49	0.04	3
0.49	0.05	3
0.49	0.06	3
0.49	0.07	3
0.49	0.08	3
0.49	0.09	3
0.49	0.1	3
0.49	0.11	3
0.49	0.12	3
0.49	0.13	3
0.49	0.14	3
0.49	0.15	3
0.49	0.16	3
0.49	0.17	3
0.49	0.18	3
0.49	0.19	3
0.49	0.2	3
0.49	0.21	3
0.49	0.22	3
0.49	0.23	3
0.49	0.24	3
0.49	0.25	3
0.49	0.26	3
0.49	0.27	3
0.49	0.28	3
0.49	0.29	3
0.49	0.3	3
0.49	0.31	3
0.49	0.32	3
0.49	0.33	3
0.49	0.34	3
0.49	0.35	3
0.49	0.36	3
0.49	0.37	3
0.49	0.38	3
0.49	0.39	3
0.49	0.4	3
0.49	0.41	3
0.49	0.42	3
0.49	0.43	3
0.49	0.44	3
0.49	0.45	3
0.49	0.46	3
0.49	0.47	3
0.49	0.48	3
0.49	0.49	3
0.49	0.5	3
0.49	0.51	3
0.49	0.52	3
0.49	0.53	3
0.49	0.54	3
0.49	0.55	3
0.49	0.56	2.99999
0.49	0.57	2.99997
0.49	0.58	2.99983
0.49	0.59	2.99903
0.49	0.6	2.99382
0.49	0.61	2.97115
0.49	0.62	2.839
0.49	0.63	2.31963
0.49	0.64	1.69023
0.49	0.65	1.6887
0.49	0.66	1.68432
0.49	0.67	1.68354
0.49	0.68	1.68416
0.49	0.69	1.68476
0.49	0.7	1.68525
0.49	0.71	1.69113
0.49	0.72	1.69176
0.49	0.73	1.69062
0.49	0.74	1.68928
0.49	0.75	1.68931
0.49	0.76	1.68934
0.49	0.77	1.68978
0.49	0.78	1.69048
0.49	0.79	1.69144
0.49	0.8	1.69179
0.49	0.81	1.69171
0.49	0.82	1.69124
0.49	0.83	1.69121
0.49	0.84	1.69177
0.49	0.85	1.6921
0.49	0.86	1.69309
0.49	0.87	1.69283
0.49	0.88	1.69271
0.49	0.89	1.68968
0.49	0.9	1.68847
0.49	0.91	1.68785
0.49	0.92	1.68813
0.49	0.93	1.69328
0.49	0.94	1.70928
0.49	0.95	1.73809
0.49	0.96	1.73872
0.49	0.97	1.73965
0.49	0.98	1.73965
0.49	0.99	1.73965


0.5	0	3
0.5	0.01	3
0.5	0.02	3
0.5	0.03	3
0.5	0.04	3
0.5	0.05	3
0.5	0.06	3
0.5	0.07	3
0.5	0.08	3
0.5	0.09	3
0.5	0.1	3
0.5	0.11	3
0.5	0.12	3
0.5	0.13	3
0.5	0.14	3
0.5	0.15	3
0.5	0.16	3
0.5	0.17	3
0.5	0.18	3
0.5	0.19	3
0.5	0.2	3
0.5	0.21	3
0.5	0.22	3
0.5	0.23	3
0.5	0.24	3
0.5	0.25	3
0.5	0.26	3
0.5	0.27	3
0.5	0.28	3
0.5	0.29	3
0.5	0.3	3
0.5	0.31	3
0.5	0.32	3
0.5	0.33	3
0.5	0.34	3
0.5	0.35	3
0.5	0.36	3
0.5	0.37	3
0.5	0.38	3
0.5	0.39	3
0.5	0.4	3
0.5	0.41	3
0.5	0.42	3
0.5	0.43	3
0.5	0.44	3
0.5	0.45	3
0.5	0.46	3
0.5	0.47	3
0.5	0.48	3
0.5	0.49	3
0.5	0.5	3
0.5	0.51	3
0.5	0.52	3
0.5	0.53	3
0.5	0.54	3
0.5	0.55	3
0.5	0.56	3
0.5	0.57	2.99998
0.5	0.58	2.9999
0.5	0.59	2.99938
0.5	0.6	2.99675
0.5	0.61	2.98041
0.5	0.62	2.89332
0.5	0.63	2.57536
0.5	0.64	1.75306
0.5	0.65	1.68594
0.5	0.66	1.68696
0.5	0.67	1.68955
0.5	0.68	1.69153
0.5	0.69	1.69445
0.5	0.7	1.69218
0.5	0.71	1.69036
0.5	0.72	1.68669
0.5	0.73	1.68627
0.5	0.74	1.68726
0.5	0.75	1.68908
0.5	0.76	1.68886
0.5	0.77	1.68478
0.5	0.78	1.68362
0.5	0.79	1.68403
0.5	0.8	1.68438
0.5	0.81	1.68474
0.5	0.82	1.6907
0.5	0.83	1.69265
0.5	0.84	1.69303
0.5	0.85	1.69316
0.5	0.86	1.69313
0.5	0.87	1.69243
0.5	0.88	1.69236
0.5	0.89	1.69024
0.5	0.9	1.68997
0.5	0.91	1.6892
0.5	0.92	1.69009
0.5	0.93	1.6938
0.5	0.94	1.71815
0.5	0.95	1.73782
0.5	0.96	1.73798
0.5	0.97	1.74334
0.5	0.98	1.74334
0.5	0.99	1.74334


